Dataset,Algorithm,Iterations,Solutions per Iteration,Local Search Type,Time(s),AvgValue,BestAvgValue,HV,Spread,NumSolutions,Spacing,NumGenerations
1,GRASP,200,60,best_first_neighbor,9.761932849884033,0.031079145625532108,0.04815229563269878,0.23034055727554176,0.6799904221509171,54,0.3014504657183899,200
1,GRASP,200,60,best_first_neighbor,9.858528852462769,0.030975463725480684,0.04815229563269878,0.23034055727554176,0.6800272707802676,58,0.2992029572904129,200
1,GRASP,200,60,best_first_neighbor,9.845871448516846,0.031033142296914732,0.04815229563269878,0.23034055727554176,0.6745704603154077,59,0.29874252713737265,200
1,GRASP,200,60,best_first_neighbor,9.817912340164185,0.031033142296914732,0.04815229563269878,0.23034055727554176,0.6745704603154077,59,0.29874252713737265,200
1,GRASP,200,60,best_first_neighbor,9.841269493103027,0.031027020970178457,0.04815229563269878,0.23034055727554176,0.6788690488560097,60,0.29504856736387425,200
1,GRASP,200,60,best_first_neighbor,9.821866512298584,0.031027020970178457,0.04815229563269878,0.23034055727554176,0.6788690488560097,60,0.29504856736387425,200
1,GRASP,200,60,best_first_neighbor,9.742138147354126,0.031027020970178457,0.04815229563269878,0.23034055727554176,0.6788690488560097,60,0.29504856736387425,200
1,GRASP,200,60,best_first_neighbor,9.148796558380127,0.031027020970178457,0.04815229563269878,0.23034055727554176,0.6788690488560097,60,0.29504856736387425,200
1,GRASP,200,60,best_first_neighbor,9.053703784942627,0.031027020970178457,0.04815229563269878,0.23034055727554176,0.6788690488560097,60,0.29504856736387425,200
1,GRASP,200,60,best_first_neighbor,8.894817590713501,0.031027020970178457,0.04815229563269878,0.23034055727554176,0.6788690488560097,60,0.29504856736387425,200
2,GRASP,200,80,best_first_neighbor,53.373916149139404,0.0032490246334688005,0.006868615709756957,0.09327784954227912,0.5891556588075516,377,0.334629215131425,200
2,GRASP,200,80,best_first_neighbor,53.693920373916626,0.0032539745831249058,0.006868615709756957,0.09327784954227912,0.5968570879938777,446,0.33727772002277656,200
2,GRASP,200,80,best_first_neighbor,54.006842851638794,0.003236860408749867,0.006868615709756957,0.09327784954227912,0.6016446754984707,483,0.33452362623725557,200
2,GRASP,200,80,best_first_neighbor,54.217963218688965,0.0032457543942865205,0.006868615709756957,0.09327784954227912,0.6137208358874114,501,0.3363218011252251,200
2,GRASP,200,80,best_first_neighbor,52.97576308250427,0.003269507210433127,0.006868615709756957,0.09327784954227912,0.605094176529351,526,0.3408300185382847,200
2,GRASP,200,80,best_first_neighbor,51.01196622848511,0.0032563477419545227,0.006868615709756957,0.09327784954227912,0.5971546536377388,543,0.3373316264059849,200
2,GRASP,200,80,best_first_neighbor,49.2535183429718,0.0032534701366514172,0.006868615709756957,0.09327784954227912,0.5995004510917371,566,0.33630151952501525,200
2,GRASP,200,80,best_first_neighbor,48.6626033782959,0.003249272929793993,0.006868615709756957,0.09327784954227912,0.6109558944450894,585,0.33546068017913244,200
2,GRASP,200,80,best_first_neighbor,49.54450607299805,0.003267552586290143,0.006868615709756957,0.09327784954227912,0.6159892791465962,608,0.3406445443298167,200
2,GRASP,200,80,best_first_neighbor,49.56329917907715,0.0032676473874099785,0.006868615709756957,0.09327784954227912,0.6119854227744553,620,0.3407632951972018,200
1,GRASP,200,100,best_first_neighbor,17.632401943206787,0.030975463725480684,0.04815229563269878,0.23034055727554176,0.6800272707802676,58,0.2992029572904129,200
1,GRASP,200,100,best_first_neighbor,17.670167684555054,0.031033142296914732,0.04815229563269878,0.23034055727554176,0.6745704603154077,59,0.29874252713737265,200
1,GRASP,200,100,best_first_neighbor,17.662530183792114,0.031027020970178457,0.04815229563269878,0.23034055727554176,0.6788690488560097,60,0.29504856736387425,200
1,GRASP,200,100,best_first_neighbor,17.64195442199707,0.031027020970178457,0.04815229563269878,0.23034055727554176,0.6788690488560097,60,0.29504856736387425,200
1,GRASP,200,100,best_first_neighbor,17.717687845230103,0.031027020970178457,0.04815229563269878,0.23034055727554176,0.6788690488560097,60,0.29504856736387425,200
1,GRASP,200,100,best_first_neighbor,17.657256841659546,0.031027020970178457,0.04815229563269878,0.23034055727554176,0.6788690488560097,60,0.29504856736387425,200
1,GRASP,200,100,best_first_neighbor,17.67133593559265,0.031027020970178457,0.04815229563269878,0.23034055727554176,0.6788690488560097,60,0.29504856736387425,200
1,GRASP,200,100,best_first_neighbor,17.696114778518677,0.031027020970178457,0.04815229563269878,0.23034055727554176,0.6788690488560097,60,0.29504856736387425,200
1,GRASP,200,100,best_first_neighbor,17.630695581436157,0.031027020970178457,0.04815229563269878,0.23034055727554176,0.6788690488560097,60,0.29504856736387425,200
1,GRASP,200,100,best_first_neighbor,17.67411708831787,0.031027020970178457,0.04815229563269878,0.23034055727554176,0.6788690488560097,60,0.29504856736387425,200
1,GRASP,200,40,best_first_neighbor,6.692492961883545,0.031183518090892735,0.04815229563269878,0.23034055727554176,0.6881920886098777,52,0.2995208947979078,200
1,GRASP,200,40,best_first_neighbor,6.653685808181763,0.031215476730811258,0.04815229563269878,0.23034055727554176,0.6846402778856894,56,0.30299856457690905,200
1,GRASP,200,40,best_first_neighbor,6.693248271942139,0.030975463725480684,0.04815229563269878,0.23034055727554176,0.6800272707802676,58,0.2992029572904129,200
1,GRASP,200,40,best_first_neighbor,6.680328130722046,0.031033142296914732,0.04815229563269878,0.23034055727554176,0.6745704603154077,59,0.29874252713737265,200
1,GRASP,200,40,best_first_neighbor,6.6998820304870605,0.031033142296914732,0.04815229563269878,0.23034055727554176,0.6745704603154077,59,0.29874252713737265,200
1,GRASP,200,40,best_first_neighbor,6.704286336898804,0.031033142296914732,0.04815229563269878,0.23034055727554176,0.6745704603154077,59,0.29874252713737265,200
1,GRASP,200,40,best_first_neighbor,6.686757802963257,0.031033142296914732,0.04815229563269878,0.23034055727554176,0.6745704603154077,59,0.29874252713737265,200
1,GRASP,200,40,best_first_neighbor,6.693606376647949,0.031027020970178457,0.04815229563269878,0.23034055727554176,0.6788690488560097,60,0.29504856736387425,200
1,GRASP,200,40,best_first_neighbor,6.698333501815796,0.031027020970178457,0.04815229563269878,0.23034055727554176,0.6788690488560097,60,0.29504856736387425,200
1,GRASP,200,40,best_first_neighbor,6.6103196144104,0.031027020970178457,0.04815229563269878,0.23034055727554176,0.6788690488560097,60,0.29504856736387425,200
1,GRASP,100,40,best_first_neighbor,3.353893280029297,0.03156737958137815,0.04815229563269878,0.23034055727554176,0.6612418081942552,46,0.3097702410090838,100
1,GRASP,100,40,best_first_neighbor,3.360372543334961,0.031183518090892735,0.04815229563269878,0.23034055727554176,0.6881920886098777,52,0.2995208947979078,100
1,GRASP,100,40,best_first_neighbor,3.2416884899139404,0.031079145625532108,0.04815229563269878,0.23034055727554176,0.6799904221509171,54,0.3014504657183899,100
1,GRASP,100,40,best_first_neighbor,3.3241164684295654,0.031215476730811258,0.04815229563269878,0.23034055727554176,0.6846402778856894,56,0.30299856457690905,100
1,GRASP,100,40,best_first_neighbor,3.3502073287963867,0.030975463725480684,0.04815229563269878,0.23034055727554176,0.6800272707802676,58,0.2992029572904129,100
1,GRASP,100,40,best_first_neighbor,3.341317892074585,0.030975463725480684,0.04815229563269878,0.23034055727554176,0.6800272707802676,58,0.2992029572904129,100
1,GRASP,100,40,best_first_neighbor,3.3549892902374268,0.031033142296914732,0.04815229563269878,0.23034055727554176,0.6745704603154077,59,0.29874252713737265,100
1,GRASP,100,40,best_first_neighbor,3.3612728118896484,0.031033142296914732,0.04815229563269878,0.23034055727554176,0.6745704603154077,59,0.29874252713737265,100
1,GRASP,100,40,best_first_neighbor,3.369037628173828,0.031033142296914732,0.04815229563269878,0.23034055727554176,0.6745704603154077,59,0.29874252713737265,100
1,GRASP,100,40,best_first_neighbor,3.366182327270508,0.031033142296914732,0.04815229563269878,0.23034055727554176,0.6745704603154077,59,0.29874252713737265,100
1,GRASP,20,60,best_first_neighbor,1.0392436981201172,0.03167872615868834,0.04815229563269878,0.23034055727554176,0.6375833070942721,39,0.32743937826476904,20
1,GRASP,20,60,best_first_neighbor,1.0287487506866455,0.031748548033246664,0.04815229563269878,0.23034055727554176,0.6807176452729071,43,0.3130273127365759,20
1,GRASP,20,60,best_first_neighbor,1.036698818206787,0.03178576646361586,0.04815229563269878,0.23034055727554176,0.6723403414112786,45,0.30932003099001515,20
1,GRASP,20,60,best_first_neighbor,1.0401628017425537,0.0312757841218905,0.04815229563269878,0.23034055727554176,0.6378753170473567,48,0.30530492298934325,20
1,GRASP,20,60,best_first_neighbor,1.0202655792236328,0.03133623395450604,0.04815229563269878,0.23034055727554176,0.6814821917287432,50,0.3081035778922821,20
1,GRASP,20,60,best_first_neighbor,1.0462172031402588,0.031183518090892735,0.04815229563269878,0.23034055727554176,0.6881920886098777,52,0.2995208947979078,20
1,GRASP,20,60,best_first_neighbor,1.031590223312378,0.031002631797722523,0.04815229563269878,0.23034055727554176,0.6851182117112256,53,0.2989256926872736,20
1,GRASP,20,60,best_first_neighbor,1.0462560653686523,0.031002631797722523,0.04815229563269878,0.23034055727554176,0.6851182117112256,53,0.2989256926872736,20
1,GRASP,20,60,best_first_neighbor,1.0328426361083984,0.031002631797722523,0.04815229563269878,0.23034055727554176,0.6851182117112256,53,0.2989256926872736,20
1,GRASP,20,60,best_first_neighbor,1.0312538146972656,0.031079145625532108,0.04815229563269878,0.23034055727554176,0.6799904221509171,54,0.3014504657183899,20
2,GRASP,100,100,best_first_neighbor,33.57138633728027,0.003316124831410221,0.006868615709756957,0.09327784954227912,0.5691980022296367,355,0.355274188997344,100
2,GRASP,100,100,best_first_neighbor,34.54476356506348,0.0032536554427652496,0.006868615709756957,0.09327784954227912,0.5890515251444104,407,0.33397310268484603,100
2,GRASP,100,100,best_first_neighbor,34.26807737350464,0.0032558308487565316,0.006868615709756957,0.09327784954227912,0.5940881280518642,437,0.3376078460912291,100
2,GRASP,100,100,best_first_neighbor,34.277050733566284,0.00325220574817223,0.006868615709756957,0.09327784954227912,0.60216624988226,477,0.3387609166471263,100
2,GRASP,100,100,best_first_neighbor,34.22510099411011,0.003229673759067583,0.006868615709756957,0.09327784954227912,0.6008773876776918,487,0.3322459025406048,100
2,GRASP,100,100,best_first_neighbor,33.66554021835327,0.003257850211312255,0.006868615709756957,0.09327784954227912,0.6136553587640133,496,0.339587642530627,100
2,GRASP,100,100,best_first_neighbor,32.51831817626953,0.003257633456036849,0.006868615709756957,0.09327784954227912,0.611238745204948,510,0.3397098338379444,100
2,GRASP,100,100,best_first_neighbor,33.730793952941895,0.003269507210433127,0.006868615709756957,0.09327784954227912,0.605094176529351,526,0.3408300185382847,100
2,GRASP,100,100,best_first_neighbor,31.990891456604004,0.0032616108007404825,0.006868615709756957,0.09327784954227912,0.5950573297881391,536,0.33873161681999725,100
2,GRASP,100,100,best_first_neighbor,32.75315880775452,0.0032523927659152906,0.006868615709756957,0.09327784954227912,0.6009872479472748,548,0.3367436096339784,100
2,GRASP,20,60,best_first_neighbor,3.8928415775299072,0.0031751572697338686,0.006868615709756957,0.09327784954227912,0.5517001745381009,193,0.3260306568473213,20
2,GRASP,20,60,best_first_neighbor,3.957893133163452,0.0032171064353041018,0.006868615709756957,0.09327784954227912,0.5906234349886198,229,0.3315460152688393,20
2,GRASP,20,60,best_first_neighbor,3.98167085647583,0.0032119923537062955,0.006868615709756957,0.09327784954227912,0.602883888554212,258,0.3295453898807194,20
2,GRASP,20,60,best_first_neighbor,4.067289352416992,0.0032623810562683983,0.006868615709756957,0.09327784954227912,0.5748274990416615,297,0.33992685601963807,20
2,GRASP,20,60,best_first_neighbor,4.0693981647491455,0.0032910378057130585,0.006868615709756957,0.09327784954227912,0.5641466428328397,314,0.3467351874737426,20
2,GRASP,20,60,best_first_neighbor,4.033192873001099,0.0032588491585531553,0.006868615709756957,0.09327784954227912,0.5660337631580882,327,0.3390649958861154,20
2,GRASP,20,60,best_first_neighbor,4.138573169708252,0.0032729897788144557,0.006868615709756957,0.09327784954227912,0.5633473117381987,337,0.3437845388501456,20
2,GRASP,20,60,best_first_neighbor,4.139561891555786,0.003311306732103189,0.006868615709756957,0.09327784954227912,0.5621452580383832,352,0.35338262346636923,20
2,GRASP,20,60,best_first_neighbor,4.112866640090942,0.0032979272098922472,0.006868615709756957,0.09327784954227912,0.579065105525838,357,0.3507892967489589,20
2,GRASP,20,60,best_first_neighbor,4.116790771484375,0.003283810292778046,0.006868615709756957,0.09327784954227912,0.5739630032423485,361,0.3454480640348446,20
2,GRASP,300,80,best_first_neighbor,82.87740969657898,0.0032689282920374536,0.006868615709756957,0.09327784954227912,0.5979386038314157,420,0.3411156889105701,300
2,GRASP,300,80,best_first_neighbor,82.4648106098175,0.003236860408749867,0.006868615709756957,0.09327784954227912,0.6016446754984707,483,0.33452362623725557,300
2,GRASP,300,80,best_first_neighbor,83.92143630981445,0.0032615004497437857,0.006868615709756957,0.09327784954227912,0.611634254459467,514,0.3401179865674361,300
2,GRASP,300,80,best_first_neighbor,82.51047396659851,0.0032563477419545227,0.006868615709756957,0.09327784954227912,0.5971546536377388,543,0.3373316264059849,300
2,GRASP,300,80,best_first_neighbor,81.40781497955322,0.0032583365149366976,0.006868615709756957,0.09327784954227912,0.6065354594019418,577,0.3378400400247507,300
2,GRASP,300,80,best_first_neighbor,77.88052916526794,0.003267552586290143,0.006868615709756957,0.09327784954227912,0.6159892791465962,608,0.3406445443298167,300
2,GRASP,300,80,best_first_neighbor,78.01736259460449,0.0032618720773773904,0.006868615709756957,0.09327784954227912,0.6086252504512523,621,0.33892589553816,300
2,GRASP,300,80,best_first_neighbor,78.18912100791931,0.003277654763345187,0.006868615709756957,0.09327784954227912,0.6083792090722497,614,0.3423769095809455,300
2,GRASP,300,80,best_first_neighbor,78.08537197113037,0.003275884599970516,0.006868615709756957,0.09327784954227912,0.6087946865817819,637,0.3408515168272887,300
2,GRASP,300,80,best_first_neighbor,77.92172718048096,0.0032730332195620793,0.006868615709756957,0.09327784954227912,0.610316749542784,634,0.3409734123090995,300
1,GRASP,200,20,best_first_neighbor,3.3871586322784424,0.03156737958137815,0.04815229563269878,0.23034055727554176,0.6612418081942552,46,0.3097702410090838,200
1,GRASP,200,20,best_first_neighbor,3.3899171352386475,0.031183518090892735,0.04815229563269878,0.23034055727554176,0.6881920886098777,52,0.2995208947979078,200
1,GRASP,200,20,best_first_neighbor,3.3465499877929688,0.031079145625532108,0.04815229563269878,0.23034055727554176,0.6799904221509171,54,0.3014504657183899,200
1,GRASP,200,20,best_first_neighbor,3.3681440353393555,0.031215476730811258,0.04815229563269878,0.23034055727554176,0.6846402778856894,56,0.30299856457690905,200
1,GRASP,200,20,best_first_neighbor,3.374107599258423,0.030975463725480684,0.04815229563269878,0.23034055727554176,0.6800272707802676,58,0.2992029572904129,200
1,GRASP,200,20,best_first_neighbor,3.3973958492279053,0.030975463725480684,0.04815229563269878,0.23034055727554176,0.6800272707802676,58,0.2992029572904129,200
1,GRASP,200,20,best_first_neighbor,3.3751325607299805,0.031033142296914732,0.04815229563269878,0.23034055727554176,0.6745704603154077,59,0.29874252713737265,200
1,GRASP,200,20,best_first_neighbor,3.3794326782226562,0.031033142296914732,0.04815229563269878,0.23034055727554176,0.6745704603154077,59,0.29874252713737265,200
1,GRASP,200,20,best_first_neighbor,3.397948980331421,0.031033142296914732,0.04815229563269878,0.23034055727554176,0.6745704603154077,59,0.29874252713737265,200
1,GRASP,200,20,best_first_neighbor,3.381073474884033,0.031033142296914732,0.04815229563269878,0.23034055727554176,0.6745704603154077,59,0.29874252713737265,200
1,GRASP,50,60,best_first_neighbor,2.4881441593170166,0.03187639967241776,0.04815229563269878,0.23034055727554176,0.6772248527986278,44,0.31441927869256686,50
1,GRASP,50,60,best_first_neighbor,2.4895708560943604,0.03133623395450604,0.04815229563269878,0.23034055727554176,0.6814821917287432,50,0.3081035778922821,50
1,GRASP,50,60,best_first_neighbor,2.4932618141174316,0.031002631797722523,0.04815229563269878,0.23034055727554176,0.6851182117112256,53,0.2989256926872736,50
1,GRASP,50,60,best_first_neighbor,2.4900870323181152,0.031079145625532108,0.04815229563269878,0.23034055727554176,0.6799904221509171,54,0.3014504657183899,50
1,GRASP,50,60,best_first_neighbor,2.480034589767456,0.03112895368735436,0.04815229563269878,0.23034055727554176,0.6835260908321197,55,0.3009594469237776,50
1,GRASP,50,60,best_first_neighbor,2.491487741470337,0.031215476730811258,0.04815229563269878,0.23034055727554176,0.6846402778856894,56,0.30299856457690905,50
1,GRASP,50,60,best_first_neighbor,2.458287239074707,0.030975463725480684,0.04815229563269878,0.23034055727554176,0.6800272707802676,58,0.2992029572904129,50
1,GRASP,50,60,best_first_neighbor,2.5310492515563965,0.030975463725480684,0.04815229563269878,0.23034055727554176,0.6800272707802676,58,0.2992029572904129,50
1,GRASP,50,60,best_first_neighbor,2.489180326461792,0.031033142296914732,0.04815229563269878,0.23034055727554176,0.6745704603154077,59,0.29874252713737265,50
1,GRASP,50,60,best_first_neighbor,2.4739606380462646,0.031033142296914732,0.04815229563269878,0.23034055727554176,0.6745704603154077,59,0.29874252713737265,50
2,GRASP,100,20,best_first_neighbor,6.588634490966797,0.003240092583039448,0.006868615709756957,0.09327784954227912,0.5706832736956239,224,0.33378973406055906,100
2,GRASP,100,20,best_first_neighbor,6.721369743347168,0.0032132742366402785,0.006868615709756957,0.09327784954227912,0.5867656527748278,275,0.32756020613078213,100
2,GRASP,100,20,best_first_neighbor,6.825149059295654,0.0032910378057130585,0.006868615709756957,0.09327784954227912,0.5641466428328397,314,0.3467351874737426,100
2,GRASP,100,20,best_first_neighbor,6.823573350906372,0.003273621627155195,0.006868615709756957,0.09327784954227912,0.5641422757837266,333,0.3438239602412405,100
2,GRASP,100,20,best_first_neighbor,6.974126815795898,0.003316124831410221,0.006868615709756957,0.09327784954227912,0.5691980022296367,355,0.355274188997344,100
2,GRASP,100,20,best_first_neighbor,6.897668838500977,0.003283810292778046,0.006868615709756957,0.09327784954227912,0.5739630032423485,361,0.3454480640348446,100
2,GRASP,100,20,best_first_neighbor,6.980661869049072,0.0032574876144955103,0.006868615709756957,0.09327784954227912,0.5736234151793808,377,0.3383637746067667,100
2,GRASP,100,20,best_first_neighbor,6.964458703994751,0.0032490246334688005,0.006868615709756957,0.09327784954227912,0.5891556588075516,377,0.334629215131425,100
2,GRASP,100,20,best_first_neighbor,6.997278690338135,0.003255247765949345,0.006868615709756957,0.09327784954227912,0.5949519116661623,394,0.3357936755511259,100
2,GRASP,100,20,best_first_neighbor,6.915337324142456,0.0032536554427652496,0.006868615709756957,0.09327784954227912,0.5890515251444104,407,0.33397310268484603,100
2,GRASP,100,40,best_first_neighbor,13.198763132095337,0.0032132742366402785,0.006868615709756957,0.09327784954227912,0.5867656527748278,275,0.32756020613078213,100
2,GRASP,100,40,best_first_neighbor,13.549716234207153,0.003273621627155195,0.006868615709756957,0.09327784954227912,0.5641422757837266,333,0.3438239602412405,100
2,GRASP,100,40,best_first_neighbor,13.741790056228638,0.003283810292778046,0.006868615709756957,0.09327784954227912,0.5739630032423485,361,0.3454480640348446,100
2,GRASP,100,40,best_first_neighbor,13.833450317382812,0.0032490246334688005,0.006868615709756957,0.09327784954227912,0.5891556588075516,377,0.334629215131425,100
2,GRASP,100,40,best_first_neighbor,13.760272979736328,0.0032536554427652496,0.006868615709756957,0.09327784954227912,0.5890515251444104,407,0.33397310268484603,100
2,GRASP,100,40,best_first_neighbor,13.779397249221802,0.0032689282920374536,0.006868615709756957,0.09327784954227912,0.5979386038314157,420,0.3411156889105701,100
2,GRASP,100,40,best_first_neighbor,13.612553834915161,0.0032668289073244944,0.006868615709756957,0.09327784954227912,0.595816759957692,431,0.34137977196018887,100
2,GRASP,100,40,best_first_neighbor,13.57354474067688,0.0032539745831249058,0.006868615709756957,0.09327784954227912,0.5968570879938777,446,0.33727772002277656,100
2,GRASP,100,40,best_first_neighbor,13.651710271835327,0.003248492423104992,0.006868615709756957,0.09327784954227912,0.5974597923602473,472,0.3372981394713129,100
2,GRASP,100,40,best_first_neighbor,13.756596565246582,0.00325220574817223,0.006868615709756957,0.09327784954227912,0.60216624988226,477,0.3387609166471263,100
2,GRASP,200,20,best_first_neighbor,12.667449951171875,0.0032132742366402785,0.006868615709756957,0.09327784954227912,0.5867656527748278,275,0.32756020613078213,200
2,GRASP,200,20,best_first_neighbor,13.053339958190918,0.003273621627155195,0.006868615709756957,0.09327784954227912,0.5641422757837266,333,0.3438239602412405,200
2,GRASP,200,20,best_first_neighbor,13.248008251190186,0.003283810292778046,0.006868615709756957,0.09327784954227912,0.5739630032423485,361,0.3454480640348446,200
2,GRASP,200,20,best_first_neighbor,13.358683586120605,0.0032490246334688005,0.006868615709756957,0.09327784954227912,0.5891556588075516,377,0.334629215131425,200
2,GRASP,200,20,best_first_neighbor,13.277788877487183,0.0032536554427652496,0.006868615709756957,0.09327784954227912,0.5890515251444104,407,0.33397310268484603,200
2,GRASP,200,20,best_first_neighbor,12.988386631011963,0.0032689282920374536,0.006868615709756957,0.09327784954227912,0.5979386038314157,420,0.3411156889105701,200
2,GRASP,200,20,best_first_neighbor,12.145321369171143,0.0032668289073244944,0.006868615709756957,0.09327784954227912,0.595816759957692,431,0.34137977196018887,200
2,GRASP,200,20,best_first_neighbor,12.123230934143066,0.0032539745831249058,0.006868615709756957,0.09327784954227912,0.5968570879938777,446,0.33727772002277656,200
2,GRASP,200,20,best_first_neighbor,12.225472450256348,0.003248492423104992,0.006868615709756957,0.09327784954227912,0.5974597923602473,472,0.3372981394713129,200
2,GRASP,200,20,best_first_neighbor,12.46095085144043,0.00325220574817223,0.006868615709756957,0.09327784954227912,0.60216624988226,477,0.3387609166471263,200
2,GRASP,200,60,best_first_neighbor,40.14389777183533,0.003283810292778046,0.006868615709756957,0.09327784954227912,0.5739630032423485,361,0.3454480640348446,200
2,GRASP,200,60,best_first_neighbor,39.939677238464355,0.0032689282920374536,0.006868615709756957,0.09327784954227912,0.5979386038314157,420,0.3411156889105701,200
2,GRASP,200,60,best_first_neighbor,38.40620017051697,0.003248492423104992,0.006868615709756957,0.09327784954227912,0.5974597923602473,472,0.3372981394713129,200
2,GRASP,200,60,best_first_neighbor,36.82939124107361,0.003236860408749867,0.006868615709756957,0.09327784954227912,0.6016446754984707,483,0.33452362623725557,200
2,GRASP,200,60,best_first_neighbor,36.82314419746399,0.003257850211312255,0.006868615709756957,0.09327784954227912,0.6136553587640133,496,0.339587642530627,200
2,GRASP,200,60,best_first_neighbor,36.71116042137146,0.0032615004497437857,0.006868615709756957,0.09327784954227912,0.611634254459467,514,0.3401179865674361,200
2,GRASP,200,60,best_first_neighbor,36.58411192893982,0.003279750196026675,0.006868615709756957,0.09327784954227912,0.6003746171466798,525,0.34385500647194356,200
2,GRASP,200,60,best_first_neighbor,36.58853816986084,0.0032563477419545227,0.006868615709756957,0.09327784954227912,0.5971546536377388,543,0.3373316264059849,200
2,GRASP,200,60,best_first_neighbor,36.581305503845215,0.0032508762684356437,0.006868615709756957,0.09327784954227912,0.6031673696043752,562,0.33614762139576887,200
2,GRASP,200,60,best_first_neighbor,36.403717279434204,0.0032583365149366976,0.006868615709756957,0.09327784954227912,0.6065354594019418,577,0.3378400400247507,200
2,GRASP,50,20,best_first_neighbor,3.2186532020568848,0.0031686452421278767,0.006868615709756957,0.09327784954227912,0.5533671591134133,176,0.32814867283767124,50
2,GRASP,50,20,best_first_neighbor,3.28271484375,0.003240092583039448,0.006868615709756957,0.09327784954227912,0.5706832736956239,224,0.33378973406055906,50
2,GRASP,50,20,best_first_neighbor,3.2486798763275146,0.003265834366152009,0.006868615709756957,0.09327784954227912,0.5833737162405989,248,0.34050536217448457,50
2,GRASP,50,20,best_first_neighbor,3.351644277572632,0.0032132742366402785,0.006868615709756957,0.09327784954227912,0.5867656527748278,275,0.32756020613078213,50
2,GRASP,50,20,best_first_neighbor,3.3463237285614014,0.003269304686085451,0.006868615709756957,0.09327784954227912,0.572690861628903,302,0.34090308730542196,50
2,GRASP,50,20,best_first_neighbor,3.347707748413086,0.0032910378057130585,0.006868615709756957,0.09327784954227912,0.5641466428328397,314,0.3467351874737426,50
2,GRASP,50,20,best_first_neighbor,3.3226659297943115,0.0032489703216269875,0.006868615709756957,0.09327784954227912,0.5670528916081197,325,0.33594520308585873,50
2,GRASP,50,20,best_first_neighbor,3.3867764472961426,0.003273621627155195,0.006868615709756957,0.09327784954227912,0.5641422757837266,333,0.3438239602412405,50
2,GRASP,50,20,best_first_neighbor,3.4389748573303223,0.0032686308207727287,0.006868615709756957,0.09327784954227912,0.5617907621307233,345,0.3428516079723389,50
2,GRASP,50,20,best_first_neighbor,3.4242746829986572,0.003316124831410221,0.006868615709756957,0.09327784954227912,0.5691980022296367,355,0.355274188997344,50
1,GRASP,50,100,best_first_neighbor,4.210521697998047,0.03142366274197761,0.04815229563269878,0.23034055727554176,0.6395170779338142,49,0.3125696157880214,50
1,GRASP,50,100,best_first_neighbor,4.188145160675049,0.031002631797722523,0.04815229563269878,0.23034055727554176,0.6851182117112256,53,0.2989256926872736,50
1,GRASP,50,100,best_first_neighbor,4.205740451812744,0.03112895368735436,0.04815229563269878,0.23034055727554176,0.6835260908321197,55,0.3009594469237776,50
1,GRASP,50,100,best_first_neighbor,4.1955060958862305,0.030975463725480684,0.04815229563269878,0.23034055727554176,0.6800272707802676,58,0.2992029572904129,50
1,GRASP,50,100,best_first_neighbor,4.231782913208008,0.030975463725480684,0.04815229563269878,0.23034055727554176,0.6800272707802676,58,0.2992029572904129,50
1,GRASP,50,100,best_first_neighbor,4.2070677280426025,0.031033142296914732,0.04815229563269878,0.23034055727554176,0.6745704603154077,59,0.29874252713737265,50
1,GRASP,50,100,best_first_neighbor,4.230467319488525,0.031033142296914732,0.04815229563269878,0.23034055727554176,0.6745704603154077,59,0.29874252713737265,50
1,GRASP,50,100,best_first_neighbor,4.2303385734558105,0.031033142296914732,0.04815229563269878,0.23034055727554176,0.6745704603154077,59,0.29874252713737265,50
1,GRASP,50,100,best_first_neighbor,4.217278718948364,0.031033142296914732,0.04815229563269878,0.23034055727554176,0.6745704603154077,59,0.29874252713737265,50
1,GRASP,50,100,best_first_neighbor,4.224493503570557,0.031033142296914732,0.04815229563269878,0.23034055727554176,0.6745704603154077,59,0.29874252713737265,50
1,GRASP,20,100,best_first_neighbor,1.632751226425171,0.03154237946982922,0.04815229563269878,0.23034055727554176,0.6589932709107506,43,0.30279691598259556,20
1,GRASP,20,100,best_first_neighbor,1.6382105350494385,0.03156737958137815,0.04815229563269878,0.23034055727554176,0.6612418081942552,46,0.3097702410090838,20
1,GRASP,20,100,best_first_neighbor,1.6245522499084473,0.03133623395450604,0.04815229563269878,0.23034055727554176,0.6814821917287432,50,0.3081035778922821,20
1,GRASP,20,100,best_first_neighbor,1.644660472869873,0.031183518090892735,0.04815229563269878,0.23034055727554176,0.6881920886098777,52,0.2995208947979078,20
1,GRASP,20,100,best_first_neighbor,1.6461763381958008,0.031002631797722523,0.04815229563269878,0.23034055727554176,0.6851182117112256,53,0.2989256926872736,20
1,GRASP,20,100,best_first_neighbor,1.6246025562286377,0.031079145625532108,0.04815229563269878,0.23034055727554176,0.6799904221509171,54,0.3014504657183899,20
1,GRASP,20,100,best_first_neighbor,1.659278392791748,0.03112895368735436,0.04815229563269878,0.23034055727554176,0.6835260908321197,55,0.3009594469237776,20
1,GRASP,20,100,best_first_neighbor,1.6310789585113525,0.031215476730811258,0.04815229563269878,0.23034055727554176,0.6846402778856894,56,0.30299856457690905,20
1,GRASP,20,100,best_first_neighbor,1.6710009574890137,0.031215476730811258,0.04815229563269878,0.23034055727554176,0.6846402778856894,56,0.30299856457690905,20
1,GRASP,20,100,best_first_neighbor,1.6237621307373047,0.030975463725480684,0.04815229563269878,0.23034055727554176,0.6800272707802676,58,0.2992029572904129,20
2,GRASP,300,100,best_first_neighbor,92.42194509506226,0.0032558308487565316,0.006868615709756957,0.09327784954227912,0.5940881280518642,437,0.3376078460912291,300
2,GRASP,300,100,best_first_neighbor,89.08508253097534,0.003257850211312255,0.006868615709756957,0.09327784954227912,0.6136553587640133,496,0.339587642530627,300
2,GRASP,300,100,best_first_neighbor,88.62525486946106,0.0032616108007404825,0.006868615709756957,0.09327784954227912,0.5950573297881391,536,0.33873161681999725,300
2,GRASP,300,100,best_first_neighbor,88.51330018043518,0.0032583365149366976,0.006868615709756957,0.09327784954227912,0.6065354594019418,577,0.3378400400247507,300
2,GRASP,300,100,best_first_neighbor,88.85070610046387,0.0032658425422427573,0.006868615709756957,0.09327784954227912,0.6178092689383179,616,0.3400178272550004,300
2,GRASP,300,100,best_first_neighbor,88.4507827758789,0.003272929549518667,0.006868615709756957,0.09327784954227912,0.6095256409135698,611,0.341767125710173,300
2,GRASP,300,100,best_first_neighbor,89.45245170593262,0.0032817449419579488,0.006868615709756957,0.09327784954227912,0.6080877980457287,630,0.34229759427045053,300
2,GRASP,300,100,best_first_neighbor,89.13566493988037,0.0032730332195620793,0.006868615709756957,0.09327784954227912,0.610316749542784,634,0.3409734123090995,300
2,GRASP,300,100,best_first_neighbor,89.29169917106628,0.00326469063308493,0.006868615709756957,0.09327784954227912,0.6110169650849592,655,0.33924007886101354,300
2,GRASP,300,100,best_first_neighbor,88.56103849411011,0.0032641825884194477,0.006868615709756957,0.09327784954227912,0.6058076264175389,658,0.33975704340431556,300
2,GRASP,20,20,best_first_neighbor,1.1938621997833252,0.0032781688882426705,0.006868615709756957,0.09327784954227912,0.5766918118201295,119,0.3675553599142311,20
2,GRASP,20,20,best_first_neighbor,1.2857592105865479,0.0032210537612827107,0.006868615709756957,0.09327784954227912,0.5636888409581572,162,0.3523290334337084,20
2,GRASP,20,20,best_first_neighbor,1.2920806407928467,0.0031751572697338686,0.006868615709756957,0.09327784954227912,0.5517001745381009,193,0.3260306568473213,20
2,GRASP,20,20,best_first_neighbor,1.3233249187469482,0.0032186553473112795,0.006868615709756957,0.09327784954227912,0.5736232722462986,211,0.32879253479686943,20
2,GRASP,20,20,best_first_neighbor,1.2975797653198242,0.003240092583039448,0.006868615709756957,0.09327784954227912,0.5706832736956239,224,0.33378973406055906,20
2,GRASP,20,20,best_first_neighbor,1.2907309532165527,0.0032171064353041018,0.006868615709756957,0.09327784954227912,0.5906234349886198,229,0.3315460152688393,20
2,GRASP,20,20,best_first_neighbor,1.3009788990020752,0.003241969367679099,0.006868615709756957,0.09327784954227912,0.5886701545786497,248,0.3342216208432183,20
2,GRASP,20,20,best_first_neighbor,1.32869291305542,0.0032251229977531297,0.006868615709756957,0.09327784954227912,0.595685377215799,246,0.32975448051776507,20
2,GRASP,20,20,best_first_neighbor,1.3183350563049316,0.0032119923537062955,0.006868615709756957,0.09327784954227912,0.602883888554212,258,0.3295453898807194,20
2,GRASP,20,20,best_first_neighbor,1.360722303390503,0.0032132742366402785,0.006868615709756957,0.09327784954227912,0.5867656527748278,275,0.32756020613078213,20
1,GRASP,50,40,best_first_neighbor,1.6729021072387695,0.03154237946982922,0.04815229563269878,0.23034055727554176,0.6589932709107506,43,0.30279691598259556,50
1,GRASP,50,40,best_first_neighbor,1.6777453422546387,0.03156737958137815,0.04815229563269878,0.23034055727554176,0.6612418081942552,46,0.3097702410090838,50
1,GRASP,50,40,best_first_neighbor,1.661656141281128,0.03133623395450604,0.04815229563269878,0.23034055727554176,0.6814821917287432,50,0.3081035778922821,50
1,GRASP,50,40,best_first_neighbor,1.6837382316589355,0.031183518090892735,0.04815229563269878,0.23034055727554176,0.6881920886098777,52,0.2995208947979078,50
1,GRASP,50,40,best_first_neighbor,1.6616804599761963,0.031002631797722523,0.04815229563269878,0.23034055727554176,0.6851182117112256,53,0.2989256926872736,50
1,GRASP,50,40,best_first_neighbor,1.6851527690887451,0.031079145625532108,0.04815229563269878,0.23034055727554176,0.6799904221509171,54,0.3014504657183899,50
1,GRASP,50,40,best_first_neighbor,1.6745491027832031,0.03112895368735436,0.04815229563269878,0.23034055727554176,0.6835260908321197,55,0.3009594469237776,50
1,GRASP,50,40,best_first_neighbor,1.6668529510498047,0.031215476730811258,0.04815229563269878,0.23034055727554176,0.6846402778856894,56,0.30299856457690905,50
1,GRASP,50,40,best_first_neighbor,1.678969144821167,0.031215476730811258,0.04815229563269878,0.23034055727554176,0.6846402778856894,56,0.30299856457690905,50
1,GRASP,50,40,best_first_neighbor,1.664071798324585,0.030975463725480684,0.04815229563269878,0.23034055727554176,0.6800272707802676,58,0.2992029572904129,50
1,GRASP,100,100,best_first_neighbor,8.311917066574097,0.031002631797722523,0.04815229563269878,0.23034055727554176,0.6851182117112256,53,0.2989256926872736,100
1,GRASP,100,100,best_first_neighbor,8.238560676574707,0.030975463725480684,0.04815229563269878,0.23034055727554176,0.6800272707802676,58,0.2992029572904129,100
1,GRASP,100,100,best_first_neighbor,8.270850658416748,0.031033142296914732,0.04815229563269878,0.23034055727554176,0.6745704603154077,59,0.29874252713737265,100
1,GRASP,100,100,best_first_neighbor,8.27616000175476,0.031033142296914732,0.04815229563269878,0.23034055727554176,0.6745704603154077,59,0.29874252713737265,100
1,GRASP,100,100,best_first_neighbor,8.287969827651978,0.031033142296914732,0.04815229563269878,0.23034055727554176,0.6745704603154077,59,0.29874252713737265,100
1,GRASP,100,100,best_first_neighbor,8.267322063446045,0.031027020970178457,0.04815229563269878,0.23034055727554176,0.6788690488560097,60,0.29504856736387425,100
1,GRASP,100,100,best_first_neighbor,8.256887435913086,0.031027020970178457,0.04815229563269878,0.23034055727554176,0.6788690488560097,60,0.29504856736387425,100
1,GRASP,100,100,best_first_neighbor,8.210115671157837,0.031027020970178457,0.04815229563269878,0.23034055727554176,0.6788690488560097,60,0.29504856736387425,100
1,GRASP,100,100,best_first_neighbor,8.197192668914795,0.031027020970178457,0.04815229563269878,0.23034055727554176,0.6788690488560097,60,0.29504856736387425,100
1,GRASP,100,100,best_first_neighbor,8.008154392242432,0.031027020970178457,0.04815229563269878,0.23034055727554176,0.6788690488560097,60,0.29504856736387425,100
1,GRASP,50,80,best_first_neighbor,3.2971582412719727,0.03156737958137815,0.04815229563269878,0.23034055727554176,0.6612418081942552,46,0.3097702410090838,50
1,GRASP,50,80,best_first_neighbor,3.3016932010650635,0.031183518090892735,0.04815229563269878,0.23034055727554176,0.6881920886098777,52,0.2995208947979078,50
1,GRASP,50,80,best_first_neighbor,3.294719696044922,0.031079145625532108,0.04815229563269878,0.23034055727554176,0.6799904221509171,54,0.3014504657183899,50
1,GRASP,50,80,best_first_neighbor,3.2907042503356934,0.031215476730811258,0.04815229563269878,0.23034055727554176,0.6846402778856894,56,0.30299856457690905,50
1,GRASP,50,80,best_first_neighbor,3.292243242263794,0.030975463725480684,0.04815229563269878,0.23034055727554176,0.6800272707802676,58,0.2992029572904129,50
1,GRASP,50,80,best_first_neighbor,3.3199429512023926,0.030975463725480684,0.04815229563269878,0.23034055727554176,0.6800272707802676,58,0.2992029572904129,50
1,GRASP,50,80,best_first_neighbor,3.288010597229004,0.031033142296914732,0.04815229563269878,0.23034055727554176,0.6745704603154077,59,0.29874252713737265,50
1,GRASP,50,80,best_first_neighbor,3.262136459350586,0.031033142296914732,0.04815229563269878,0.23034055727554176,0.6745704603154077,59,0.29874252713737265,50
1,GRASP,50,80,best_first_neighbor,3.3085381984710693,0.031033142296914732,0.04815229563269878,0.23034055727554176,0.6745704603154077,59,0.29874252713737265,50
1,GRASP,50,80,best_first_neighbor,3.297342300415039,0.031033142296914732,0.04815229563269878,0.23034055727554176,0.6745704603154077,59,0.29874252713737265,50
2,GRASP,300,40,best_first_neighbor,39.22021245956421,0.003283810292778046,0.006868615709756957,0.09327784954227912,0.5739630032423485,361,0.3454480640348446,300
2,GRASP,300,40,best_first_neighbor,38.95436096191406,0.0032689282920374536,0.006868615709756957,0.09327784954227912,0.5979386038314157,420,0.3411156889105701,300
2,GRASP,300,40,best_first_neighbor,38.407875537872314,0.003248492423104992,0.006868615709756957,0.09327784954227912,0.5974597923602473,472,0.3372981394713129,300
2,GRASP,300,40,best_first_neighbor,38.11958169937134,0.003236860408749867,0.006868615709756957,0.09327784954227912,0.6016446754984707,483,0.33452362623725557,300
2,GRASP,300,40,best_first_neighbor,37.924376249313354,0.003257850211312255,0.006868615709756957,0.09327784954227912,0.6136553587640133,496,0.339587642530627,300
2,GRASP,300,40,best_first_neighbor,37.989296436309814,0.0032615004497437857,0.006868615709756957,0.09327784954227912,0.611634254459467,514,0.3401179865674361,300
2,GRASP,300,40,best_first_neighbor,38.014633655548096,0.003279750196026675,0.006868615709756957,0.09327784954227912,0.6003746171466798,525,0.34385500647194356,300
2,GRASP,300,40,best_first_neighbor,38.91580939292908,0.0032563477419545227,0.006868615709756957,0.09327784954227912,0.5971546536377388,543,0.3373316264059849,300
2,GRASP,300,40,best_first_neighbor,39.8094220161438,0.0032508762684356437,0.006868615709756957,0.09327784954227912,0.6031673696043752,562,0.33614762139576887,300
2,GRASP,300,40,best_first_neighbor,38.911587953567505,0.0032583365149366976,0.006868615709756957,0.09327784954227912,0.6065354594019418,577,0.3378400400247507,300
2,GRASP,20,40,best_first_neighbor,2.461683988571167,0.0032210537612827107,0.006868615709756957,0.09327784954227912,0.5636888409581572,162,0.3523290334337084,20
2,GRASP,20,40,best_first_neighbor,2.5915415287017822,0.0032186553473112795,0.006868615709756957,0.09327784954227912,0.5736232722462986,211,0.32879253479686943,20
2,GRASP,20,40,best_first_neighbor,2.559720516204834,0.0032171064353041018,0.006868615709756957,0.09327784954227912,0.5906234349886198,229,0.3315460152688393,20
2,GRASP,20,40,best_first_neighbor,2.601590156555176,0.0032251229977531297,0.006868615709756957,0.09327784954227912,0.595685377215799,246,0.32975448051776507,20
2,GRASP,20,40,best_first_neighbor,2.6474132537841797,0.0032132742366402785,0.006868615709756957,0.09327784954227912,0.5867656527748278,275,0.32756020613078213,20
2,GRASP,20,40,best_first_neighbor,2.629652261734009,0.0032623810562683983,0.006868615709756957,0.09327784954227912,0.5748274990416615,297,0.33992685601963807,20
2,GRASP,20,40,best_first_neighbor,2.637685537338257,0.0032695015992160203,0.006868615709756957,0.09327784954227912,0.5729963411968796,310,0.3425309202744513,20
2,GRASP,20,40,best_first_neighbor,2.620049238204956,0.0032565893203902103,0.006868615709756957,0.09327784954227912,0.5674331738159609,317,0.33959600478538426,20
2,GRASP,20,40,best_first_neighbor,2.6334218978881836,0.0032588491585531553,0.006868615709756957,0.09327784954227912,0.5660337631580882,327,0.3390649958861154,20
2,GRASP,20,40,best_first_neighbor,2.6663577556610107,0.003273621627155195,0.006868615709756957,0.09327784954227912,0.5641422757837266,333,0.3438239602412405,20
1,GRASP,300,80,best_first_neighbor,19.944559335708618,0.030975463725480684,0.04815229563269878,0.23034055727554176,0.6800272707802676,58,0.2992029572904129,300
1,GRASP,300,80,best_first_neighbor,19.860898971557617,0.031033142296914732,0.04815229563269878,0.23034055727554176,0.6745704603154077,59,0.29874252713737265,300
1,GRASP,300,80,best_first_neighbor,19.328653812408447,0.031027020970178457,0.04815229563269878,0.23034055727554176,0.6788690488560097,60,0.29504856736387425,300
1,GRASP,300,80,best_first_neighbor,18.666161060333252,0.031027020970178457,0.04815229563269878,0.23034055727554176,0.6788690488560097,60,0.29504856736387425,300
1,GRASP,300,80,best_first_neighbor,18.693252325057983,0.031027020970178457,0.04815229563269878,0.23034055727554176,0.6788690488560097,60,0.29504856736387425,300
1,GRASP,300,80,best_first_neighbor,18.53385877609253,0.031027020970178457,0.04815229563269878,0.23034055727554176,0.6788690488560097,60,0.29504856736387425,300
1,GRASP,300,80,best_first_neighbor,18.474876403808594,0.031027020970178457,0.04815229563269878,0.23034055727554176,0.6788690488560097,60,0.29504856736387425,300
1,GRASP,300,80,best_first_neighbor,18.12078619003296,0.031027020970178457,0.04815229563269878,0.23034055727554176,0.6788690488560097,60,0.29504856736387425,300
1,GRASP,300,80,best_first_neighbor,18.127586364746094,0.031027020970178457,0.04815229563269878,0.23034055727554176,0.6788690488560097,60,0.29504856736387425,300
1,GRASP,300,80,best_first_neighbor,18.118693113327026,0.031027020970178457,0.04815229563269878,0.23034055727554176,0.6788690488560097,60,0.29504856736387425,300
2,GRASP,300,60,best_first_neighbor,59.1021945476532,0.003255247765949345,0.006868615709756957,0.09327784954227912,0.5949519116661623,394,0.3357936755511259,300
2,GRASP,300,60,best_first_neighbor,59.27525448799133,0.003248492423104992,0.006868615709756957,0.09327784954227912,0.5974597923602473,472,0.3372981394713129,300
2,GRASP,300,60,best_first_neighbor,58.09657526016235,0.0032316815337903307,0.006868615709756957,0.09327784954227912,0.5992781723289257,495,0.33259393885907007,300
2,GRASP,300,60,best_first_neighbor,57.981306076049805,0.0032615004497437857,0.006868615709756957,0.09327784954227912,0.611634254459467,514,0.3401179865674361,300
2,GRASP,300,60,best_first_neighbor,54.83785581588745,0.0032616108007404825,0.006868615709756957,0.09327784954227912,0.5950573297881391,536,0.33873161681999725,300
2,GRASP,300,60,best_first_neighbor,53.85661196708679,0.0032508762684356437,0.006868615709756957,0.09327784954227912,0.6031673696043752,562,0.33614762139576887,300
2,GRASP,300,60,best_first_neighbor,52.98914909362793,0.003250896916994709,0.006868615709756957,0.09327784954227912,0.610696632762436,584,0.33572484292510474,300
2,GRASP,300,60,best_first_neighbor,53.393338203430176,0.003267552586290143,0.006868615709756957,0.09327784954227912,0.6159892791465962,608,0.3406445443298167,300
2,GRASP,300,60,best_first_neighbor,53.35172128677368,0.003265306956564248,0.006868615709756957,0.09327784954227912,0.6129704746238066,622,0.34000268804456163,300
2,GRASP,300,60,best_first_neighbor,53.51519441604614,0.003272929549518667,0.006868615709756957,0.09327784954227912,0.6095256409135698,611,0.341767125710173,300
1,GRASP,300,40,best_first_neighbor,9.82575249671936,0.031079145625532108,0.04815229563269878,0.23034055727554176,0.6799904221509171,54,0.3014504657183899,300
1,GRASP,300,40,best_first_neighbor,9.852599859237671,0.030975463725480684,0.04815229563269878,0.23034055727554176,0.6800272707802676,58,0.2992029572904129,300
1,GRASP,300,40,best_first_neighbor,9.837669372558594,0.031033142296914732,0.04815229563269878,0.23034055727554176,0.6745704603154077,59,0.29874252713737265,300
1,GRASP,300,40,best_first_neighbor,9.845223426818848,0.031033142296914732,0.04815229563269878,0.23034055727554176,0.6745704603154077,59,0.29874252713737265,300
1,GRASP,300,40,best_first_neighbor,9.811436653137207,0.031027020970178457,0.04815229563269878,0.23034055727554176,0.6788690488560097,60,0.29504856736387425,300
1,GRASP,300,40,best_first_neighbor,9.740622282028198,0.031027020970178457,0.04815229563269878,0.23034055727554176,0.6788690488560097,60,0.29504856736387425,300
1,GRASP,300,40,best_first_neighbor,9.796857357025146,0.031027020970178457,0.04815229563269878,0.23034055727554176,0.6788690488560097,60,0.29504856736387425,300
1,GRASP,300,40,best_first_neighbor,9.840673208236694,0.031027020970178457,0.04815229563269878,0.23034055727554176,0.6788690488560097,60,0.29504856736387425,300
1,GRASP,300,40,best_first_neighbor,9.721349716186523,0.031027020970178457,0.04815229563269878,0.23034055727554176,0.6788690488560097,60,0.29504856736387425,300
1,GRASP,300,40,best_first_neighbor,9.75560712814331,0.031027020970178457,0.04815229563269878,0.23034055727554176,0.6788690488560097,60,0.29504856736387425,300
1,GRASP,100,80,best_first_neighbor,6.546783447265625,0.031183518090892735,0.04815229563269878,0.23034055727554176,0.6881920886098777,52,0.2995208947979078,100
1,GRASP,100,80,best_first_neighbor,6.511949062347412,0.031215476730811258,0.04815229563269878,0.23034055727554176,0.6846402778856894,56,0.30299856457690905,100
1,GRASP,100,80,best_first_neighbor,6.559841156005859,0.030975463725480684,0.04815229563269878,0.23034055727554176,0.6800272707802676,58,0.2992029572904129,100
1,GRASP,100,80,best_first_neighbor,6.537189483642578,0.031033142296914732,0.04815229563269878,0.23034055727554176,0.6745704603154077,59,0.29874252713737265,100
1,GRASP,100,80,best_first_neighbor,6.561879396438599,0.031033142296914732,0.04815229563269878,0.23034055727554176,0.6745704603154077,59,0.29874252713737265,100
1,GRASP,100,80,best_first_neighbor,6.552892684936523,0.031033142296914732,0.04815229563269878,0.23034055727554176,0.6745704603154077,59,0.29874252713737265,100
1,GRASP,100,80,best_first_neighbor,6.550481081008911,0.031033142296914732,0.04815229563269878,0.23034055727554176,0.6745704603154077,59,0.29874252713737265,100
1,GRASP,100,80,best_first_neighbor,6.540361166000366,0.031027020970178457,0.04815229563269878,0.23034055727554176,0.6788690488560097,60,0.29504856736387425,100
1,GRASP,100,80,best_first_neighbor,6.544260740280151,0.031027020970178457,0.04815229563269878,0.23034055727554176,0.6788690488560097,60,0.29504856736387425,100
1,GRASP,100,80,best_first_neighbor,6.540417671203613,0.031027020970178457,0.04815229563269878,0.23034055727554176,0.6788690488560097,60,0.29504856736387425,100
2,GRASP,20,100,best_first_neighbor,6.426728010177612,0.003240092583039448,0.006868615709756957,0.09327784954227912,0.5706832736956239,224,0.33378973406055906,20
2,GRASP,20,100,best_first_neighbor,6.544113874435425,0.0032132742366402785,0.006868615709756957,0.09327784954227912,0.5867656527748278,275,0.32756020613078213,20
2,GRASP,20,100,best_first_neighbor,6.617724180221558,0.0032910378057130585,0.006868615709756957,0.09327784954227912,0.5641466428328397,314,0.3467351874737426,20
2,GRASP,20,100,best_first_neighbor,6.642665863037109,0.003273621627155195,0.006868615709756957,0.09327784954227912,0.5641422757837266,333,0.3438239602412405,20
2,GRASP,20,100,best_first_neighbor,6.793264389038086,0.003316124831410221,0.006868615709756957,0.09327784954227912,0.5691980022296367,355,0.355274188997344,20
2,GRASP,20,100,best_first_neighbor,6.747305631637573,0.003283810292778046,0.006868615709756957,0.09327784954227912,0.5739630032423485,361,0.3454480640348446,20
2,GRASP,20,100,best_first_neighbor,6.8070478439331055,0.0032574876144955103,0.006868615709756957,0.09327784954227912,0.5736234151793808,377,0.3383637746067667,20
2,GRASP,20,100,best_first_neighbor,6.774841547012329,0.0032490246334688005,0.006868615709756957,0.09327784954227912,0.5891556588075516,377,0.334629215131425,20
2,GRASP,20,100,best_first_neighbor,6.8095338344573975,0.003255247765949345,0.006868615709756957,0.09327784954227912,0.5949519116661623,394,0.3357936755511259,20
2,GRASP,20,100,best_first_neighbor,6.721398115158081,0.0032536554427652496,0.006868615709756957,0.09327784954227912,0.5890515251444104,407,0.33397310268484603,20
2,GRASP,50,60,best_first_neighbor,9.411244869232178,0.003265834366152009,0.006868615709756957,0.09327784954227912,0.5833737162405989,248,0.34050536217448457,50
2,GRASP,50,60,best_first_neighbor,9.772372961044312,0.0032910378057130585,0.006868615709756957,0.09327784954227912,0.5641466428328397,314,0.3467351874737426,50
2,GRASP,50,60,best_first_neighbor,9.850083827972412,0.0032686308207727287,0.006868615709756957,0.09327784954227912,0.5617907621307233,345,0.3428516079723389,50
2,GRASP,50,60,best_first_neighbor,9.93029522895813,0.003283810292778046,0.006868615709756957,0.09327784954227912,0.5739630032423485,361,0.3454480640348446,50
2,GRASP,50,60,best_first_neighbor,9.987810373306274,0.003250706586588543,0.006868615709756957,0.09327784954227912,0.5824378793025231,380,0.33547619558328706,50
2,GRASP,50,60,best_first_neighbor,10.073994159698486,0.003255247765949345,0.006868615709756957,0.09327784954227912,0.5949519116661623,394,0.3357936755511259,50
2,GRASP,50,60,best_first_neighbor,9.964246034622192,0.003244485540835681,0.006868615709756957,0.09327784954227912,0.5948502464577479,409,0.33359100609789777,50
2,GRASP,50,60,best_first_neighbor,9.928124189376831,0.0032689282920374536,0.006868615709756957,0.09327784954227912,0.5979386038314157,420,0.3411156889105701,50
2,GRASP,50,60,best_first_neighbor,9.816964387893677,0.0032685141543989655,0.006868615709756957,0.09327784954227912,0.5990769523001153,423,0.3407329747457768,50
2,GRASP,50,60,best_first_neighbor,9.917211771011353,0.0032558308487565316,0.006868615709756957,0.09327784954227912,0.5940881280518642,437,0.3376078460912291,50
1,GRASP,50,20,best_first_neighbor,0.8184075355529785,0.03167872615868834,0.04815229563269878,0.23034055727554176,0.6375833070942721,39,0.32743937826476904,50
1,GRASP,50,20,best_first_neighbor,0.8316631317138672,0.03154237946982922,0.04815229563269878,0.23034055727554176,0.6589932709107506,43,0.30279691598259556,50
1,GRASP,50,20,best_first_neighbor,0.8308627605438232,0.03187639967241776,0.04815229563269878,0.23034055727554176,0.6772248527986278,44,0.31441927869256686,50
1,GRASP,50,20,best_first_neighbor,0.8416626453399658,0.03156737958137815,0.04815229563269878,0.23034055727554176,0.6612418081942552,46,0.3097702410090838,50
1,GRASP,50,20,best_first_neighbor,0.8342297077178955,0.03142366274197761,0.04815229563269878,0.23034055727554176,0.6395170779338142,49,0.3125696157880214,50
1,GRASP,50,20,best_first_neighbor,0.8237931728363037,0.03133623395450604,0.04815229563269878,0.23034055727554176,0.6814821917287432,50,0.3081035778922821,50
1,GRASP,50,20,best_first_neighbor,0.8446049690246582,0.031183518090892735,0.04815229563269878,0.23034055727554176,0.6881920886098777,52,0.2995208947979078,50
1,GRASP,50,20,best_first_neighbor,0.8324925899505615,0.031183518090892735,0.04815229563269878,0.23034055727554176,0.6881920886098777,52,0.2995208947979078,50
1,GRASP,50,20,best_first_neighbor,0.829540491104126,0.031002631797722523,0.04815229563269878,0.23034055727554176,0.6851182117112256,53,0.2989256926872736,50
1,GRASP,50,20,best_first_neighbor,0.824958324432373,0.031002631797722523,0.04815229563269878,0.23034055727554176,0.6851182117112256,53,0.2989256926872736,50
2,GRASP,50,80,best_first_neighbor,13.11344599723816,0.0032132742366402785,0.006868615709756957,0.09327784954227912,0.5867656527748278,275,0.32756020613078213,50
2,GRASP,50,80,best_first_neighbor,13.411762237548828,0.003273621627155195,0.006868615709756957,0.09327784954227912,0.5641422757837266,333,0.3438239602412405,50
2,GRASP,50,80,best_first_neighbor,13.604582786560059,0.003283810292778046,0.006868615709756957,0.09327784954227912,0.5739630032423485,361,0.3454480640348446,50
2,GRASP,50,80,best_first_neighbor,13.69664978981018,0.0032490246334688005,0.006868615709756957,0.09327784954227912,0.5891556588075516,377,0.334629215131425,50
2,GRASP,50,80,best_first_neighbor,13.645559549331665,0.0032536554427652496,0.006868615709756957,0.09327784954227912,0.5890515251444104,407,0.33397310268484603,50
2,GRASP,50,80,best_first_neighbor,13.642686128616333,0.0032689282920374536,0.006868615709756957,0.09327784954227912,0.5979386038314157,420,0.3411156889105701,50
2,GRASP,50,80,best_first_neighbor,13.509777069091797,0.0032668289073244944,0.006868615709756957,0.09327784954227912,0.595816759957692,431,0.34137977196018887,50
2,GRASP,50,80,best_first_neighbor,13.434451580047607,0.0032539745831249058,0.006868615709756957,0.09327784954227912,0.5968570879938777,446,0.33727772002277656,50
2,GRASP,50,80,best_first_neighbor,13.55186915397644,0.003248492423104992,0.006868615709756957,0.09327784954227912,0.5974597923602473,472,0.3372981394713129,50
2,GRASP,50,80,best_first_neighbor,13.70575737953186,0.00325220574817223,0.006868615709756957,0.09327784954227912,0.60216624988226,477,0.3387609166471263,50
2,GRASP,100,80,best_first_neighbor,25.859649419784546,0.003273621627155195,0.006868615709756957,0.09327784954227912,0.5641422757837266,333,0.3438239602412405,100
2,GRASP,100,80,best_first_neighbor,26.761180639266968,0.0032490246334688005,0.006868615709756957,0.09327784954227912,0.5891556588075516,377,0.334629215131425,100
2,GRASP,100,80,best_first_neighbor,26.71500825881958,0.0032689282920374536,0.006868615709756957,0.09327784954227912,0.5979386038314157,420,0.3411156889105701,100
2,GRASP,100,80,best_first_neighbor,26.387006282806396,0.0032539745831249058,0.006868615709756957,0.09327784954227912,0.5968570879938777,446,0.33727772002277656,100
2,GRASP,100,80,best_first_neighbor,26.664859533309937,0.00325220574817223,0.006868615709756957,0.09327784954227912,0.60216624988226,477,0.3387609166471263,100
2,GRASP,100,80,best_first_neighbor,26.659101009368896,0.003236860408749867,0.006868615709756957,0.09327784954227912,0.6016446754984707,483,0.33452362623725557,100
2,GRASP,100,80,best_first_neighbor,26.08801794052124,0.0032465087308341865,0.006868615709756957,0.09327784954227912,0.6083721307968714,488,0.3371368840853966,100
2,GRASP,100,80,best_first_neighbor,26.319234371185303,0.0032457543942865205,0.006868615709756957,0.09327784954227912,0.6137208358874114,501,0.3363218011252251,100
2,GRASP,100,80,best_first_neighbor,25.0655460357666,0.0032615004497437857,0.006868615709756957,0.09327784954227912,0.611634254459467,514,0.3401179865674361,100
2,GRASP,100,80,best_first_neighbor,26.48684048652649,0.003269507210433127,0.006868615709756957,0.09327784954227912,0.605094176529351,526,0.3408300185382847,100
2,GRASP,200,100,best_first_neighbor,66.82707476615906,0.0032536554427652496,0.006868615709756957,0.09327784954227912,0.5890515251444104,407,0.33397310268484603,200
2,GRASP,200,100,best_first_neighbor,67.11005973815918,0.00325220574817223,0.006868615709756957,0.09327784954227912,0.60216624988226,477,0.3387609166471263,200
2,GRASP,200,100,best_first_neighbor,66.34834694862366,0.003257850211312255,0.006868615709756957,0.09327784954227912,0.6136553587640133,496,0.339587642530627,200
2,GRASP,200,100,best_first_neighbor,64.60119366645813,0.003269507210433127,0.006868615709756957,0.09327784954227912,0.605094176529351,526,0.3408300185382847,200
2,GRASP,200,100,best_first_neighbor,61.396745920181274,0.0032523927659152906,0.006868615709756957,0.09327784954227912,0.6009872479472748,548,0.3367436096339784,200
2,GRASP,200,100,best_first_neighbor,60.02199721336365,0.0032583365149366976,0.006868615709756957,0.09327784954227912,0.6065354594019418,577,0.3378400400247507,200
2,GRASP,200,100,best_first_neighbor,60.12290620803833,0.0032652496259434984,0.006868615709756957,0.09327784954227912,0.6143548453201295,601,0.3397842673695383,200
2,GRASP,200,100,best_first_neighbor,60.24335503578186,0.0032676473874099785,0.006868615709756957,0.09327784954227912,0.6119854227744553,620,0.3407632951972018,200
2,GRASP,200,100,best_first_neighbor,60.48583197593689,0.003272929549518667,0.006868615709756957,0.09327784954227912,0.6095256409135698,611,0.341767125710173,200
2,GRASP,200,100,best_first_neighbor,60.75753307342529,0.003274166946714428,0.006868615709756957,0.09327784954227912,0.6068895609089562,620,0.3410607941027403,200
2,GRASP,50,100,best_first_neighbor,16.090726375579834,0.003269304686085451,0.006868615709756957,0.09327784954227912,0.572690861628903,302,0.34090308730542196,50
2,GRASP,50,100,best_first_neighbor,16.523396968841553,0.003316124831410221,0.006868615709756957,0.09327784954227912,0.5691980022296367,355,0.355274188997344,50
2,GRASP,50,100,best_first_neighbor,16.672255992889404,0.003250706586588543,0.006868615709756957,0.09327784954227912,0.5824378793025231,380,0.33547619558328706,50
2,GRASP,50,100,best_first_neighbor,16.82090139389038,0.0032536554427652496,0.006868615709756957,0.09327784954227912,0.5890515251444104,407,0.33397310268484603,50
2,GRASP,50,100,best_first_neighbor,16.63998579978943,0.0032715698776397805,0.006868615709756957,0.09327784954227912,0.5996281964725317,421,0.3419987152014461,50
2,GRASP,50,100,best_first_neighbor,16.586095571517944,0.0032558308487565316,0.006868615709756957,0.09327784954227912,0.5940881280518642,437,0.3376078460912291,50
2,GRASP,50,100,best_first_neighbor,16.575333833694458,0.003249029804145414,0.006868615709756957,0.09327784954227912,0.5973392133809967,470,0.33700750811416313,50
2,GRASP,50,100,best_first_neighbor,16.708094120025635,0.00325220574817223,0.006868615709756957,0.09327784954227912,0.60216624988226,477,0.3387609166471263,50
2,GRASP,50,100,best_first_neighbor,16.752686262130737,0.0032213542414399046,0.006868615709756957,0.09327784954227912,0.5977789099888258,478,0.3307804251975738,50
2,GRASP,50,100,best_first_neighbor,16.648093700408936,0.003229673759067583,0.006868615709756957,0.09327784954227912,0.6008773876776918,487,0.3322459025406048,50
2,GRASP,20,80,best_first_neighbor,4.9858832359313965,0.0032186553473112795,0.006868615709756957,0.09327784954227912,0.5736232722462986,211,0.32879253479686943,20
2,GRASP,20,80,best_first_neighbor,5.092859745025635,0.0032251229977531297,0.006868615709756957,0.09327784954227912,0.595685377215799,246,0.32975448051776507,20
2,GRASP,20,80,best_first_neighbor,5.222405910491943,0.0032623810562683983,0.006868615709756957,0.09327784954227912,0.5748274990416615,297,0.33992685601963807,20
2,GRASP,20,80,best_first_neighbor,5.212496519088745,0.0032565893203902103,0.006868615709756957,0.09327784954227912,0.5674331738159609,317,0.33959600478538426,20
2,GRASP,20,80,best_first_neighbor,5.264927625656128,0.003273621627155195,0.006868615709756957,0.09327784954227912,0.5641422757837266,333,0.3438239602412405,20
2,GRASP,20,80,best_first_neighbor,5.354218482971191,0.003311306732103189,0.006868615709756957,0.09327784954227912,0.5621452580383832,352,0.35338262346636923,20
2,GRASP,20,80,best_first_neighbor,5.27977728843689,0.0032946268099128687,0.006868615709756957,0.09327784954227912,0.5776793857260235,355,0.34801824350650906,20
2,GRASP,20,80,best_first_neighbor,5.332901477813721,0.0032760026193622014,0.006868615709756957,0.09327784954227912,0.5642715077701165,366,0.34298155491822907,20
2,GRASP,20,80,best_first_neighbor,5.349874019622803,0.003249355758818909,0.006868615709756957,0.09327784954227912,0.581639085465502,378,0.33589032728903984,20
2,GRASP,20,80,best_first_neighbor,5.359426736831665,0.0032490246334688005,0.006868615709756957,0.09327784954227912,0.5891556588075516,377,0.334629215131425,20
1,GRASP,20,80,best_first_neighbor,1.3326225280761719,0.031656105643586674,0.04815229563269878,0.23034055727554176,0.6395632404691262,41,0.3148221817749093,20
1,GRASP,20,80,best_first_neighbor,1.3387553691864014,0.03178576646361586,0.04815229563269878,0.23034055727554176,0.6723403414112786,45,0.30932003099001515,20
1,GRASP,20,80,best_first_neighbor,1.3450045585632324,0.0312757841218905,0.04815229563269878,0.23034055727554176,0.6378753170473567,48,0.30530492298934325,20
1,GRASP,20,80,best_first_neighbor,1.3331935405731201,0.03128445306784127,0.04815229563269878,0.23034055727554176,0.6849304682496999,51,0.30301027667232905,20
1,GRASP,20,80,best_first_neighbor,1.342327356338501,0.031183518090892735,0.04815229563269878,0.23034055727554176,0.6881920886098777,52,0.2995208947979078,20
1,GRASP,20,80,best_first_neighbor,1.3458983898162842,0.031002631797722523,0.04815229563269878,0.23034055727554176,0.6851182117112256,53,0.2989256926872736,20
1,GRASP,20,80,best_first_neighbor,1.3312187194824219,0.031002631797722523,0.04815229563269878,0.23034055727554176,0.6851182117112256,53,0.2989256926872736,20
1,GRASP,20,80,best_first_neighbor,1.3368685245513916,0.031079145625532108,0.04815229563269878,0.23034055727554176,0.6799904221509171,54,0.3014504657183899,20
1,GRASP,20,80,best_first_neighbor,1.3649444580078125,0.03112895368735436,0.04815229563269878,0.23034055727554176,0.6835260908321197,55,0.3009594469237776,20
1,GRASP,20,80,best_first_neighbor,1.3334670066833496,0.031215476730811258,0.04815229563269878,0.23034055727554176,0.6846402778856894,56,0.30299856457690905,20
2,GRASP,50,40,best_first_neighbor,6.488312005996704,0.003240092583039448,0.006868615709756957,0.09327784954227912,0.5706832736956239,224,0.33378973406055906,50
2,GRASP,50,40,best_first_neighbor,6.694596290588379,0.0032132742366402785,0.006868615709756957,0.09327784954227912,0.5867656527748278,275,0.32756020613078213,50
2,GRASP,50,40,best_first_neighbor,6.761049032211304,0.0032910378057130585,0.006868615709756957,0.09327784954227912,0.5641466428328397,314,0.3467351874737426,50
2,GRASP,50,40,best_first_neighbor,6.780748605728149,0.003273621627155195,0.006868615709756957,0.09327784954227912,0.5641422757837266,333,0.3438239602412405,50
2,GRASP,50,40,best_first_neighbor,6.927494287490845,0.003316124831410221,0.006868615709756957,0.09327784954227912,0.5691980022296367,355,0.355274188997344,50
2,GRASP,50,40,best_first_neighbor,6.8591554164886475,0.003283810292778046,0.006868615709756957,0.09327784954227912,0.5739630032423485,361,0.3454480640348446,50
2,GRASP,50,40,best_first_neighbor,6.938429832458496,0.0032574876144955103,0.006868615709756957,0.09327784954227912,0.5736234151793808,377,0.3383637746067667,50
2,GRASP,50,40,best_first_neighbor,6.904282569885254,0.0032490246334688005,0.006868615709756957,0.09327784954227912,0.5891556588075516,377,0.334629215131425,50
2,GRASP,50,40,best_first_neighbor,6.943732023239136,0.003255247765949345,0.006868615709756957,0.09327784954227912,0.5949519116661623,394,0.3357936755511259,50
2,GRASP,50,40,best_first_neighbor,6.862840890884399,0.0032536554427652496,0.006868615709756957,0.09327784954227912,0.5890515251444104,407,0.33397310268484603,50
1,GRASP,300,60,best_first_neighbor,14.717037677764893,0.031215476730811258,0.04815229563269878,0.23034055727554176,0.6846402778856894,56,0.30299856457690905,300
1,GRASP,300,60,best_first_neighbor,14.738656997680664,0.031033142296914732,0.04815229563269878,0.23034055727554176,0.6745704603154077,59,0.29874252713737265,300
1,GRASP,300,60,best_first_neighbor,14.714906930923462,0.031033142296914732,0.04815229563269878,0.23034055727554176,0.6745704603154077,59,0.29874252713737265,300
1,GRASP,300,60,best_first_neighbor,14.156721115112305,0.031027020970178457,0.04815229563269878,0.23034055727554176,0.6788690488560097,60,0.29504856736387425,300
1,GRASP,300,60,best_first_neighbor,13.701515197753906,0.031027020970178457,0.04815229563269878,0.23034055727554176,0.6788690488560097,60,0.29504856736387425,300
1,GRASP,300,60,best_first_neighbor,13.816879987716675,0.031027020970178457,0.04815229563269878,0.23034055727554176,0.6788690488560097,60,0.29504856736387425,300
1,GRASP,300,60,best_first_neighbor,13.813497304916382,0.031027020970178457,0.04815229563269878,0.23034055727554176,0.6788690488560097,60,0.29504856736387425,300
1,GRASP,300,60,best_first_neighbor,13.78635311126709,0.031027020970178457,0.04815229563269878,0.23034055727554176,0.6788690488560097,60,0.29504856736387425,300
1,GRASP,300,60,best_first_neighbor,13.679632425308228,0.031027020970178457,0.04815229563269878,0.23034055727554176,0.6788690488560097,60,0.29504856736387425,300
1,GRASP,300,60,best_first_neighbor,14.018536806106567,0.031027020970178457,0.04815229563269878,0.23034055727554176,0.6788690488560097,60,0.29504856736387425,300
1,GRASP,200,80,best_first_neighbor,13.127406120300293,0.031215476730811258,0.04815229563269878,0.23034055727554176,0.6846402778856894,56,0.30299856457690905,200
1,GRASP,200,80,best_first_neighbor,13.226215124130249,0.031033142296914732,0.04815229563269878,0.23034055727554176,0.6745704603154077,59,0.29874252713737265,200
1,GRASP,200,80,best_first_neighbor,13.226396799087524,0.031033142296914732,0.04815229563269878,0.23034055727554176,0.6745704603154077,59,0.29874252713737265,200
1,GRASP,200,80,best_first_neighbor,13.186572074890137,0.031027020970178457,0.04815229563269878,0.23034055727554176,0.6788690488560097,60,0.29504856736387425,200
1,GRASP,200,80,best_first_neighbor,13.236085653305054,0.031027020970178457,0.04815229563269878,0.23034055727554176,0.6788690488560097,60,0.29504856736387425,200
1,GRASP,200,80,best_first_neighbor,12.355931282043457,0.031027020970178457,0.04815229563269878,0.23034055727554176,0.6788690488560097,60,0.29504856736387425,200
1,GRASP,200,80,best_first_neighbor,12.10621428489685,0.031027020970178457,0.04815229563269878,0.23034055727554176,0.6788690488560097,60,0.29504856736387425,200
1,GRASP,200,80,best_first_neighbor,11.844130277633667,0.031027020970178457,0.04815229563269878,0.23034055727554176,0.6788690488560097,60,0.29504856736387425,200
1,GRASP,200,80,best_first_neighbor,11.788897037506104,0.031027020970178457,0.04815229563269878,0.23034055727554176,0.6788690488560097,60,0.29504856736387425,200
1,GRASP,200,80,best_first_neighbor,11.801018476486206,0.031027020970178457,0.04815229563269878,0.23034055727554176,0.6788690488560097,60,0.29504856736387425,200
1,GRASP,300,20,best_first_neighbor,4.993724584579468,0.03133623395450604,0.04815229563269878,0.23034055727554176,0.6814821917287432,50,0.3081035778922821,300
1,GRASP,300,20,best_first_neighbor,4.999662637710571,0.031079145625532108,0.04815229563269878,0.23034055727554176,0.6799904221509171,54,0.3014504657183899,300
1,GRASP,300,20,best_first_neighbor,4.9767560958862305,0.031215476730811258,0.04815229563269878,0.23034055727554176,0.6846402778856894,56,0.30299856457690905,300
1,GRASP,300,20,best_first_neighbor,4.979283571243286,0.030975463725480684,0.04815229563269878,0.23034055727554176,0.6800272707802676,58,0.2992029572904129,300
1,GRASP,300,20,best_first_neighbor,4.975866317749023,0.031033142296914732,0.04815229563269878,0.23034055727554176,0.6745704603154077,59,0.29874252713737265,300
1,GRASP,300,20,best_first_neighbor,5.0022873878479,0.031033142296914732,0.04815229563269878,0.23034055727554176,0.6745704603154077,59,0.29874252713737265,300
1,GRASP,300,20,best_first_neighbor,5.007242679595947,0.031033142296914732,0.04815229563269878,0.23034055727554176,0.6745704603154077,59,0.29874252713737265,300
1,GRASP,300,20,best_first_neighbor,4.987011909484863,0.031033142296914732,0.04815229563269878,0.23034055727554176,0.6745704603154077,59,0.29874252713737265,300
1,GRASP,300,20,best_first_neighbor,4.997212648391724,0.031033142296914732,0.04815229563269878,0.23034055727554176,0.6745704603154077,59,0.29874252713737265,300
1,GRASP,300,20,best_first_neighbor,4.980099678039551,0.031027020970178457,0.04815229563269878,0.23034055727554176,0.6788690488560097,60,0.29504856736387425,300
2,GRASP,100,60,best_first_neighbor,19.445135593414307,0.0032910378057130585,0.006868615709756957,0.09327784954227912,0.5641466428328397,314,0.3467351874737426,100
2,GRASP,100,60,best_first_neighbor,20.118334770202637,0.003283810292778046,0.006868615709756957,0.09327784954227912,0.5739630032423485,361,0.3454480640348446,100
2,GRASP,100,60,best_first_neighbor,20.341304302215576,0.003255247765949345,0.006868615709756957,0.09327784954227912,0.5949519116661623,394,0.3357936755511259,100
2,GRASP,100,60,best_first_neighbor,20.26004195213318,0.0032689282920374536,0.006868615709756957,0.09327784954227912,0.5979386038314157,420,0.3411156889105701,100
2,GRASP,100,60,best_first_neighbor,20.01012420654297,0.0032558308487565316,0.006868615709756957,0.09327784954227912,0.5940881280518642,437,0.3376078460912291,100
2,GRASP,100,60,best_first_neighbor,19.98155665397644,0.003248492423104992,0.006868615709756957,0.09327784954227912,0.5974597923602473,472,0.3372981394713129,100
2,GRASP,100,60,best_first_neighbor,20.183631658554077,0.0032593263252016064,0.006868615709756957,0.09327784954227912,0.5985195334282357,477,0.33955833585476525,100
2,GRASP,100,60,best_first_neighbor,20.069621324539185,0.003236860408749867,0.006868615709756957,0.09327784954227912,0.6016446754984707,483,0.33452362623725557,100
2,GRASP,100,60,best_first_neighbor,20.120896816253662,0.0032316815337903307,0.006868615709756957,0.09327784954227912,0.5992781723289257,495,0.33259393885907007,100
2,GRASP,100,60,best_first_neighbor,20.251139163970947,0.003257850211312255,0.006868615709756957,0.09327784954227912,0.6136553587640133,496,0.339587642530627,100
2,GRASP,300,20,best_first_neighbor,19.677154064178467,0.0032910378057130585,0.006868615709756957,0.09327784954227912,0.5641466428328397,314,0.3467351874737426,300
2,GRASP,300,20,best_first_neighbor,20.168041229248047,0.003283810292778046,0.006868615709756957,0.09327784954227912,0.5739630032423485,361,0.3454480640348446,300
2,GRASP,300,20,best_first_neighbor,19.237528562545776,0.003255247765949345,0.006868615709756957,0.09327784954227912,0.5949519116661623,394,0.3357936755511259,300
2,GRASP,300,20,best_first_neighbor,18.15802812576294,0.0032689282920374536,0.006868615709756957,0.09327784954227912,0.5979386038314157,420,0.3411156889105701,300
2,GRASP,300,20,best_first_neighbor,18.131664276123047,0.0032558308487565316,0.006868615709756957,0.09327784954227912,0.5940881280518642,437,0.3376078460912291,300
2,GRASP,300,20,best_first_neighbor,18.232831716537476,0.003248492423104992,0.006868615709756957,0.09327784954227912,0.5974597923602473,472,0.3372981394713129,300
2,GRASP,300,20,best_first_neighbor,18.444582223892212,0.0032593263252016064,0.006868615709756957,0.09327784954227912,0.5985195334282357,477,0.33955833585476525,300
2,GRASP,300,20,best_first_neighbor,18.40556287765503,0.003236860408749867,0.006868615709756957,0.09327784954227912,0.6016446754984707,483,0.33452362623725557,300
2,GRASP,300,20,best_first_neighbor,18.373579025268555,0.0032316815337903307,0.006868615709756957,0.09327784954227912,0.5992781723289257,495,0.33259393885907007,300
2,GRASP,300,20,best_first_neighbor,18.440343141555786,0.003257850211312255,0.006868615709756957,0.09327784954227912,0.6136553587640133,496,0.339587642530627,300
1,GRASP,100,60,best_first_neighbor,4.9046924114227295,0.03133623395450604,0.04815229563269878,0.23034055727554176,0.6814821917287432,50,0.3081035778922821,100
1,GRASP,100,60,best_first_neighbor,4.899359703063965,0.031079145625532108,0.04815229563269878,0.23034055727554176,0.6799904221509171,54,0.3014504657183899,100
1,GRASP,100,60,best_first_neighbor,4.893755674362183,0.031215476730811258,0.04815229563269878,0.23034055727554176,0.6846402778856894,56,0.30299856457690905,100
1,GRASP,100,60,best_first_neighbor,4.909414291381836,0.030975463725480684,0.04815229563269878,0.23034055727554176,0.6800272707802676,58,0.2992029572904129,100
1,GRASP,100,60,best_first_neighbor,4.891603946685791,0.031033142296914732,0.04815229563269878,0.23034055727554176,0.6745704603154077,59,0.29874252713737265,100
1,GRASP,100,60,best_first_neighbor,4.920854806900024,0.031033142296914732,0.04815229563269878,0.23034055727554176,0.6745704603154077,59,0.29874252713737265,100
1,GRASP,100,60,best_first_neighbor,4.90733528137207,0.031033142296914732,0.04815229563269878,0.23034055727554176,0.6745704603154077,59,0.29874252713737265,100
1,GRASP,100,60,best_first_neighbor,4.9250712394714355,0.031033142296914732,0.04815229563269878,0.23034055727554176,0.6745704603154077,59,0.29874252713737265,100
1,GRASP,100,60,best_first_neighbor,4.920451641082764,0.031033142296914732,0.04815229563269878,0.23034055727554176,0.6745704603154077,59,0.29874252713737265,100
1,GRASP,100,60,best_first_neighbor,4.899658918380737,0.031027020970178457,0.04815229563269878,0.23034055727554176,0.6788690488560097,60,0.29504856736387425,100
2,GRASP,200,40,best_first_neighbor,26.131940126419067,0.003273621627155195,0.006868615709756957,0.09327784954227912,0.5641422757837266,333,0.3438239602412405,200
2,GRASP,200,40,best_first_neighbor,27.043480157852173,0.0032490246334688005,0.006868615709756957,0.09327784954227912,0.5891556588075516,377,0.334629215131425,200
2,GRASP,200,40,best_first_neighbor,26.925923585891724,0.0032689282920374536,0.006868615709756957,0.09327784954227912,0.5979386038314157,420,0.3411156889105701,200
2,GRASP,200,40,best_first_neighbor,26.386393070220947,0.0032539745831249058,0.006868615709756957,0.09327784954227912,0.5968570879938777,446,0.33727772002277656,200
2,GRASP,200,40,best_first_neighbor,26.856828689575195,0.00325220574817223,0.006868615709756957,0.09327784954227912,0.60216624988226,477,0.3387609166471263,200
2,GRASP,200,40,best_first_neighbor,26.72628140449524,0.003236860408749867,0.006868615709756957,0.09327784954227912,0.6016446754984707,483,0.33452362623725557,200
2,GRASP,200,40,best_first_neighbor,25.92858386039734,0.0032465087308341865,0.006868615709756957,0.09327784954227912,0.6083721307968714,488,0.3371368840853966,200
2,GRASP,200,40,best_first_neighbor,26.33663558959961,0.0032457543942865205,0.006868615709756957,0.09327784954227912,0.6137208358874114,501,0.3363218011252251,200
2,GRASP,200,40,best_first_neighbor,26.09752655029297,0.0032615004497437857,0.006868615709756957,0.09327784954227912,0.611634254459467,514,0.3401179865674361,200
2,GRASP,200,40,best_first_neighbor,25.264023780822754,0.003269507210433127,0.006868615709756957,0.09327784954227912,0.605094176529351,526,0.3408300185382847,200
1,GRASP,20,40,best_first_neighbor,0.6793806552886963,0.03167872615868834,0.04815229563269878,0.23034055727554176,0.6375833070942721,39,0.32743937826476904,20
1,GRASP,20,40,best_first_neighbor,0.6807370185852051,0.031656105643586674,0.04815229563269878,0.23034055727554176,0.6395632404691262,41,0.3148221817749093,20
1,GRASP,20,40,best_first_neighbor,0.685154914855957,0.031748548033246664,0.04815229563269878,0.23034055727554176,0.6807176452729071,43,0.3130273127365759,20
1,GRASP,20,40,best_first_neighbor,0.6820971965789795,0.03178576646361586,0.04815229563269878,0.23034055727554176,0.6723403414112786,45,0.30932003099001515,20
1,GRASP,20,40,best_first_neighbor,0.6884036064147949,0.03156737958137815,0.04815229563269878,0.23034055727554176,0.6612418081942552,46,0.3097702410090838,20
1,GRASP,20,40,best_first_neighbor,0.6864790916442871,0.0312757841218905,0.04815229563269878,0.23034055727554176,0.6378753170473567,48,0.30530492298934325,20
1,GRASP,20,40,best_first_neighbor,0.6798911094665527,0.031427265261985395,0.04815229563269878,0.23034055727554176,0.6864317559444675,49,0.312140915934132,20
1,GRASP,20,40,best_first_neighbor,0.6828339099884033,0.03128445306784127,0.04815229563269878,0.23034055727554176,0.6849304682496999,51,0.30301027667232905,20
1,GRASP,20,40,best_first_neighbor,0.6877646446228027,0.031183518090892735,0.04815229563269878,0.23034055727554176,0.6881920886098777,52,0.2995208947979078,20
1,GRASP,20,40,best_first_neighbor,0.6819806098937988,0.031183518090892735,0.04815229563269878,0.23034055727554176,0.6881920886098777,52,0.2995208947979078,20
1,GRASP,100,20,best_first_neighbor,1.6812267303466797,0.03154237946982922,0.04815229563269878,0.23034055727554176,0.6589932709107506,43,0.30279691598259556,100
1,GRASP,100,20,best_first_neighbor,1.6917591094970703,0.03156737958137815,0.04815229563269878,0.23034055727554176,0.6612418081942552,46,0.3097702410090838,100
1,GRASP,100,20,best_first_neighbor,1.6716220378875732,0.03133623395450604,0.04815229563269878,0.23034055727554176,0.6814821917287432,50,0.3081035778922821,100
1,GRASP,100,20,best_first_neighbor,1.6956064701080322,0.031183518090892735,0.04815229563269878,0.23034055727554176,0.6881920886098777,52,0.2995208947979078,100
1,GRASP,100,20,best_first_neighbor,1.671898365020752,0.031002631797722523,0.04815229563269878,0.23034055727554176,0.6851182117112256,53,0.2989256926872736,100
1,GRASP,100,20,best_first_neighbor,1.5792396068572998,0.031079145625532108,0.04815229563269878,0.23034055727554176,0.6799904221509171,54,0.3014504657183899,100
1,GRASP,100,20,best_first_neighbor,1.6624889373779297,0.03112895368735436,0.04815229563269878,0.23034055727554176,0.6835260908321197,55,0.3009594469237776,100
1,GRASP,100,20,best_first_neighbor,1.6754038333892822,0.031215476730811258,0.04815229563269878,0.23034055727554176,0.6846402778856894,56,0.30299856457690905,100
1,GRASP,100,20,best_first_neighbor,1.687013864517212,0.031215476730811258,0.04815229563269878,0.23034055727554176,0.6846402778856894,56,0.30299856457690905,100
1,GRASP,100,20,best_first_neighbor,1.674872636795044,0.030975463725480684,0.04815229563269878,0.23034055727554176,0.6800272707802676,58,0.2992029572904129,100
1,GRASP,20,20,best_first_neighbor,0.3326559066772461,0.032334509948429804,0.04815229563269878,0.23034055727554176,0.6721479171259844,35,0.34070223201550665,20
1,GRASP,20,20,best_first_neighbor,0.32875728607177734,0.03167872615868834,0.04815229563269878,0.23034055727554176,0.6375833070942721,39,0.32743937826476904,20
1,GRASP,20,20,best_first_neighbor,0.33753061294555664,0.03167872615868834,0.04815229563269878,0.23034055727554176,0.6375833070942721,39,0.32743937826476904,20
1,GRASP,20,20,best_first_neighbor,0.3264033794403076,0.031656105643586674,0.04815229563269878,0.23034055727554176,0.6395632404691262,41,0.3148221817749093,20
1,GRASP,20,20,best_first_neighbor,0.33559346199035645,0.03154237946982922,0.04815229563269878,0.23034055727554176,0.6589932709107506,43,0.30279691598259556,20
1,GRASP,20,20,best_first_neighbor,0.3331456184387207,0.031748548033246664,0.04815229563269878,0.23034055727554176,0.6807176452729071,43,0.3130273127365759,20
1,GRASP,20,20,best_first_neighbor,0.3321371078491211,0.03187639967241776,0.04815229563269878,0.23034055727554176,0.6772248527986278,44,0.31441927869256686,20
1,GRASP,20,20,best_first_neighbor,0.3345930576324463,0.03178576646361586,0.04815229563269878,0.23034055727554176,0.6723403414112786,45,0.30932003099001515,20
1,GRASP,20,20,best_first_neighbor,0.3369565010070801,0.03178576646361586,0.04815229563269878,0.23034055727554176,0.6723403414112786,45,0.30932003099001515,20
1,GRASP,20,20,best_first_neighbor,0.33570218086242676,0.03156737958137815,0.04815229563269878,0.23034055727554176,0.6612418081942552,46,0.3097702410090838,20
1,GRASP,300,100,best_first_neighbor,24.672248601913452,0.031033142296914732,0.04815229563269878,0.23034055727554176,0.6745704603154077,59,0.29874252713737265,300
1,GRASP,300,100,best_first_neighbor,24.68087410926819,0.031027020970178457,0.04815229563269878,0.23034055727554176,0.6788690488560097,60,0.29504856736387425,300
1,GRASP,300,100,best_first_neighbor,24.533535480499268,0.031027020970178457,0.04815229563269878,0.23034055727554176,0.6788690488560097,60,0.29504856736387425,300
1,GRASP,300,100,best_first_neighbor,24.39148235321045,0.031027020970178457,0.04815229563269878,0.23034055727554176,0.6788690488560097,60,0.29504856736387425,300
1,GRASP,300,100,best_first_neighbor,23.050811529159546,0.031027020970178457,0.04815229563269878,0.23034055727554176,0.6788690488560097,60,0.29504856736387425,300
1,GRASP,300,100,best_first_neighbor,23.231404542922974,0.031027020970178457,0.04815229563269878,0.23034055727554176,0.6788690488560097,60,0.29504856736387425,300
1,GRASP,300,100,best_first_neighbor,22.68549394607544,0.031027020970178457,0.04815229563269878,0.23034055727554176,0.6788690488560097,60,0.29504856736387425,300
1,GRASP,300,100,best_first_neighbor,21.88261127471924,0.031027020970178457,0.04815229563269878,0.23034055727554176,0.6788690488560097,60,0.29504856736387425,300
1,GRASP,300,100,best_first_neighbor,22.045313596725464,0.031027020970178457,0.04815229563269878,0.23034055727554176,0.6788690488560097,60,0.29504856736387425,300
1,GRASP,300,100,best_first_neighbor,22.06389546394348,0.031027020970178457,0.04815229563269878,0.23034055727554176,0.6788690488560097,60,0.29504856736387425,300
