0.3804545742532801,0.13834243420998232
0.32451015230523855,0.12207914388100485
0.38547081298327096,0.1427416790906752
0.3661799179661783,0.13533232093184833
0.4082353362477653,0.1494124089088706
0.3638632475807184,0.13436200002504362
0.44951118530332956,0.15607211324805018
0.6705369661810199,0.18139897735531996
0.6689943556984308,0.18121154421205274
0.28091487820263844,0.11043576551987772
0.3333884265648544,0.12924594150148597
0.33068334889717127,0.12625787918138337
0.272427765886822,0.1100718459589375
0.4086154795452605,0.15041556999245784
0.4522107536478606,0.1574944000410778
0.3812231248329987,0.14000720278793416
0.367334121166544,0.13624735693673132
0.4587696028604406,0.15806780370331666
0.42443274631495154,0.15270902713457016
0.3661799179661782,0.13441720617354375
0.5544445087198813,0.1752905469669262
0.5810600488676964,0.17929295335647474
0.4213502800113492,0.1508678508923669
0.323736092402368,0.12171522432006461
0.2049027466730575,0.07504287533152237
0.24117337564493516,0.09143831390184536
0.380449064930128,0.13784613014743197
0.32798378055264027,0.1254419937342203
0.5332253505995522,0.17117780703379884
0.23267799934439057,0.09039057838166603
0.24426135127168955,0.0956721765973025
0.5150969227675535,0.1711777282803773
0.4938777646472243,0.1643747714674149
0.57257293655188,0.1764483010169981
0.6543368014522577,0.18059403863375098
0.649326072045419,0.18043976068095252
0.3256671101671804,0.12218939867116203
0.39858575674685487,0.14524454158066466
0.44178711424407957,0.15310594437913605
0.508144156949598,0.1697992283897265
0.4765123780717921,0.1601957999067717
0.5428694207773104,0.17510295631681594
0.4425666834701023,0.15374565842231225
0.33841017461799733,0.1325427959874502
0.3546020753620314,0.13316006530548732
0.30946419077684206,0.11951004976349953
0.28748199139994657,0.11648906851319288
0.25621658251175555,0.1012290180212242
0.3989796733522303,0.1462370709523439
0.3843111004597531,0.1402167656426543
0.403984893435917,0.14829859926801847
0.47304701380911857,0.15940212292448314
0.4491255326826823,0.15396624675604817
0.5918555675842445,0.17991030142793343
0.5393957925299088,0.1729529091553294
0.37003644417265125,0.13685383703601733
0.5069816897645041,0.1646942740986061
0.4838480418488188,0.1631508645432487
0.31448318416840904,0.11978584424573557
0.3198823208574711,0.1216160737623447
0.37312717446098165,0.13774705834313355
0.5710303260692908,0.17617266404160514
0.28130604014643784,0.11095412054045954
0.28980141644698243,0.11900303523561961
0.47226744458309583,0.1584647209478825
