0.5278234592489139,0.17959016876936992
0.45184438365824575,0.1717067937662887
0.5644687221951349,0.1799983477532161
0.5189589582971785,0.17576448505775896
0.4313965307792111,0.16627099635127526
0.23503048033033902,0.11642283688567706
0.23502221634561085,0.11333546650101146
0.23310221722710256,0.11240956252395581
0.2512306450591013,0.12013850206739544
0.298296792747527,0.1360266898495739
0.32067841805295016,0.1443182438365013
0.3361072775404178,0.14830954599361265
0.3677418110797998,0.15611590015042695
0.2770776346271979,0.13109806446928346
0.2643566074689895,0.12840800509629144
0.25662978174816337,0.12345717125112647
0.4263858013723724,0.16522365459820362
0.26242558970417695,0.12700769050787375
0.47536643885615437,0.17214773417349583
0.40323562548723085,0.1645066834484958
0.3692899308855411,0.15710835076868462
0.4286969624346802,0.16613869060308667
0.26744182843416775,0.12936722177065887
0.24196947284041423,0.11916810240716923
0.2531589081623377,0.12220026664333467
0.3226066811561866,0.14595001473082753
0.3615713691494432,0.15517873443409097
0.33417625977560533,0.14609334595803186
0.49350037601130514,0.1738238432441496
0.3874183587175398,0.16147451921233036
0.3465281622826228,0.15191511389201695
0.2732321270670292,0.13065736032234093
0.43795537999179107,0.17036152781952804
0.31797334038526703,0.14360143019363658
0.4938860286319525,0.17573125111386872
0.3121940603987098,0.14193674036910628
0.2655108106693552,0.1285953594861371
0.30485839662168307,0.13872808971526784
0.4568551130650844,0.17171774049188288
0.3430545340352212,0.14882790101419446
0.35656063974260443,0.15501343100227674
0.2840331551067294,0.13524403834630105
0.299459259932621,0.1385296310929849
0.396682285597803,0.16263243076924533
