0.6395345189925034,0.3478594835351264
0.5641604717543364,0.3080553268383796
0.51014710956369,0.30406551687932765
0.31303911420595343,0.2322047291957936
0.2413976976882783,0.1884162885925697
0.4222577710862269,0.27973983344477543
0.140836234747969,0.10947110150805976
0.1546689250650858,0.1488221218936677
0.2024716916031492,0.16409613121059233
0.20118565917003858,0.15436475262625649
0.0981775979423481,0.10703963837511951
0.18741570214234185,0.15304402606086392
0.21373231705404475,0.17602687871972414
0.35318841943477314,0.25209851846530473
0.248988425708102,0.2036792458043446
0.39970515353972597,0.2658197070086925
0.22006837928546785,0.1822271097087218
0.2803550704181174,0.21384718254209473
0.28041780370753744,0.22977326606285334
0.4511778175088611,0.28372964340382734
0.6106772058592892,0.3215554732787729
0.461183777171356,0.2894712120291113
0.4926131551707914,0.2897033062372556
0.38835042815470033,0.25763009709274376
0.23763370032307643,0.18377440442968376
0.20745898811204166,0.17514271030774586
0.4926445218155014,0.29855051640961316
0.5741664314168314,0.3157862743906146
0.6307518584736991,0.34410176778421875
0.5013958156895957,0.30296583241692965
