0.3252952308544134,0.13827596632220188
0.41634230526608657,0.15850866535710229
0.4529875682123073,0.16218038612960092
0.560989584624581,0.17712046146984917
0.4464259643381513,0.16018461692091293
0.47729470195939083,0.17337156234424053
0.5154825753882006,0.174705881565407
0.3607917999234205,0.1451342867905075
0.4556898912184144,0.16287507006101268
0.46263714771321773,0.16599543812930387
0.3785290658116197,0.14773622108479534
0.2720421132661747,0.10789982659284111
0.3137228975734186,0.13007293118108637
0.3229840697921056,0.13231126092812012
0.348442652077979,0.14295100568513075
0.305227521272874,0.1294772403005514
0.4402555224077947,0.1595451391380013
0.42173593263199655,0.15867389003549495
0.27282443715377347,0.11975253154842382
0.46302004567228905,0.1682225061370573
0.38817589065095415,0.14782458242376417
0.28439677043476824,0.11992901796609681
0.32414102765404756,0.13531019122039534
0.5644632128719826,0.17762771225799373
0.39396894394539156,0.1530729466955104
0.40168199635833735,0.15477087046393093
0.28901909255938363,0.12298291814660751
0.3484398974164029,0.1383092002660921
0.3901096630773427,0.15193724360346994
