0.4913584893823908,0.3325854742182017
0.49264452181550145,0.3325910002707766
0.42482983595244816,0.310033653660181
0.40851918070324017,0.3062759379092733
0.3997365201844359,0.30229718005537104
0.4813525297198959,0.32861224241687437
0.5755151971393621,0.3564745994993397
0.31307048085066347,0.2702294969634342
0.35453718515730376,0.2857134962782036
0.33317650010978334,0.2779714966208189
0.5127505410746214,0.3383436210012103
0.5290611963238293,0.34342758937008533
0.6433298830024152,0.3693060935781744
0.5491672155829491,0.349180210100519
0.49010382359399013,0.33081713739424523
0.559204541890154,0.35139063113046465
0.5390985226310342,0.345638010400031
0.601894545340485,0.36001679919982765
0.5479125497945485,0.3474118732765624
0.4712838367679809,0.3248490006133919
0.4562278473071736,0.32109128486248417
0.44493585521156803,0.3177756533175657
0.4650418744706879,0.32352827404799933
0.4763338665662935,0.32684390559291787
0.42862519996236004,0.3120285586397069
0.36331984567610803,0.2907974646470787
0.5227878673818261,0.3398909157221722
0.3582698158777956,0.28681318074060164
0.38715849565571975,0.29853393825188856
0.3783758351369155,0.2945551803979864
0.3181205106489759,0.27421378086991116
0.33816379661867574,0.27862909687722776
0.2942191273799442,0.2620454131000603
0.6069132084940875,0.36333243074474614
0.38342586493522784,0.2965500853775123
0.26787114582353133,0.25143539215632105
0.2892318308710518,0.2591773918137057
0.24776512656441144,0.24369339249893626
0.26410714845832944,0.24900392902338075
0.43358112982654246,0.3133437591525246
0.45494181487406293,0.3210857588099093
0.5277751638907187,0.34342206331751046
0.4235751701640475,0.31003365366018093
0.5227565007371161,0.33944330546360824
0.5064144788431981,0.3356800636601257
0.19252846523007436,0.21517343516006215
0.17116778018255388,0.2058841407817154
0.1724224459709545,0.2074314355026774
0.20131112574887866,0.22246782455888287
0.2050751231140805,0.22489928769182316
0.2766538063423356,0.25872978155514176
0.3419591606285876,0.283055464989694
0.39845048775132524,0.30229165400279623
0.5378124901979235,0.34563248434745614
0.6885292180295474,0.3768270511325646
0.43486716225965305,0.3133492852050995
0.3770898027038048,0.2945496543454115
0.42228913773093696,0.3100281276076061
0.2967598256014555,0.26647178121252646
0.24400112919920955,0.24126192936599603
0.23396380289200466,0.23993567674802863
0.29547379316834477,0.2644768762330005
0.3117844484175528,0.2702239709108593
0.32185314136946774,0.2753134653323092
0.3318904676766727,0.277965970568244
0.23267777045889404,0.23993015069545376
0.2628211160252188,0.2489984029708059
0.2464790941313008,0.2436878664463614
0.30930648348546164,0.266692823315521
0.22640444151689096,0.23329888760561673
0.2238951099400897,0.232635761296633
0.15106176092343404,0.19703693060935784
0.2540070888617045,0.24832975060924734
0.1498070951350334,0.19548963588839585
0.24271509676609893,0.24125640331342116
0.17995044070135816,0.21207331966556334
0.2214171450079985,0.23020982421626762
0.13851510303942788,0.1884162885925697
0.25529312129481513,0.2483352766618222
0.5077005112763088,0.33568558971270057
0.2665851133904207,0.2514298661037462
0.27536777390922496,0.2587242555025669
0.2954737931683448,0.2664662551599516
0.2527837897180139,0.2476721503528385
0.3620338132429974,0.2907919385945038
0.4436498227784574,0.3177701272649908
0.3105611492738622,0.26691386541851564
0.4072331482701295,0.30627041185669845
0.3858724632226091,0.2985284121993137
0.20378909068096987,0.2248937616392483
0.10203569524168,0.15966423704555124
0.39719582196292463,0.2991970645608723
0.3746432044164235,0.2914661170086372
0.4198425394435557,0.3080498007858047
0.36077914745459677,0.2876973491525799
0.6270192277532073,0.3635589989003156
0.6018318120510648,0.35890053657970505
0.5742291647062514,0.3564690734467648
0.48006649728678524,0.3286067163642995
0.47379316834478225,0.3250700427163864
0.31683447821586525,0.2742082548173363
0.308020451052351,0.26668729726294615
0.3368777641855651,0.2786235708246529
0.2715724098993131,0.2542978873901007
0.29296446159154355,0.26204541310006024
0.6056271760609768,0.36332690469217127
0.18371443806656002,0.21450478279850357
0.4888805244502996,0.3290543266228635
0.3205671089363571,0.27530793927973435
0.27285844233242373,0.25430341344267554
0.34067312819547696,0.2830499389371191
0.2502117248517926,0.2439033824967811
0.29042376337003234,0.25982946601753976
0.5704965339857596,0.3524958416454375
0.59185721903328,0.3564801255519146
0.45368714908566227,0.3193174219859528
0.5013958156895957,0.3341327689391637
0.21131708541137356,0.22953564580213418
0.1824284056334494,0.2144992567459287
0.22511840908378034,0.23329336155304187
0.26529908095731003,0.2496560032272147
0.28920046422634177,0.2591718657611309
0.2916784291584329,0.2620398870474854
0.27411310812082434,0.2560717502666321
0.21260311784448419,0.22954117185470904
0.46999780433487026,0.324843474560817
0.6320065242620998,0.36686910439265924
0.526520498102318,0.3416537264935539
0.5591731752454441,0.3502798945629169
0.5704338006963395,0.3520427053342986
0.5955898497537718,0.357358767911318
0.569210501552649,0.35182718928387885
0.51020984285311,0.33590663181569513
0.5114645086415107,0.3383380949486354
0.5014585489790158,0.33436486314730807
0.47504783413318286,0.326838379540343
0.14224773375991973,0.18863180464298937
0.14604309776983154,0.19305817275545561
0.19375176437376493,0.215831035416471
0.16740378281735205,0.20345267764877517
0.2226404441516891,0.23086742447267647
0.19751576173896676,0.21804145644641665
0.17866440826824753,0.21206779361298847
0.1171544179919074,0.17802178369925012
0.16360841880744018,0.19902630953630893
0.2088077538345723,0.22511480374224282
0.25149775728490326,0.24390890854935596
0.16614911702895138,0.20080017241284037
0.28794579843794116,0.2591718657611308
0.29293309494683356,0.26203988704748543
0.23142310467049343,0.2372776454595189
0.3532511527241931,0.2857079702256287
0.20002509331576804,0.222462298506308
0.2703177441109125,0.2516453821541658
0.41855650701044506,0.3080442747332298
0.3821398325021173,0.2954393488099647
0.4423951569900567,0.3157807483380397
0.3382265299080958,0.27996640160034486
0.4273391675292494,0.31202303258713204
0.3519964869357925,0.2837185912986776
0.4059784824817289,0.30428103292974734
0.46375584203757725,0.32352274799542446
0.35698378344468495,0.28680765468802677
0.31557981242746463,0.2722188758903852
0.37335717198331303,0.2914605909560624
0.22013111257488788,0.23020429816369276
0.19124243279696373,0.2151679091074873
