0.5427997867068161,0.29766082194506005
0.45864307894984474,0.28570797022562877
0.4875631253724789,0.29500279065655033
0.4599291113829554,0.28571349627820364
0.5679558357642484,0.332817568426346
0.5440858191399267,0.2976663479976349
0.5503591480819296,0.3104867899713198
0.4460964210658387,0.260509170484248
0.6910071829616388,0.3392443675709132
0.42103447194253635,0.25012571769607816
0.33057306859885205,0.21827355065456094
0.3870643957215897,0.24126745541857086
0.29537969323421476,0.19549516194097072
0.23634766788996583,0.18376887837710887
0.2928389950127035,0.19128983593149906
0.22869420658072204,0.11456059592950969
0.19855086101439728,0.11455506987693481
0.3280637370220508,0.21628417172760983
0.37078510711709173,0.2386204762352109
0.3531884194347731,0.22911013975386962
0.3205357422916471,0.21208437177071301
0.3381324299739657,0.2189422030161195
0.4147611430005333,0.24747321246014334
0.30673441861924033,0.20788457181381625
0.2991750572441266,0.205005498422312
0.42978576581663064,0.25343582318842184
0.34311972648285816,0.224904813744398
0.3117217151281328,0.21075259310017078
0.4084250807691102,0.24724111825199907
0.40215175182710716,0.2428202761921077
0.45861171230513476,0.277965970568244
0.4511150842194411,0.26095125469023717
0.23252093723534392,0.12606583739037694
0.18603556977510116,0.09068804880609635
0.43358112982654257,0.25587281237393694
0.542799786706816,0.2958924851211035
0.2726702424641636,0.1846419946839374
0.41723910793262453,0.24768872851056303
0.7173237978733416,0.3396809257243274
