0.02315843986986979,0.010287323195615388
0.02121915812032913,0.0051270840025733466
0.08449373452224528,0.023760931073351647
0.05208789574156867,0.01796121409739798
0.008489866977392494,0.004355221718051568
0.04205541828158702,0.013694196211472155
0.15085904121249186,0.04852510198371207
0.9467771836890978,0.25213065413143215
0.907432352398346,0.248558162670075
0.9436892080623435,0.2517557090914762
0.02160756540255247,0.00817019496433297
0.41594563399913526,0.14273088987192414
0.40821329895515696,0.13648991747507713
0.8229551458455571,0.2400679925540216
0.2643070235606205,0.09494425872200053
0.2565829525013705,0.08261745816874194
0.768950005647056,0.23678200604023
0.8171676018742717,0.23983637874126998
0.8908437803873603,0.24649624058729272
0.45761264499849885,0.1600303389681145
0.0551786260298991,0.020012110701164557
0.20140157180989535,0.06220835146959005
0.7164874759311444,0.2318421976740808
0.7766603033984257,0.2379065261464117
0.7269028513501973,0.23317635938840417
0.24538800785629483,0.08133818758923256
0.848028075510783,0.24324348801739137
0.14005801317279168,0.046275825511084126
0.8727098432322096,0.24516192136612627
0.697584988196275,0.22890926274905685
0.3719536886295834,0.12555240603122056
0.383143123951507,0.13189221397210132
0.741177507637299,0.23510597572299785
0.31484955415802396,0.11034748293433046
0.21182521121367634,0.06822857802585804
0.20949752218191234,0.06683897390276994
0.7184157390343807,0.2320186053383323
0.8514989490966086,0.24336476828656428
0.22533407158263577,0.07918821918116759
0.3140727395935773,0.10710583459686639
0.7010586164436766,0.22991266009290867
0.6898719357833292,0.2280272244277994
0.37079122144448956,0.123148694098951
0.7238176303850189,0.23290072241301124
0.5116315585048798,0.18117799525447648
0.14276033617889874,0.046937433005448725
0.7153305180692024,0.2315886116567193
0.6937284619898022,0.2282697849661452
0.06713661193154116,0.023253680285207093
0.21375898364006488,0.07212072962524946
0.5714297519978183,0.19669147425696357
0.9240181697477555,0.2514469169256146
0.6412604229507384,0.2160640284217949
0.6752143815371561,0.2252376994834013
0.5714352613209703,0.1994810779547832
0.3615300492258024,0.12048037067030425
0.4236586864120808,0.14984232383706206
0.6756000341578035,0.22635127286398876
0.6034554474809997,0.20758512004502186
0.8962456717379986,0.2484037272104334
0.5181876530558838,0.18122209717053933
0.7091573214772698,0.23082777485121325
0.6416515848945378,0.21711160643513117
0.17131791273783062,0.0613262343949111
0.15896325556923704,0.051524189782830354
0.689483528501106,0.22758612651374915
0.5961280476887011,0.20417824702916512
0.5675732257913455,0.19419971599941135
0.33144363549216166,0.117635639577406
0.41554620807060755,0.13790133629593213
0.5309252081835485,0.1881464130060962
0.45838395023979317,0.16204800162799082
0.6123309670790394,0.2101872905995743
0.5189644676203304,0.1853457838292608
0.6983590480991456,0.22935036066310707
0.6632536409739381,0.2234183379389648
0.7396348971547099,0.23467598204138487
0.6582401569055233,0.22234886647444016
0.2731770338355082,0.0965760296163267
0.26314455637552653,0.0858370555481746
0.770489861468069,0.23787344970936455
0.6574688516642286,0.22135657336302555
0.7064577531327387,0.23064034170794603
0.4533704661713787,0.15586270790017323
0.6941168692720254,0.22838011850972392
0.6740574236752142,0.22510539373521268
0.5614027838609887,0.19407843573023847
0.0648226962076574,0.02105960996107927
0.7145619674894839,0.23122484960262216
0.5432660920442619,0.18968998006829665
0.8538128648204923,0.24499653918089048
0.6995160059610875,0.22952676832735855
0.20564650529859152,0.06498685093497243
0.41130127458191124,0.13738306002877182
0.46610251197589103,0.1654660576297064
0.08913533927789302,0.03229504559862484
0.6806135182262183,0.227123056395089
0.4383189953198299,0.15564188330617265
0.6798422129849236,0.2266048588813503
0.27009181287032985,0.09635552003601236
0.32641913277744267,0.11202335574471955
0.5093176427809963,0.17896187397231716
0.5691158362739345,0.19655916850877495
0.630076496951967,0.2148622512090817
0.3769616633748461,0.12661069450988638
0.7388635919134152,0.23429009027583475
0.7026012269262658,0.23014419515223875
0.4792257197242033,0.17156346253908444
0.6848556970533384,0.22750894816063913
0.6979733954784985,0.22895344341854124
0.4653312067345967,0.16395556700455305
0.6212009773539271,0.21126778754311462
0.9078180050189933,0.24990327110999255
0.7805168296048985,0.2380939592896789
0.8287399351552663,0.2419423239866936
0.5019847336655456,0.1754776650965073
0.3596072954457181,0.1197859229991571
0.12077538214042716,0.043993551354830546
0.6420372375151849,0.2186000461022531
0.6956594797546147,0.22878806123330547
0.3731051371683732,0.12569557975158183
0.284380242465312,0.1031808428206924
0.852270254337903,0.2448752589117176
0.676371339399098,0.22645050217513024
0.3947127025709257,0.13383269827886762
0.49542312979138947,0.17342676849274075
0.11691334661080213,0.03945089649351178
0.7847590084320187,0.2385349784503076
0.22030681420634068,0.07468942997564708
0.551370306401007,0.19068243068655433
0.5980563107919376,0.20687948938801595
0.8248834089487935,0.24157848317917494
0.41554345340903154,0.13749331481892899
0.8360673349475649,0.24303384640924966
0.40590213789284924,0.13527719353676973
0.43754769007853545,0.15360216968826487
0.26005107142562,0.08438145605783523
0.6165731459061596,0.2106613861972502
0.6489789846868362,0.2193938805913847
0.6593971147674653,0.22303244617341467
0.5972794962274909,0.2044647519767307
0.08642750694863384,0.02850204455695334
0.6678814724217056,0.22406884120089213
0.6856270022946329,0.22757510103473344
0.49851386007971993,0.1746066522542656
0.6516785530313672,0.2195592627766205
0.5722065665622649,0.19972363849312902
0.589566443814545,0.20192889180311563
0.606540668446178,0.20847818384529496
0.5050699546307239,0.17607304096335605
0.5533040788273957,0.1925679451050851
0.6740574236752142,0.22454309430541108
