0.54094391233565,0.17922656422211586
0.4657251233399721,0.1671201157423286
0.46533671605774873,0.16698773124071847
0.5347734704052934,0.17801376153038695
0.580291498287978,0.18736368274940166
0.5174135931530132,0.17596286492662036
0.4715071579881054,0.16977717743169501
0.4826965933100289,0.17151936062302148
0.5590668308444966,0.1804062117233761
0.5201104068359682,0.1763597034177646
0.4965773329917553,0.17276516099837605
0.32954567366626175,0.13696417057959603
0.1852372176816217,0.08208823517598753
0.18137518215199672,0.07947503914241935
0.2531478895160335,0.11529800176580923
0.49696849493555467,0.173316592456005
0.5070009723955364,0.17541159097583447
0.466882081201914,0.16794702666850742
0.4599348247071106,0.1653007541978921
0.34458612587150605,0.1437779166113096
0.35694904702482777,0.15499145879766682
0.3932003933656731,0.1557963187658142
0.33803003132050213,0.13975361677057263
0.41056027061795325,0.15932462955768692
0.4491310420058343,0.16444060932782303
0.4105657799411053,0.16333806142625126
0.407477804314351,0.15921445352095132
0.3137228975734187,0.13524388083945796
0.31642797524110183,0.13630248433180994
0.2230532117976646,0.10216626249098178
0.2280666958660794,0.10540775332160275
0.2527594822338102,0.11332436226857422
0.2531506441776096,0.1156288448897023
0.34458337120993004,0.14053634702726706
0.3252952308544134,0.13645676228460846
0.3060098451604728,0.13410825650083902
0.2944375118794781,0.13091078883285934
0.295597224402996,0.13336954940678597
0.28556474694301437,0.13070122597813918
0.25508441660399817,0.12067867178574408
0.4618630878103471,0.16560946761033218
0.33378234317022976,0.13707426786291016
0.27437806628266687,0.12742657995704948
0.30986912602852185,0.13460448180996787
0.22884901975367816,0.11135080152476076
0.27592343142683207,0.12976406026180318
0.2612631225190829,0.12470320788674567
0.25354456078298504,0.12027080781558407
0.2685905223113815,0.12508909965229575
0.33764437869985486,0.13912516446667672
0.33609901355568955,0.13898175448605088
0.19488128785938005,0.08847206627950961
0.22421016965960647,0.10291599506405057
0.1952696951416034,0.09308079526150115
0.24736310020632415,0.1121667657253454
0.20916420813121003,0.10071074175406393
0.46263439305164167,0.1662158689561967
0.44527727046093757,0.16413197466880453
0.18716823544643424,0.08524160092790431
