0.26625732395646534,0.11022620266515755
0.27862024510978706,0.12845194950551123
0.37198398990692005,0.15027239627209657
0.35924918944083123,0.14567453526227764
0.27359574239506806,0.11450440353694218
0.40168475101991347,0.1557411913707356
0.4695844042080211,0.1697883604175538
0.2728244371537735,0.11322544797111891
0.29945099594789293,0.12862851467660577
0.47035570944931565,0.17000886999786816
0.32106407067359743,0.1376478290319921
0.35191352566380457,0.1413523112278517
0.4151908567272969,0.16123211618082767
0.41287418634183704,0.15989795446650426
0.32529523085441336,0.14118669278235135
0.31681087320017304,0.13456037989390499
0.4055357679032343,0.15711921874085724
0.37815443183727665,0.15189314168740708
0.31449695747628925,0.13324834789103457
0.40090793645546685,0.15537719305637387
0.43216232669735366,0.16687724019029665
0.3773803719344061,0.15185998649693838
0.4113288211976718,0.1585748182311966
0.4105520066332251,0.15790210650439473
0.39165502822150783,0.15455036088361657
0.36734789447442445,0.14599427415373348
0.5201131614975443,0.1789176933028327
0.5826081686734377,0.18525789501082113
0.3538417887670411,0.14222332407009342
0.4711242600290342,0.17191619911416578
0.5139399649056116,0.1759848371312302
0.5150969227675535,0.17714251242788057
0.5436462353417573,0.18343837595954154
0.5085435828781255,0.1750477501683158
0.36850760699794227,0.14731741038904111
0.48038267758614517,0.17267703591967185
0.3550042559521351,0.14501292776791308
0.4271488426289389,0.16165116313684647
0.4398808884334515,0.16911556993733043
0.3908809683186373,0.15408721201153489
0.3719757259221919,0.1484309050162071
0.3063927431195441,0.1308225850007336
0.4032273615025027,0.1562373379264429
0.3823966106643969,0.1537784985990948
0.5012079191010989,0.17435290873006093
