0.15347699256610522,0.17270572112223076
0.15476302499921585,0.17271124717480563
0.42730780088453935,0.30074435928183424
0.14968162855619338,0.16827935300976452
0.16354568551802018,0.1817739733975829
0.14968162855619335,0.16628997408281343
0.15601769078761646,0.18111084708859918
0.5164518051504031,0.3279435900553158
0.5780245287161633,0.33879123125977423
0.5830118252250558,0.33922778941318854
0.2690944449672219,0.24524068721989822
0.2879457984379411,0.25740352893717433
0.26780841253411125,0.24523516116732336
0.26529908095731003,0.240814319107432
0.5842351243687463,0.3398853896695974
0.5868071892349677,0.3427699891136765
0.2389510994008971,0.22423616138283942
0.1736457451146451,0.20300506739021118
0.24773375991970142,0.23351992970861124
0.19748439509425675,0.21074154099502107
0.4511778175088611,0.306939064218257
0.3770898027038048,0.27996087554777
0.3896364605878109,0.281508170268732
0.4536871490856623,0.3091494852482026
0.5503905147266397,0.3381225788982157
0.49763181832439385,0.32352274799542446
0.4825758288635865,0.3173335691115765
0.4524324832972617,0.3080442747332298
0.39719582196292463,0.29698664353092663
0.5290298296791193,0.3303805792408309
0.47379316834478213,0.3149021059786363
0.5968445155421725,0.34807499958554616
0.5880618550233682,0.3434331154226602
0.640789184780904,0.36620597808367555
0.6119005050029799,0.3511695890274701
0.6948025469715505,0.38191101950143963
0.6621498698284245,0.3739479777410603
0.6257331953200966,0.3624482623327679
0.6156958690128917,0.3555959571399363
0.6558765408864213,0.36820088306320153
0.6496032119444184,0.366432546239245
0.6370565540604121,0.3633379567973211
0.6131551707913805,0.3531589679544212
0.37332580533860305,0.2797398334447754
0.3356544650418746,0.27221887589038524
0.2502744581412127,0.23927255043904488
0.3369404974749851,0.27576107559087315
0.29801449138985603,0.26647178121252646
0.16486308459584076,0.1939423411674339
0.20253442489256923,0.21804145644641665
0.2062984222577711,0.22047291957935689
0.1749317775477557,0.20301059344278605
0.16357705216273016,0.19393681511485902
0.216335748564976,0.2217991721973243
0.2778771054860262,0.25430341344267554
0.20758445469088171,0.22047844563193175
0.19375176437376496,0.20875768812064477
