0.0010038513141765039,0.017054081582424906
0.8909083889151653,0.43808618672401833
9.652416482466385e-06,0.00606207473655912
2.8957249447399156e-05,0.011749292884161742
0.006804953620138801,0.025766657453019863
0.11417843457109489,0.15005244205815196
0.031988108222893594,0.06707282441187273
0.8628970762830479,0.4369426848061914
0.7817588633314352,0.4248033896123073
0.6001872568797602,0.391819796214327
0.747956100809838,0.41835888542640876
0.6253028445671375,0.3982643004002256
0.5547919421627207,0.3823423614450531
0.5760369108406291,0.38726850712416827
0.5702454609511494,0.38613257806672435
0.5702358085346668,0.38612879163653285
0.7479561008098381,0.4194948144838527
0.5557571838109673,0.3823423614450531
0.5460951149120183,0.3796880738808258
0.568314977654656,0.38499664900928043
0.7672802386077358,0.42253153149741945
0.549956081505005,0.3800667168999738
0.588594704684318,0.3903014377075436
0.12771112247951275,0.16179794851212223
0.7701759635524758,0.4236674605548634
0.7383036843273716,0.41722295636896484
0.5403036650225386,0.3785521448233819
0.5847337380913313,0.38878686563095166
0.1277304273124777,0.16786380967887277
0.553826700514474,0.38196371842590515
0.5547822897462381,0.3823385750148616
0.5760465632571117,0.38727229355435977
0.5238849045858631,0.3743832851825627
0.7392689259756183,0.4176015993881128
0.5605833920522005,0.38309964748334907
0.5316068377718364,0.3758978572591546
0.002943987027152247,0.024252085376427958
0.5856989797395781,0.3895441516692476
0.5847337380913313,0.3891655086500997
0.6011524985280067,0.39219843923347497
0.6040482234727466,0.39371301131006686
0.5461047673285009,0.3796918603110173
0.5509213231532516,0.38044535991912176
0.6185461530294111,0.3959924422853377
0.5518962172179807,0.38044914634931326
0.540294012606056,0.3785483583931904
0.47751469580409467,0.3588437756767297
0.5383731817260452,0.3781735018042339
0.6098396733622264,0.3948489403675108
0.529676354475343,0.3755192142400066
0.5837684964430847,0.38878686563095166
0.5683053252381736,0.38499286257908893
0.3905657281300374,0.3201918962821041
0.553826700514474,0.3815850754067572
0.5789422882018516,0.38727229355435977
0.34612600264476223,0.2985940984699035
0.14126311522089557,0.1750655999030673
0.49490835030549907,0.3645309938243323
0.5750813216088649,0.3865150075160639
0.5586529087557072,0.38272100446420115
0.5238849045858631,0.3736259991442667
0.5663844943581628,0.3842393629709845
0.0861188598565651,0.11329756418945784
0.036814316464126785,0.07350975573738835
0.5287111128270964,0.3751405712208586
0.2079420082817733,0.22394084081468826
0.5064912500844587,0.36869606703496005
0.4427466916342507,0.3440691250695756
0.5731411858958892,0.3865112210858724
0.13448711885020415,0.1708929538320566
0.550911670736769,0.38044157348893026
0.2707406299166997,0.25614821602341525
0.43790117856005256,0.3402751220177128
0.5489908398567583,0.3800667168999738
0.5238849045858631,0.37286871310597075
0.008754741749597011,0.034861662772954286
0.4755842125076014,0.35732920360013776
0.550930975569734,0.38044914634931326
0.5731315334794067,0.3865074346556809
0.49587359195374575,0.36490963684348027
0.4929778670090058,0.3633950647668884
0.529676354475343,0.37514057122085864
0.44176214515303913,0.3440615522091926
0.5441742840320075,0.37931321729186934
0.5818380131465914,0.3876509365735078
0.4495033831719772,0.3463409831844634
0.01070452987905522,0.041684809978000836
0.5663748419416803,0.384235576540793
0.11998918929353966,0.15422508812916266
0.43792048339301753,0.3429331960121316
0.5605833920522004,0.38347829050249704
0.015550042953253346,0.04888660020219537
0.5383635293095628,0.3781697153740424
0.5345025627165763,0.37627650027830256
0.43210972867057273,0.33989647899856484
0.4214920705398597,0.3357314057879371
0.03972934624183164,0.07654647275095514
0.564444358645187,0.38385693352164507
0.5460854624955359,0.3796842874506343
0.1557417399445951,0.18453167538176674
0.17993069564965586,0.2068943320926463
0.6233723612706442,0.3975070143619296
0.19247883707686217,0.20992347624583013
0.5364330460130695,0.37665514329745053
0.5373982876613161,0.37665514329745053
0.5209698748081584,0.37248249722643983
0.05614810667850696,0.09056005088962178
0.5692802193029026,0.38537529202842846
0.07067499348461888,0.1072392758830902
0.4533643497649637,0.3478555552610554
0.5692705668864202,0.38537150559823696
0.505526008436212,0.3679387809966641
0.12771112247951275,0.16293387756956615
0.4630167662474301,0.3527779145099791
0.15771083290701823,0.19174103846634424
0.23112711267265756,0.23492906123036256
0.585698979739578,0.38954415166924766
0.22630090443142434,0.2326572031154747
0.7160838215847339,0.41191438124051016
0.500699800194979,0.36718149495836816
0.02811748921342458,0.059496177598721695
0.47075800426636816,0.35581463152354587
0.48813235393480764,0.3618729198299135
0.5489811874402758,0.3800629304697823
0.3934614530747773,0.32284239741613996
0.024256522620438026,0.0576029625029818
0.511317458325692,0.369831996092404
0.07260547678111215,0.11254027815116187
0.10160133589444119,0.13035164577188274
0.7257362380672003,0.414943525393694
0.49392380382428747,0.36452342096394935
0.5943958069902803,0.391441153195179
0.5934305653420336,0.390683867156883
0.3905657281300374,0.31943461024380815
0.5335373210683295,0.3758978572591546
0.5943958069902803,0.39106251017603105
0.31326917693844664,0.2819186599066266
0.36834586538739983,0.3110968909621697
0.5151784249186785,0.3717252111881439
0.20599222015231505,0.21938955172452954
0.16157179950000478,0.19666339771526797
0.4282487620775862,0.33838190692197295
0.2949295856217605,0.2728312274470751
0.5200046331599116,0.37248249722643983
0.2852578643063291,0.26449350816543665
0.6243376029188908,0.3978856573810776
0.5518962172179807,0.38082778936846123
0.24952461848823843,0.2436605692519149
0.19633980366984866,0.21408854945645792
0.059053484039729334,0.09132112335810924
0.45722531635795033,0.3501274133759432
0.46496655437688833,0.35316413038951
0.4012026910937154,0.3266364004680027
0.5354678043648229,0.37627650027830256
0.49876931689848575,0.3652882798626283
0.47268848756286147,0.3565719175618418
0.20890724993001994,0.2246981268529842
0.40988986592793514,0.33080147367863044
0.5915000820455403,0.3906838671568831
0.5026302834914721,0.36718149495836816
0.3480564859412555,0.30086595658479137
0.46108628295093684,0.35202062847168314
0.4466076582272373,0.34634098318446344
0.23597262574685568,0.23910170730137326
0.3799287651663595,0.31564060719194537
0.2727097228791228,0.26032843495480884
0.5876294630360712,0.38954415166924766
0.30940821034546007,0.2811613738683306
0.49006283723130095,0.36225156284906146
0.5306415961235897,0.3755192142400066
0.3789828283510778,0.3148908940140324
0.6281985695118774,0.3986429434193736
0.532572079420083,0.3758978572591546
0.2891188308993157,0.2675226523186205
0.4997345585467323,0.3660455659009242
0.6127450507234488,0.3948527267977023
0.051321898437273764,0.08753090673643794
0.5528614588662274,0.3812064323876092
0.30456269727126195,0.2788819428930598
0.277535931120356,0.26335757910799273
0.33741952297757755,0.29707195353292865
0.3992722077972221,0.3262577574488547
0.351917452534242,0.3023805286613832
0.5238849045858631,0.3728687131059708
0.423422553836353,0.33611004880708506
0.5093869750291987,0.369074710054108
0.45432959141321033,0.3486128412993514
0.2572465516742116,0.25350528774976233
0.1693130375189428,0.20386518793946248
0.3084236638642485,0.2800178719505037
0.4272835204293396,0.337624620883677
0.25242034343297837,0.2504761435965785
0.4640013127286417,0.352785487370362
0.5567224254592139,0.3823423614450531
0.39153096977828405,0.32246375439699193
0.31809538517967983,0.2860837331172543
0.46977345778515656,0.3558070586631629
0.5615582861169296,0.38348207693268854
0.3644848987944133,0.3076891037898379
0.42631827878109296,0.33724597786452903
0.4794451791005879,0.3592224186958777
0.333558556384591,0.29442145239889284
0.4591557996544436,0.35126334243338714
0.4205268288916131,0.3353527627687891
0.28716904276985744,0.2663791504007936
0.7180143048812272,0.41191438124051016
0.4746189708593547,0.3565719175618418
0.41085510757618177,0.33231604575522233
0.37992876516635954,0.3156406071919454
0.508421733380952,0.3690747100541081
0.3615891738496734,0.30655317473239396
0.3200258684761731,0.2879769482129942
0.37027634868389314,0.3141260351153535
0.46786227932162827,0.35467870246610195
0.4495033831719772,0.34709826922275944
0.5055260084362121,0.368317424015812
0.4379011785600526,0.3406537650368608
0.5093869750291986,0.36983199609240397
0.15188077335160857,0.17885203009454712
0.48427138734182107,0.3603583477533216
0.1886178704838756,0.20916619020753419
0.10158203106147626,0.12277121252854022
0.39637648285248217,0.3247431853722628
0.4253530371328463,0.3361100488070851
0.34996766440478383,0.3012370267435564
0.08999913128251659,0.1197420683753564
0.32583662319861784,0.2921495942840049
0.45336434976496376,0.3474769122419074
0.10548160732039268,0.13376700580459747
0.029082730861671218,0.06025346363701765
0.5006998001949788,0.3668028519392202
0.43693593691180593,0.3402751220177128
0.3538479358307353,0.3031378146996792
0.44467717493074405,0.34482641110787154
0.20215055839229346,0.2159893374125807
0.06968079458692483,0.09851912715211227
0.2900840725475623,0.2713090825101002
0.21857897124545125,0.22887077292399485
0.4060288993349486,0.3281509725445946
0.48137566239708124,0.3592224186958776
0.1325566355537109,0.16824245269802077
0.4910280788795476,0.3630088488873574
0.23693786739510234,0.24326678051200104
0.40600959450198365,0.3273861136459157
0.5035955251397187,0.36756013797751613
0.35965869055318006,0.30617453171324593
0.35869344890493343,0.305038602655802
0.3983069661489755,0.32512182839141074
0.38284379494406434,0.3190559672246601
0.7160838215847339,0.40699202199158646
0.4562600747097037,0.34899148431849925
0.3615891738496734,0.3076891037898379
0.4185770407621549,0.3330733317935183
0.14898504840686866,0.17847338707539911
0.07164023513286552,0.1072392758830902
0.3296975897916044,0.2921495942840049
0.1238501558865262,0.15649694624405056
0.22050945454194457,0.23227856009632672
0.4543295914132104,0.3489914843184993
0.7180143048812272,0.41305031029795414
0.48523662899006786,0.36073699077246957
0.4195615872433665,0.3330809046539012
0.5373982876613161,0.3770337863165985
0.4746189708593547,0.3569505605809898
0.3026322139747687,0.27433822666328417
0.560593044468683,0.38348207693268854
