0.5478498165051284,0.32706494769591243
0.6834478215865248,0.33061819950155014
0.21376368369875476,0.19879974138073953
0.7048398732787555,0.35383867242112954
0.6959944794705311,0.3365863362824035
0.3644490448856686,0.25165090820674074
0.27405037483140426,0.21295748807754156
0.14588626454628148,0.14174877459784152
0.28782033185910105,0.213836130436945
0.21244628462093412,0.1826526157569863
0.2049182898905304,0.1771265631821221
0.25149775728490326,0.21008946679118706
0.25143502399548323,0.2096363304800482
0.13456290580596594,0.12715446974762518
0.1157115523352467,0.11057078597045772
0.075468147172297,0.08425019755637954
0.14209090053636964,0.12936489077757085
0.11568018569053669,0.0979658600471925
0.12198488127724977,0.12095976481120244
0.16850161538220257,0.16010079519896553
0.324331106301559,0.23728869756466864
0.6181738339449829,0.3272970419040568
0.6395345189925035,0.3281867363686099
0.42225777108622703,0.28172921237172655
0.36454314481979866,0.275318991384884
0.33941846240707635,0.24635694984002077
0.4373764938364544,0.29500279065655033
0.31297638091653335,0.23528826653256782
0.35067908785797186,0.25121435005332643
0.4147297763558233,0.2788556650327972
0.43734512719174434,0.2888080857201276
0.4863084595840783,0.31268615889611573
0.4637244753928672,0.2996446748194363
0.31294501427182336,0.22356750902128084
0.19359493115021487,0.17093185824569937
0.3079577177629309,0.22003636142594263
0.30924375019604156,0.22203126640546858
0.29917505724412663,0.2195942772199535
