0.21663883553247554,0.20614840534492482
0.22049980212546205,0.2099348355364046
0.23788380421038402,0.2216765555601834
0.24367525409986387,0.2231911276367753
0.23498807926564413,0.21864741140699956
0.20505593575351588,0.19403182873218958
0.22630090443142437,0.2144823381963718
0.3277767589115935,0.2842018773120889
0.29684076408528876,0.2694158674143604
0.27365565969440453,0.25956357605613006
0.2968311116688063,0.2690334379650209
0.3190606268279264,0.2819186599066266
0.3316184206716151,0.2860875195474458
0.3412901419870465,0.29404659580993636
0.30650283298423764,0.27055558290199583
0.3084526211136958,0.2788933021836343
0.27754558353683856,0.2622254364807403
0.2669086205731605,0.25918871946717353
0.24759413519174525,0.24668971340509876
0.2843215799075298,0.266776725570899
0.25917703497070493,0.25426257378805833
0.3180953851796798,0.28040408783003473
0.30746807463248427,0.2777498002658074
0.3132595245219641,0.28040030139984323
0.33934035385758826,0.2921458078538135
0.41181069680794585,0.32511804196121935
0.4784606326193763,0.34331183903127965
0.394426694723024,0.31375496495658856
0.4243781430681171,0.32853340199393416
0.4514145616355055,0.338760549941121
0.5093580177797512,0.34596612659550696
0.3982876613160105,0.31716275212892037
0.5122633951409735,0.34937770019803027
0.47845098020289384,0.34065755146705234
0.38187855329581766,0.3129976789182926
0.38090365923108854,0.30769289022002944
0.3693014546191639,0.30692803132135055
0.34709124429300875,0.29670088337416367
0.3548228298954643,0.30011245697668687
0.4340305595505835,0.33307711822370983
0.3673613189061882,0.30578831583371513
0.35867414407196846,0.30275917168053135
0.3982973137324929,0.32398211290377543
0.36157952143319083,0.30352024414901874
0.33259331473634424,0.28836316409252516
0.3354986920975666,0.2910174516567525
