0.6724938348372327,0.21311296001777158
0.31340225125599736,0.1317366867014294
0.4531129655669477,0.17826292672329538
0.34337660135244946,0.14206096891009184
0.36318284918845967,0.15068704226901172
0.4033323676344854,0.1649750822289168
0.30094473611690137,0.12550629110424955
0.27324566672084,0.11287453563325657
0.29532012916810935,0.1241581778910522
0.39770069459656165,0.16153565122416413
0.5249326955010211,0.1981710089233552
0.3055023636068145,0.13086662009614292
0.451417104175352,0.17543167118669353
0.55095003568375,0.20087268007193565
0.2466559733184474,0.10464048227171234
0.29700892447057325,0.12450609563872307
0.28229732689848147,0.12332894670215898
0.2766515216822945,0.11753630676871528
0.31397460447566083,0.13448137115527747
0.27663032341489957,0.11622794002747408
0.38016266137181054,0.15713522675362251
0.34224602709138574,0.14193029557763326
0.2398725277520651,0.10437913560679524
0.43106676747620487,0.17399426452964947
0.2607952176708757,0.11200229113909578
0.32359155178383414,0.1414511600252853
0.35129768726902727,0.14807248667540363
0.4157616184170547,0.16519232664412917
0.476855025049286,0.1815733178122453
0.5192656920174391,0.19242029335074196
0.5797938115191386,0.2067105111995213
0.6205015510065643,0.21041346675806538
0.5707350852523653,0.20396528227345465
0.46498399530811685,0.18113774003738345
0.48986369514065053,0.18758483557755706
0.4926971968824415,0.19011173114397426
0.5475583129005589,0.2000450822996982
0.44688774104196555,0.17473420227469605
0.31850396760904737,0.1346125889599546
0.5384995866337858,0.19825812447832755
0.3954183478070392,0.1612291133651051
0.34960889196656325,0.14802947337013603
0.5944983430020985,0.2076257689989497
0.523809187329089,0.19377221786946933
0.4723256619158994,0.18152921556254054
0.3445213077917765,0.1428025400717941
0.36659577023904577,0.1566125334237883
0.45817935147433947,0.1803956244034626
0.4225521300725687,0.17168297996178894
0.3869390408490613,0.1587898778258789
0.48250789635460456,0.1868002511105872
