0.5540368188066255,0.1585201633566473
0.5143063348952266,0.15491459545824296
0.5648323375231736,0.15944622484054602
0.32833913189595093,0.09783332799122625
0.46608047468328284,0.1423780745434212
0.5702369835353878,0.16160737623446975
0.4035799581842373,0.12757014744451842
0.4313634748402985,0.13696432808643913
0.37502789094845745,0.12156086761384459
0.41592635136810263,0.13084487221902963
0.38467747044936795,0.12744870966850244
0.4232537511604012,0.13270817817268593
0.368860203679677,0.12107582529057455
0.37927557909872983,0.12404175789922414
0.3673175931970878,0.11980789520376701
0.34030262712074505,0.10377629744096271
0.3383743640175086,0.10167043094896062
0.33451508314945966,0.09925577229109692
0.34493596789166464,0.10881509885798878
0.45334291955561795,0.13959933881777412
0.49462427793433444,0.15201450071000147
0.5277931579715776,0.1568657902303388
0.4807325196063038,0.14675511095923952
0.45719944576209093,0.1422013518654835
0.5058137132562579,0.15429693237309813
0.48536586037722346,0.15166160662807696
0.4097586640993221,0.13064649235016831
0.41477490282931295,0.13065759658260556
0.3839116745312255,0.12483582864862044
0.4070590957547911,0.1288934411866692
0.3561391765214685,0.11745962568026222
0.36848281504375785,0.12094375580265056
0.4321375347431692,0.13774721584997668
0.3623123731134012,0.11861737973033412
0.34764655488249996,0.1158386440046871
0.4074419937138623,0.12903669366045198
0.3209924494726201,0.08856034886505688
0.3163591087017005,0.07979493554071823
0.48382875921778634,0.1473949037558373
0.47032540817197904,0.14415325541837326
0.4680142471096713,0.14337052516167884
0.4799667236881613,0.14480375868030057
0.43946217987389163,0.13839764035848245
0.5158489453778157,0.15631483129323911
0.4803551309703846,0.14597253820938821
0.46646888196550607,0.14332634449219442
0.4444811732654585,0.13923573427052008
0.4560507518848772,0.1414408300736636
