0.682131980412801,0.2286217066917269
0.3004006472537645,0.13352255557836287
0.2461260166335738,0.12062890897023423
0.3439560206612446,0.15325640666847792
0.288515485334332,0.12485346891417538
0.4514312363536154,0.19002461558900186
0.35810233110280454,0.16236107110752726
0.48592788349432237,0.1979096622584381
0.3711180672833007,0.16562899336342812
0.5159163657690378,0.21577052891664733
0.48819609810558146,0.20609906889805898
0.4853413980963956,0.19712398884703108
0.5775397290861427,0.216990691158479
0.40448414016294404,0.1769115466767866
0.3886561005080518,0.17508212002236692
0.422587460518227,0.18436101557136095
0.31511931091498785,0.14371670892678534
0.3671751895478409,0.1628859423262358
0.44125606800404177,0.18623508894770396
0.37960444033041035,0.1695932955868893
0.4174857441651769,0.18222559553010087
0.410129945379131,0.18205081994793756
0.4593452561810615,0.19272519779314518
0.4463295200005653,0.18963150664718906
0.45144536853187867,0.192160035630262
0.38697437129471945,0.17059675788572726
0.4423725100868423,0.18645178889069774
0.3343532055313346,0.14972877116431574
0.3733650836271649,0.16593280886139428
0.38582259876626085,0.17037733558164062
0.42200804120943186,0.18388079107457583
0.32643211961475677,0.1481601467025946
0.35018124518622673,0.15652378445216023
0.4700998438394302,0.19594956227155985
0.30606058464821473,0.1404923444483707
0.3456589481419718,0.15412810669042018
0.4095787904268624,0.18148565778505435
0.3993965559881572,0.1759532755720906
0.40336769808014356,0.17617215340395867
