0.29642950516177813,0.122370675597463
0.5797726132517436,0.1990862667227836
0.5311367217586083,0.19085221336123934
0.47006451339377187,0.17447285560977896
0.4389383907688612,0.16872050662050994
0.29529893090071435,0.10677699125740961
0.3642851590929968,0.1384886866840063
0.5464206725503635,0.1953402978589719
0.37051744970711065,0.14206151338231043
0.461585206435794,0.17403727783491713
0.3699592286657104,0.14058109341999878
0.41294224885352704,0.15730891339134867
0.37278566431836974,0.14389148450894867
0.34110132065205867,0.1370942933322299
0.3925919121543799,0.15430342674480205
0.37448152570996535,0.15269015556115756
0.43838723581659256,0.16501918447862157
0.4050211629369493,0.15661144447935113
0.31792454830025224,0.12951524004963408
0.41294931494265874,0.16153456227972698
0.3716480239681743,0.14245353337968605
0.33543431716847677,0.13195338664442316
0.4757315168773539,0.17686962231595613
0.4208774669483681,0.16471536898065545
0.2325096628768875,0.08756474455269157
0.2743621088036405,0.10555574007114074
0.24892418792970655,0.10172265565235668
0.439524876166788,0.16920127558951367
0.4745868104380269,0.1754746844919611
0.455918202952212,0.16972396891934785
0.6430989040495757,0.2113706489183243
0.5888172073402533,0.20666532000537935
0.5825990489044028,0.2058377222331419
0.648758841444026,0.22169438665476815
0.6069134616064046,0.21028116000895114
0.4813773220935409,0.18392543779649914
0.5322672960196719,0.19224606224079724
0.5492259099356279,0.19538222221980237
0.531122589580345,0.18649534666818396
0.5130263353141936,0.18571076220121407
