0.8543019353219786,0.4126635020805588
0.9510053009629561,0.42262697487303896
3.136664471001537e-05,0.022330778455026224
0.8593205984755812,0.41531600731649365
0.8492832721683762,0.41155829156558604
0.010162792886044979,0.041578019573278224
0.9170979580314295,0.422179364614475
0.895737272983909,0.42128967014992186
0.8593205984755812,0.4157580915224828
0.03284087701138609,0.0864661446389001
0.016436121828048055,0.058598261503859946
0.8291772529092564,0.41000547079204913
0.7739092249302093,0.4018158608761004
0.7663812301998055,0.40048960825813296
0.6583858724632226,0.37704256718298423
0.6332611900505003,0.37151098855554515
0.7864872494589253,0.402484513237659
0.6659138671936262,0.37947403031592447
0.6671998996267369,0.37947955636849934
0.5905711866001693,0.3593481468382691
0.7425112135754839,0.39495802963069393
0.6646592014052257,0.3783688198009516
0.6973118785483516,0.3863318615613309
0.6772058592892318,0.3805792408308973
0.6470938803676171,0.3737269356380657
0.634547222483611,0.37151651460812
0.6985979109814623,0.3863373876139058
0.5868071892349676,0.3584639784262908
0.5943351839653712,0.36222169417719846
0.3331451334650733,0.2704505390664287
0.6131551707913804,0.36575836782511156
0.6458078479345064,0.3737214095854908
0.5805338602929644,0.3571377258083234
0.6194598663780935,0.3664270201866701
0.09573099965496693,0.1424174269594001
0.6056271760609767,0.3633269046921713
0.6445531821461058,0.372616199070518
0.6269878611084971,0.3701847359375778
0.6207458988112041,0.366432546239245
0.8869546124651047,0.41642674388404133
0.4875944920171889,0.32904880057028874
0.696057212759951,0.3852266510463581
0.2502430914965026,0.2352882665325678
0.5114645086415106,0.3383380949486354
0.016498855117468084,0.06192494515392819
0.40218311847181704,0.2998546648172811
0.5704965339857596,0.3536010521604103
0.6558765408864213,0.37593735666801137
0.31178444841755276,0.26359270782102223
0.559204541890154,0.35139063113046465
0.7337285530566795,0.39230552439475913
0.32809510366676076,0.269339802498881
0.6496032119444182,0.374611104050044
0.2879457984379411,0.25452998159824497
0.7136539004422697,0.38921093495283515
0.45368714908566227,0.3190963798829583
0.39719582196292463,0.29698664353092663
0.3268404378783602,0.26690833936594077
0.0642702550108215,0.11852830167826217
0.6898152504626579,0.38390592448096555
0.6282738935416078,0.37019026199015265
0.5491672155829491,0.349180210100519
0.7123678680091591,0.3892054089002603
0.7600765346130925,0.39628428224866136
0.17364574511464512,0.19747901481534696
0.5265204981023179,0.3414326843905594
0.45243248329726166,0.31732804305900175
0.2602804178037076,0.24236161382839402
0.23393243624729465,0.23197263498764928
0.1811737398450488,0.20212089897823288
0.5704651673410495,0.3535955261078355
0.7199272293842727,0.39075822967379714
0.5215018349487155,0.33988538966959736
0.5454032182177472,0.3463066627615896
0.44239515699005677,0.3157807483380398
0.5441171857846365,0.34630113670901475
0.18493773721025067,0.20322610949320574
0.7274552241146764,0.39208448229176457
0.8027979047081334,0.40646327109156116
0.3846177974342085,0.29388652803642784
0.679715190866033,0.38124236713988097
0.19622972930585617,0.20587861472914054
0.67344186192403,0.3799161145219136
0.51020984285311,0.3365697581246789
0.08942630406825382,0.13887522725891213
0.11709168470248739,0.15546443708865446
0.6068818418493773,0.36443211520714414
0.1044822935290612,0.1521377534385862
0.6571312066748219,0.3759373566680114
0.51020984285311,0.33590663181569513
0.7437658793638845,0.39606324014566674
0.3293497694551614,0.269339802498881
0.03535020858818732,0.09464470244969911
0.2942191273799442,0.2618243709970657
0.43863115962485494,0.3122440746901267
0.3758351369154042,0.2899077701825256
0.5277751638907185,0.3434220633175105
0.3519964869357925,0.28371859129867766
0.08942630406825383,0.1424119009068252
0.581819892726075,0.3571432518608983
0.20375772403625986,0.20654174103812425
0.6885292180295473,0.3839003984283907
0.08936357077883379,0.121180806914197
0.25651642043850564,0.23838285597449177
0.3984818543960353,0.29920259061344723
0.25406982215112456,0.2370676554616741
0.16988174774944326,0.19637380430037413
0.48257582886358646,0.3270594216433376
0.29042376337003234,0.257619044987594
0.5579185094570434,0.3513851050778898
0.663404535616825,0.3772636092859788
0.5001725165459051,0.3343593370947332
0.23016843888209282,0.22688866661877422
0.42733916752924944,0.3120230325871321
0.7186725635958721,0.38965301915882433
0.5077005112763087,0.3348014213007223
0.5365578244095228,0.3436431054205051
0.3519964869357925,0.283055464989694
0.14347103290361032,0.1784583418526644
0.3205671089363571,0.26624521305695703
0.40726451491483956,0.30163405374638746
0.4863398262287883,0.3270594216433376
0.389636460587811,0.2947706964484061
0.27539914055393494,0.2459093395814568
0.4549418148740629,0.3210857588099094
0.3833317650010978,0.29056537043893443
0.5918572190332799,0.35935367289084397
0.12088704871239925,0.17182707876282735
0.28418180107273927,0.24878288692038616
0.4750478341331828,0.326838379540343
0.41855650701044517,0.3062759379092733
0.20632978890248113,0.21428926674808388
0.5478811831498385,0.3491746840479441
0.7349832188450801,0.3936317770127265
0.46504187447068795,0.32286514773901565
0.5667011699758476,0.3527113576958572
0.4147925096452432,0.3045076010853168
0.15099902763401402,0.18641585756046883
0.21134845205608357,0.22092052983792088
0.4097738464916408,0.3036234326733385
0.3758351369154042,0.28924464387354193
0.134657005740096,0.1740319737401982
0.41855650701044517,0.3073811484242462
0.36077914745459677,0.28880255966755275
0.05548759449201719,0.11565475433933278
0.28035507041811736,0.2483297506092473
0.5378124901979234,0.34496935803847245
0.49135848938239074,0.33258547421820184
0.2301370722373828,0.2233464669182863
0.3343370659640539,0.27132365537325726
0.27910040462971675,0.2463403716822962
0.6420752172140146,0.37195859881410914
0.5742291647062513,0.3564690734467649
0.39340045795301276,0.2952127806543952
0.26159781688152817,0.24369891855151113
0.23644176782409587,0.23285680339962755
0.34067312819547696,0.2830499389371191
0.15103039427872403,0.19261056249689157
0.28794579843794116,0.2507722658473373
