0.0010038513141765039,0.017054081582424906
0.8909083889151653,0.43808618672401833
9.652416482466385e-06,0.00606207473655912
2.8957249447399156e-05,0.011749292884161742
0.8445478325498792,0.4346670402611121
1.930483296493277e-05,0.009473648339082397
0.6571751237922415,0.39940780231805245
0.8397119718921636,0.4346632538309206
0.8484087991428658,0.435802969318556
0.8773853534232299,0.43808240029382683
0.03297265470410517,0.08336204709561874
0.4630071138309476,0.3436866956202361
0.891873630563412,0.43808618672401833
0.3200162160596907,0.27093422592114375
0.8590361096900613,0.4358067557487475
0.057161610409165925,0.10118098757672256
0.25526780629530604,0.23796199181373784
0.8628970762830478,0.4369426848061914
0.30167662474300444,0.2641186515764802
0.7402341676238648,0.4191161714647047
0.8348857636509304,0.43390596779262464
0.02039555602745147,0.06328260779020148
0.25720794200828173,0.2406162793779652
0.46105732570148955,0.33269847520456175
0.5315778805223887,0.360740777202661
0.592446018860822,0.3834820769326886
0.49102807887954764,0.3478631281214383
0.008774046582561944,0.04357802507374072
0.0019787453789056088,0.02198022726154009
0.5885947046843178,0.3827285773245841
0.003918881091881352,0.026906372940655274
0.7856294823409044,0.4263217481190907
0.20312545245702257,0.2114494076129965
0.09004739336492892,0.1349067212922329
0.13544270808196832,0.1659668081529414
0.13159139390546426,0.16407737948739304
0.13643690697966238,0.16597816744351593
0.5045607667879654,0.3516571311733011
0.0967654752367255,0.1364061476480589
0.043590312834818186,0.08411933313391469
0.029082730861671218,0.06744768100082923
0.789490448933891,0.4274576771765346
0.702570438509281,0.41002116614477035
0.14125346280441306,0.17430452743457986
0.5673400835899269,0.37287628596635375
0.0009941988976940376,0.01477843703734556
0.750851825754578,0.4194948144838526
0.411791391974981,0.31185796343065714
0.8609665929865545,0.4358067557487475
0.25047055530352014,0.23759470808516436
0.3016573199100396,0.2629751496586533
0.1277207748959952,0.1633163070189056
0.002943987027152247,0.024630728395575934
0.013609907240277604,0.04926145679115187
0.8628970762830479,0.4369426848061914
0.8300595554096972,0.43352732477347666
0.7383036843273716,0.41722295636896484
0.024256522620438023,0.06555446590508934
0.0019690929624231425,0.01932593969731277
0.8445478325498793,0.4346670402611121
0.30068242584531046,0.2576703609603901
0.7692107219042291,0.4244247465931593
0.17892684433547937,0.19476260975914514
0.751826719819307,0.41987724393319215
0.10838698468161506,0.15080972809644794
0.02232603932394475,0.06403989382849742
0.6465478132450461,0.399404015887861
0.6397814692908371,0.39674972832363364
0.6050038127045108,0.38500043543947193
0.029092383278153684,0.07010196856505656
0.0764954006235461,0.12163906990128777
0.5538170480979916,0.36984335538297836
0.6668178878582255,0.400161301926157
0.051341203270238694,0.09473269696063251
0.04264437601953648,0.08336961995600169
0.7634192720147491,0.4221528884782715
0.394407389890059,0.3114755339813178
0.479425874267623,0.34482641110787154
0.2668796633237131,0.2478180696021597
0.05619636876091929,0.09739455738524279
0.3374195229775776,0.28344080484360146
0.09001843611548152,0.13148757482932666
0.8223279698072417,0.4320089662666933
0.2804026988156486,0.2576665745301987
0.8628874238665655,0.4369388983759999
0.2552774587117885,0.23872306428222523
0.5750620167759001,0.3789345742727213
0.7373384426791251,0.4164656703306689
0.49003387998185366,0.345201267696828
0.0010038513141765039,0.01667543856327693
0.08615746952249498,0.12467200048466308
0.5653999478769512,0.3724938565170142
0.7943263095916065,0.42821874964502205
0.7382940319108892,0.41721916993877334
0.5277362187623673,0.3573405628907122
0.8464783158463726,0.4346670402611121
0.5866545689713422,0.3815888618369487
0.7605235470700092,0.42139560243997554
0.3345141456163552,0.28305837539426204
0.15090587928687946,0.17695502856861578
0.394426694723024,0.31148310684170066
0.031042171407611893,0.0754105436935112
0.6204669839094218,0.39106629660622255
0.3180760803467148,0.2705517964718044
0.0029536394436347137,0.026149086902359318
0.5673400835899268,0.3766627161578335
0.365430835609695,0.2989727414890515
0.8049439677223197,0.4301119647407619
0.8165365199177618,0.4316303232475453
0.7856294823409044,0.42670039113823865
0.07067499348461888,0.11291892117030985
0.8117103116765286,0.4304943941901014
0.004893775156610457,0.03145387560062249
0.26203415024951493,0.24175220843540907
0.0629723651316107,0.11103327893495293
0.8030134844258264,0.428976035683318
0.3789538711016304,0.3038988871681666
0.019420661962722366,0.05608460399619842
0.6446076775320703,0.39826430040022553
0.702570438509281,0.4122930242596582
0.7218849238906963,0.41381138276644147
0.6668275402747079,0.40433016156697626
0.019430314379204835,0.058738891560425735
0.41181069680794596,0.31716653855911175
0.6803602281831258,0.406609592542247
0.7392689259756182,0.41722295636896484
0.7817685157479177,0.42556446208079474
0.7808032740996712,0.42518581906164676
0.055211822279707716,0.09738698452485983
0.031032518991129424,0.07275625612928388
0.5499464290885225,0.3675677108378991
0.4620322197662185,0.33459547673049317
0.3538479358307353,0.2868561648763162
0.3567243559425103,0.2902563791882651
0.7817588633314353,0.42556067565060324
0.7286512678449052,0.416087027311521
0.05037596162199206,0.09359676790318856
0.148019806758622,0.1754442429222153
0.3007017306782754,0.2599497919356609
0.828129072113204,0.43239139571603274
0.08711305875425913,0.12542550009276754
0.09484464435671472,0.1360312910591024
0.04939141514078049,0.09131733692791774
0.3209911101244197,0.2785108727342947
0.6938639588420964,0.4084990212077954
0.5615293288674822,0.3713541410293788
0.12579029159950195,0.1599085198465738
0.39154062219476654,0.3046713189272285
0.6127353983069663,0.3887906520611432
0.821362728158995,0.4320089662666933
0.21178367004179496,0.21598176455219778
0.22145539135722625,0.2216689826998004
0.015550042953253348,0.052673030393675144
3.860966592986554e-05,0.011753079314353222
0.2427293172845821,0.23720849220563336
0.15187112093512609,0.1796055297026516
0.42050752405864816,0.3183062540467472
0.677445198405421,0.4047088045861241
0.35574946187778117,0.2876020916240377
0.15672628642580666,0.18151010408896587
0.013600254823795139,0.04584988318862859
0.7798380324514246,0.4248071760424988
0.0068339108695862,0.03713730731803362
0.7247806488354361,0.41456866880473753
0.5142035308539494,0.35543977493458934
0.5576973195239431,0.3706082142816573
0.010704529879055222,0.04509259715033263
0.8570959739770855,0.435802969318556
0.38764104593585014,0.30465617320646265
0.32967828495863954,0.28078273084918265
0.8020482427775797,0.428976035683318
0.8126755533247753,0.43087303720924935
0.005859016804857096,0.033725733715510346
0.550930975569734,0.36871121275572594
0.7981872761845932,0.42859739266417
0.6281889170953949,0.3933381547211104
0.19634945608633117,0.20916997663772566
0.7112479609270184,0.41342516688691056
0.606934296001004,0.3857577214777679
0.2398046350903948,0.2337893457427271
0.6948485053233079,0.4096425231256223
0.801083001129333,0.42859739266417
0.003918881091881352,0.02917823105554314
0.5142035308539493,0.35619706097288534
0.7624540303665025,0.4221528884782715
0.028117489213424576,0.06706903798168125
0.7141533382882408,0.4134289533171021
0.8764201117749832,0.4369464712363829
0.4214631132904123,0.3239821129037754
0.0987249157826662,0.14285443826414895
0.19535525718863714,0.2057508301748194
0.7508614781710604,0.41987724393319215
0.2214843486066736,0.23190370350737022
0.6851864364243591,0.407745521599691
0.07358037084584125,0.1151945657153892
0.8136407949730219,0.4312516802283973
0.5412302970048554,0.36414856437499277
0.044565206899547294,0.08904547881302988
0.007799152517832839,0.0375159503371816
0.7556876864122937,0.42139181600978404
0.5721662918311601,0.3774200021961295
0.08325209216127258,0.1231536419778797
0.2746112489261687,0.25539471641531086
0.8232932114554883,0.43238760928584125
0.09775002171793709,0.13830693560418172
0.002943987027152247,0.024252085376427958
0.6620013320334748,0.3997864453372004
0.3576992500072394,0.29291066675249233
0.5112885010762446,0.35202441490187464
0.1596220113705466,0.18605382031874165
0.3499483595718189,0.2857050900981064
0.014584801305006709,0.05153710133623121
0.11709346434879973,0.15460373114831066
0.778872790803178,0.4244285330233508
0.4620418721827011,0.33535654919898056
0.2176040771807221,0.21675040988106817
0.4311541394388087,0.32475454466283726
0.49777511800079177,0.3516457718827266
0.11422669665350724,0.15272187534314524
0.5451298732637717,0.3660569251914986
0.447553595042519,0.32777990238582955
0.7527919614675536,0.4206345299714881
0.7817685157479178,0.4259431050999427
0.18959276454860466,0.20386897436965395
0.6475130548932927,0.399404015887861
0.18472794664144163,0.2008246844957042
0.16060655785175817,0.19401289658123214
0.4484995318578007,0.3323160457552224
0.7672705861912533,0.42290638808637593
0.07551085414233454,0.12087421100260887
0.7382940319108892,0.41684052691962536
0.828129072113204,0.43239139571603274
0.3074777270489668,0.2690447972555953
