0.42814258549627904,0.2614757233028273
0.4078725108830996,0.26071843726453137
0.4203916950608585,0.26146436401225287
0.43392438296927643,0.2622292229109317
0.39528575978996344,0.25388771719910186
0.45904962307313635,0.2785222320248692
0.4571191397766431,0.2728425867376496
0.5382959623941852,0.3111233959735101
0.49095085954768786,0.2910363838077099
0.48708989295470123,0.289521811731118
0.5672725166745495,0.3168106141211128
0.6319630119400392,0.32401240434530726
0.5440874122836651,0.31377389710754594
0.5972046601866777,0.31984354470448806
0.4919354060288993,0.3035391762999761
0.4899856178994412,0.29027909776941396
0.5952741768901845,0.31719304357045225
0.5102846497620679,0.30505753480675957
0.45129873263771586,0.2720739414087792
0.466761903842627,0.28306216182445354
0.349890445072924,0.23342963487453663
0.27546066157662574,0.18075660448086142
0.27062480091891006,0.17166538559111852
0.3644076794625534,0.23912442588252217
0.25131996795397726,0.15803423690179133
0.22806729664771577,0.1201358571152703
0.25710176542697466,0.16181688066307962
0.45516935164718486,0.27245637085811863
0.2590515535564329,0.16864002786812618
0.281281068715553,0.19136996830757927
0.2967538923369466,0.20614840534492482
0.27646451289080226,0.18304360831651525
0.28031582706730634,0.1841757509437677
0.2397081109255702,0.1451490149601857
0.2445343191668034,0.15196458930484927
0.2580670070752213,0.16181688066307964
0.47548768834277666,0.2868637377366991
0.4368201079140163,0.26942344027474335
0.3904402467157653,0.251986929242979
0.43682010791401626,0.26601565310241154
0.4754780359262942,0.2842094501724719
0.30160905782762726,0.20994619482697902
0.325759403866758,0.22396355939583715
0.29195664134516086,0.20464519255890737
0.3673130568237759,0.24405057156163737
0.4580843814248897,0.27738630296742534
0.4725823109815543,0.2830735211150279
