0.8543019353219786,0.4126635020805588
0.9510053009629561,0.42262697487303896
3.136664471001537e-05,0.022330778455026224
0.8593205984755812,0.41531600731649365
0.8492832721683762,0.41155829156558604
0.010162792886044979,0.041578019573278224
0.9170979580314295,0.422179364614475
0.895737272983909,0.42128967014992186
0.8593205984755812,0.4157580915224828
0.016436121828048055,0.058598261503859946
0.7425112135754839,0.39495802963069393
0.7048398732787554,0.38677394576732005
0.6973118785483516,0.3863318615613309
0.8128665976600483,0.40558462873215784
0.6659138671936262,0.37947403031592447
0.6646592014052257,0.3783688198009516
0.7739092249302093,0.4018158608761004
0.6772058592892318,0.3805792408308973
0.7199272293842727,0.39075822967379714
0.7274552241146764,0.39208448229176457
0.7801825538722124,0.40203690297909495
0.6583858724632226,0.37704256718298423
0.6068818418493773,0.36443211520714414
0.7123678680091591,0.3892054089002603
0.7437658793638845,0.39606324014566674
0.6822872557322542,0.3814744613480253
0.7638718986230043,0.3980581451251928
0.6496032119444182,0.374611104050044
0.6985979109814623,0.3863373876139058
0.6948025469715504,0.38412144053138525
0.6257331953200966,0.3690795254226049
0.6596719048963332,0.3770480932355591
0.7111132022207585,0.3881001983852874
0.013926790251246825,0.0499776194870718
0.7287412565477871,0.39209000834433944
0.663404535616825,0.3772636092859788
0.6332611900505003,0.37151098855554515
0.7337285530566795,0.39230552439475913
0.5868071892349676,0.3584639784262908
0.5905711866001693,0.3593481468382691
0.6458078479345064,0.3737214095854908
0.33694049747498506,0.27996087554777
0.7186725635958721,0.38965301915882433
0.6445531821461058,0.372616199070518
0.5805338602929644,0.3571377258083234
0.5215018349487155,0.33988538966959736
0.575515197139362,0.35647459949933974
0.6558765408864213,0.37593735666801137
0.7576299363257112,0.3967374185598002
0.5943351839653712,0.36222169417719846
0.5365578244095228,0.3436431054205051
0.6885292180295473,0.3839003984283907
0.6282738935416078,0.37019026199015265
0.6244785295316959,0.3679743149076321
0.6056271760609767,0.3633269046921713
0.6269878611084971,0.3701847359375778
0.7663812301998055,0.40048960825813296
0.5704651673410495,0.3529323997988517
0.6470938803676171,0.3737269356380657
0.696057212759951,0.3852266510463581
0.67344186192403,0.3799161145219136
0.26533044760202007,0.24789319245583305
0.686019886452746,0.381689977398445
0.608167874282488,0.364437641259719
0.6671998996267369,0.37947955636849934
0.6898152504626579,0.38390592448096555
0.6872745522411468,0.3827951879134178
0.679715190866033,0.38124236713988097
0.06430162165553151,0.12870176446858714
0.49135848938239074,0.3319223479092181
0.7349832188450801,0.3936317770127265
0.5478811831498385,0.3491746840479441
0.51020984285311,0.3365697581246789
0.7212132618173833,0.390763755726372
0.7450519117969951,0.3960687661982416
0.7500705749505975,0.3965108504042308
0.39845048775132524,0.30162852769381254
0.5729744989178507,0.35447969451981376
0.3105611492738622,0.26691386541851564
0.5378124901979234,0.3456324843474562
0.634547222483611,0.37151651460812
0.1497129952009034,0.1888417946408342
0.5579185094570434,0.3513851050778898
0.7638718986230043,0.39761606091920365
0.6056271760609767,0.362442736280193
0.6131551707913804,0.36575836782511156
0.5667011699758476,0.3527113576958572
0.5290611963238292,0.3434275893700854
0.5466265173614379,0.34740634722398755
0.3419277939838775,0.2830499389371191
0.5704965339857596,0.3536010521604103
0.5001725165459051,0.3343593370947332
0.37461183777171364,0.2910185067500733
0.5742291647062513,0.3564690734467649
0.48006649728678524,0.3286067163642996
0.5956212163984819,0.36222722022977333
0.6420752172140146,0.37195859881410914
0.5114645086415106,0.3383380949486354
0.29167842915843295,0.2602715502235289
0.7136539004422697,0.38921093495283515
0.4637558420375773,0.3228596216864408
0.019008186694269315,0.06501953459585215
0.4436498227784574,0.31777012726499093
0.49010382359399013,0.3305960952912507
0.640789184780904,0.3719530727615343
0.24271509676609895,0.24125640331342116
0.5265204981023179,0.34165372649355397
0.5905711866001693,0.35868502052928536
0.43988582541325555,0.31423345361707783
0.5277751638907185,0.3434220633175105
0.4059784824817289,0.3042810329297474
0.12966970923120358,0.1833212681185449
0.5918572190332799,0.35935367289084397
0.45368714908566227,0.31931742198595287
0.614441203224491,0.36576389387768643
0.45622784730717353,0.3210912848624843
0.5240111665255167,0.34054851597858116
0.5441171857846365,0.34630113670901475
0.7676672626329162,0.4004951343107078
0.581819892726075,0.3571432518608983
0.18995640036385308,0.21007841468603736
0.3532511527241931,0.28570797022562877
0.7563439038926005,0.39673189250722535
0.5390985226310341,0.34563801040003106
0.42733916752924944,0.3120230325871321
0.49010382359399013,0.33015401108526155
0.51020984285311,0.33590663181569513
0.46504187447068795,0.3235282740479994
0.6169505348012922,0.3666480622896647
0.49135848938239074,0.33258547421820184
0.559204541890154,0.35139063113046465
0.5378124901979234,0.34496935803847245
0.7098585364323579,0.3869949878703146
0.4072331482701295,0.3062704118566985
0.5114645086415106,0.3376749686396517
0.5491672155829491,0.349180210100519
0.036636241021297956,0.09398710219329026
0.6571312066748219,0.3759373566680114
0.5742291647062514,0.3544796945198137
0.3997365201844359,0.30229718005537115
0.35698378344468495,0.2861445283790431
0.6182365672344029,0.36665358834223954
0.44239515699005677,0.3157807483380398
0.5880932216680782,0.35846950447886566
0.6508892443775288,0.37461663010261886
0.2954737931683448,0.26646625515995165
0.15353972585552528,0.1892949309519731
0.49010382359399013,0.3308171373942453
0.5679872024089583,0.3527168837484321
0.1723597126815345,0.20543100447057655
0.5064144788431981,0.33568006366012576
0.02528151563627239,0.08159769232044475
0.5077005112763088,0.3356855897127006
0.16734104952793205,0.2029995413376363
0.6784918917223425,0.38058476688347215
0.3167717449264452,0.27088157116726813
0.5617138734669552,0.35139063113046465
0.3821398325021172,0.29654455932493745
0.5454032182177472,0.3463066627615896
0.5127505410746213,0.3383436210012103
0.5717825664188703,0.3536065782129852
0.029108246290894264,0.08824000751543148
0.5579185094570434,0.35072197876890604
0.05671089363570779,0.10238670210708387
0.434835795614943,0.31334375915252466
0.4737931683447822,0.32507004271638645
0.4750478341331828,0.326838379540343
0.31683447821586525,0.27420825481733635
0.4813525297198959,0.3286122424168745
0.4185251403657351,0.30649145395969307
0.36077914745459677,0.28880255966755275
0.3519964869357925,0.283055464989694
0.39719582196292463,0.29963914876686143
0.45368714908566227,0.3190963798829583
0.41855650701044506,0.3080442747332299
0.7362692512781908,0.39363730306530137
0.20378909068096987,0.22489376163924826
0.5265204981023179,0.3414326843905594
0.0379536400991186,0.10107150159426617
0.07189234967535524,0.1402070059294544
0.2138264169881748,0.22622001425721566
0.11586838555879678,0.16829040511491425
0.4926445218155014,0.3325910002707767
0.657162573319532,0.37594288272058624
0.7651265644114049,0.39938439774316015
0.035318841943477314,0.08933416592525462
0.3620338132429974,0.29079193859450386
0.12590571186600172,0.18088980498560464
0.09830306452118817,0.165858941981974
0.3368777641855651,0.2786235708246529
0.6747278943571406,0.37992164057448846
0.4637558420375773,0.3235227479954245
0.3532197860794831,0.28327098104011367
0.05802829271352844,0.12405988030570123
0.16106772058592894,0.19238952039389703
0.6810012232991436,0.38146893529545045
0.3946864903861234,0.2987549803548832
0.5704651673410495,0.3535955261078355
0.20005645996047805,0.21981531932294804
0.20378909068096987,0.22224125640331344
0.1899877670085631,0.2136206143865253
0.33314513346507324,0.27796597056824407
0.2540698221511245,0.24502517116947853
0.3858724632226091,0.29852841219931375
0.39719582196292463,0.30030227507584517
0.22511840908378034,0.23329336155304184
0.021517518271070544,0.06722995562579782
0.4875944920171889,0.32904880057028874
0.3770898027038048,0.29388652803642784
0.12214171450079986,0.17580583661672955
0.17991907405664817,0.20764695155309706
0.40851918070324017,0.3062759379092734
0.42228913773093696,0.3100281276076062
0.3181205106489759,0.2742137808699112
0.007622094664533735,0.03737269356380657
0.5014585489790158,0.33436486314730807
0.1372604372510273,0.18576378335663485
0.38712712901100965,0.29852841219931375
0.08443900755936137,0.15236432159415564
0.16232238637432958,0.19305264670288075
0.4398544587685455,0.3133437591525247
0.12088704871239925,0.17425854189576762
0.3770898027038048,0.2945496543454115
0.16734104952793202,0.19879974138073953
0.34067312819547696,0.2830499389371191
0.5252971989586274,0.340554042031156
0.3117844484175528,0.2702239709108593
0.27536777390922496,0.2587242555025669
0.4699978043348703,0.3248434745608171
0.696057212759951,0.3843424826343798
0.5227878673818261,0.3398909157221722
0.20253442489256926,0.22224125640331344
0.3582384492330855,0.28636557048203765
0.3419591606285876,0.283055464989694
0.32812647031147085,0.27442929692033097
0.47633386656629345,0.32684390559291787
0.2665851133904206,0.2514298661037461
0.07816567861735832,0.14484889009234034
0.4699978043348703,0.32418034825183334
0.3318904676766727,0.27730284425926033
