0.4522639742859626,0.2626078659300797
0.4020521037441724,0.24631864324633376
0.40011196803119664,0.2425284266246625
0.39914672638295,0.24063521152892262
0.381782029130993,0.2391244258825222
0.37017017210258596,0.23078292017069227
0.3933359716605052,0.2402489956493917
0.3933359716605052,0.2402489956493917
0.37594231715910076,0.23607634957838097
0.3682300363896101,0.2232062733575412
0.4223414831903167,0.26109329385348784
0.34987114023995913,0.2220627714397143
0.3421299022210211,0.2163755532921117
0.40980299417959287,0.2527669338624239
0.2976901767357458,0.18682625207780357
0.32377100607137,0.20349411778069754
0.27353017828013243,0.17886338938512159
0.33826893562803456,0.21561826725381575
0.288028107836797,0.18530789357102015
0.3353732106832947,0.20728812083256026
0.4455362399976834,0.26148329616321025
0.5063657686701866,0.28534537922991576
0.44454204109998946,0.2614719368726358
0.48802617735350046,0.2845880931916198
0.555631702396695,0.30618589100382043
0.24743969652802578,0.14401687233293323
0.2686750127894519,0.15196837573504074
0.2686846652059343,0.15310809122267613
0.2609627320199612,0.14932166103119637
0.24743004411154332,0.14098394174955792
0.45519830889663226,0.27663280335932083
0.2687136224553817,0.163721455049394
0.29866507080047494,0.19591747096754647
0.3295721083773323,0.20425519024918493
0.334407969035048,0.20539490573682032
0.5199081089950869,0.2933082419225978
0.5865483923900349,0.3156633257730944
0.5334407969035049,0.29937410308934836
0.5189235625138753,0.289514238870735
0.519888804162122,0.290650167928179
0.5160278375691354,0.28610645169840326
0.5430739085530064,0.29974517324811334
