0.008894802229072147,0.017189430566297743
0.011985532517402572,0.02036492602966752
0.0015618931136215262,0.013054718428560529
0.9332765873048666,0.25213057537801065
0.0007878332107508932,0.010673136207743968
0.07991273232127069,0.0595840512035846
0.043250941405593615,0.03672752442320798
0.028585123174692372,0.029880386940761124
0.9197759909206354,0.25210844566655766
0.0803038942650701,0.059650361584521985
0.9105175733635243,0.25144683817219304
0.22229567986425028,0.11667618664277393
0.9008735031857661,0.24981498852444528
0.19374636729004657,0.10413990198821674
0.8260376121491592,0.24392683145610122
0.7469622969470082,0.23445547246107049
0.797879461518755,0.23960468617509686
0.7890039419207152,0.23918556046565648
0.8769575313824819,0.24870125763701473
0.79942482666292,0.24020014079536717
0.7010586164436766,0.22991266009290867
0.024717578321915262,0.027222931484286998
0.8738723104173036,0.24796255054296165
0.6852413496739856,0.2277404832199692
0.774349142336118,0.23867838843093345
0.8028957002487456,0.24107115363760884
0.7164874759311443,0.23134605111837353
0.7095457287594931,0.23101528674790198
0.7006729638230293,0.22950471736932712
0.7380895320105446,0.2342128331693032
0.03321295462245986,0.030872680052175715
0.8549698226824342,0.24615421447754082
0.6813875781290888,0.22716723706457342
0.6860154095768562,0.2279610715537051
0.8106087526616914,0.2417326823785519
0.6914145462659185,0.22874388056382106
0.7550610019806013,0.23641800772586824
0.8580550436476124,0.24671651390734242
0.6721264059104018,0.22616376096730004
0.7766630580600017,0.23872249034699633
0.8603689593714962,0.24677164130242102
0.7145592128279078,0.23115861797510634
0.6601711746703357,0.22407994543332937
0.6833130865707492,0.22756407555571773
0.7033752868291365,0.2302214522587703
0.11155552984538086,0.07315696714588388
0.6694268375658707,0.22568966536962418
0.6674985744626343,0.22536992647816836
0.056374149153905706,0.05001354165083395
0.7361612689073082,0.23347412607525012
0.804823963351982,0.24125858678087603
0.6894862831626819,0.22842414167236524
0.6686555323245762,0.22562351249552987
0.7180300864137334,0.2315665606986879
0.6478247814864705,0.22265750113345872
0.4236944970125696,0.17825600705504663
0.6647990061181033,0.22507223854474398
0.8765718787618346,0.24797357602197737
0.6520669603135906,0.22329697891637035
0.7404034477344283,0.23431206248044464
0.6705837954278128,0.22577786920174991
0.6840871464736198,0.22764133266224928
0.6466678236245287,0.22240391511609722
0.6474391288658231,0.22253622086428582
0.6655703113593979,0.2251383914188383
0.854969822682434,0.24626446926769802
0.669812490186518,0.2257006908486399
0.6401117290735246,0.22137854556763548
0.002335953016492159,0.013892733587176614
0.6755972794962274,0.2265717036908816
0.6821588833703833,0.2274649249979978
0.6987419460582169,0.22949361313688987
0.6636420482561615,0.22481865252738248
0.7184157390343807,0.23197450342226944
0.6748259742549328,0.22641734698466154
0.6613281325322777,0.22449891363592667
0.6242944623038337,0.21910713938355453
0.652452612934238,0.22330800439538606
0.6786880097845578,0.2267262179039447
0.7072318130356093,0.23056324210825757
0.6752116268755801,0.22642837246367725
0.6501386972103542,0.22297724002491454
0.7488905600502448,0.2344995743771334
0.03321570928403591,0.032383249430750584
0.5768481713179128,0.2101541354091056
0.6802251109439948,0.22688041710332169
0.6489817393484124,0.22273467948656875
0.6782996025023345,0.22662690983938172
0.7176444337930862,0.23142322947148355
0.6740546690136383,0.22635119411056723
0.08763680338052073,0.06482146874973667
0.21343117891251473,0.11502252229725934
0.03899774393216921,0.03242727259339191
0.6528382655548852,0.2234513356225904
0.6875580200594454,0.22819260661303517
0.6952710724723914,0.22924002711952834
0.12660149137377733,0.07776577488129695
0.6266083780277174,0.21942687827501034
0.6509100024516488,0.22304339289900885
0.6586230548645946,0.22383722738814052
0.7500475179121866,0.2358226318590195
0.07142562000545426,0.05120460839821762
0.6439682552799976,0.2219628959554685
0.569129609581815,0.20880886946234495
0.6512956550722961,0.22305441837802456
0.6898719357833293,0.22851234550449098
0.4063346197602894,0.17271003360329754
0.0417055762614284,0.035867458306560455
0.6296935989928958,0.2200222541418591
0.7072318130356092,0.23071759881447762
0.5787764344211492,0.2110802756464259
0.1767638786736855,0.09778883230805566
0.4885061745739228,0.19278821842513483
0.6455108657625868,0.22219443101479858
0.6717407532897545,0.22584402207584423
0.6493673919690597,0.22287801071377308
0.4422113321267916,0.18333891038813555
0.6374121607289936,0.22055163464145666
0.6566947917613581,0.2235726158917633
0.436040890196435,0.18080305021452048
0.6574660970026527,0.2237600490350305
0.6539952234168271,0.22352851397570042
0.574528746270877,0.20937116889214655
0.013528142999991737,0.020398002466714672
0.11619162527787653,0.07667433121216242
0.4260084127364533,0.1787411281317382
0.37160935593257693,0.16396635622330416
0.10036333986188131,0.06724707413319457
0.6428112974180556,0.22174238637515414
0.21535944201575113,0.11569507651721812
0.6412686869354666,0.22163213158499698
0.13586541825404042,0.08363156597792336
0.1455177524165269,0.08893513639816976
0.7492762126708921,0.2355800713206737
0.5097225780326758,0.19730882232842217
0.6451252131419395,0.22218340553578286
0.6933428093691548,0.22892028822807256
0.5104938832739705,0.19765061217790944
0.6447395605212921,0.22206212526660996
0.5147360621010906,0.19821291160771104
0.4831070378848607,0.19240232665958473
0.3878122753229153,0.16866336779084296
0.6212092413386554,0.2182030501042657
0.22384379966999152,0.11815375833772318
0.6663416166006925,0.22529274812505834
0.5093369254120286,0.19694498152090348
0.11426336217464007,0.07472282142638041
0.2550926805887263,0.12962057152775577
0.6485960867277651,0.22272365400755303
0.5594882940656327,0.2072873533581759
0.7053035499323729,0.23054119115022612
0.4094198407254677,0.174176422312388
0.10576798587409547,0.06984924468774703
0.22654336801452257,0.11979655471106512
0.6404973816941719,0.22142264748369833
0.5942080485701928,0.2133957837465697
0.4402830690235552,0.18170713949380934
0.63934042383223,0.22116906146633683
0.48927747981521735,0.19359307839328221
0.5247685395610724,0.2008261076412792
0.8561267805443761,0.24646292788998095
0.6659559639800452,0.225149416897854
0.04595050975012466,0.0373670022061196
0.6215948939593027,0.2182802284573757
0.6458965183832339,0.22228263484692432
0.5702920767669089,0.20893030723836092
0.19413201991069384,0.1054078320750243
0.558716988824338,0.20700069090376727
0.6165814098908878,0.21747536848922833
0.5953650064321346,0.21351706401574258
0.41482448673768185,0.17689987313611336
0.6786825004614057,0.2266488820439916
0.40672027238093666,0.17320618015900482
0.6771398899788165,0.22660478012792876
0.45879990413777727,0.18765003019012425
0.5274681079056034,0.20106866817962502
0.850727643855314,0.24584550106510075
0.6119480691199682,0.21654907074506494
0.5780051291798546,0.21030849211532568
0.04865558741780779,0.041457612427793944
0.6578517496233001,0.2237710745140462
0.5305533288707817,0.2016089166513952
0.3881979279435625,0.16878464806001583
0.38240762931070105,0.165300439184206
0.6582374022439473,0.2238262019091248
0.6154244520289459,0.21722178247186683
0.611562416499321,0.21653804526604922
0.33109930279515504,0.15340347480571734
0.11387770955399278,0.07401719076937448
0.7415604055963703,0.2344002663125704
0.290203597037086,0.14112061866167858
0.6439682552799976,0.22192981951842136
0.19413752923384595,0.10613567119690474
0.5749199082146764,0.210021829660917
0.27206690522035915,0.13491295896214336
0.6794538057027003,0.22681426422922737
0.6196666308560661,0.21793843860788845
0.29792766809633603,0.14531061570133746
0.6188953256147717,0.21772895450658983
0.2327193192680313,0.12200180802105175
0.3129681203015803,0.1476810936897168
0.31991537679638365,0.15032736616033213
0.2763145933706314,0.13747102760063296
0.37199500855322426,0.16397738170231987
0.8734866577966562,0.2479404995849302
0.6200522834767135,0.21798254052395133
0.23966657576283462,0.1231706663035609
0.6169670625115352,0.21748639396824404
0.17715779527906095,0.10040210709504539
0.3156676886461114,0.14944517033223162
0.6721264059104018,0.22603145521911142
0.5891890551786261,0.21280025037287784
0.49082009029780654,0.1938907663267066
0.4321843639899621,0.180626642550269
0.309882899336402,0.1470195649487737
0.6030780588450805,0.21532524257432029
0.09534985579346653,0.06531761530544396
0.36196804041639463,0.162918935716811
0.5043234413436138,0.19673549741960483
0.5135791042391489,0.19808060585952247
0.2909749022783806,0.14266418572387907
0.5158930199630325,0.19859880337326113
0.6856297569562091,0.22787286772157936
0.5780051291798547,0.21067233292284432
0.5961363116734294,0.2142116691937328
0.26049732660094044,0.13083353172632778
0.6235231570625391,0.21866612022292584
0.6277653358896593,0.21961431141827756
0.5413571115720579,0.20350545654894167
0.6304649042341904,0.22008840701595342
0.280947934141551,0.13994089240699675
0.3380465592899584,0.15671127601727572
0.3951451844383659,0.16995350634252504
0.4287134904041364,0.17982178258212161
0.1736786577085072,0.09652090222124814
0.33881786453125295,0.15724049901003018
0.2689816842551808,0.13254248097376403
0.643196950038703,0.22186366664432705
0.5436710272959416,0.20410083241579047
0.6208235887180081,0.21804869339804564
0.6806135182262182,0.22694664873083753
0.6158101046495932,0.21723280795088254
0.049426892659102384,0.043199638112277325
0.5074086623087922,0.19688985412582488
0.3044782533241878,0.1453214836735101
0.6971993355756277,0.22941643478377985
0.6609424799116304,0.22437763336675376
0.18448519507135946,0.10073287146551693
0.6069345850515534,0.21622933185360915
0.5610309045482218,0.20736453171128597
0.673669016392991,0.22625196479942578
0.39553083705901315,0.17067016247854672
0.06794923709647652,0.050741380772714395
0.611562416499321,0.21640573951786066
0.5980645747766657,0.21442115329503145
0.3947595318177185,0.1698653025103993
0.46574716063258054,0.18766121317598305
0.36698152448480953,0.1636907192479112
0.23542439693571446,0.12308246247143516
0.5984502273973131,0.21468576479140866
0.5602595993069273,0.20729837883719165
0.11541481071342985,0.0754613710135904
0.5529266901914766,0.20528055867047226
0.5625735150308111,0.20843400317581057
0.5286250657675452,0.2012450758438765
0.441440026885497,0.18202687838526513
0.2767057553144308,0.13815476480645053
0.5012382203784355,0.1966803700245263
0.10615363849474277,0.0720102385748277
0.722660672523077,0.23221714271403676
0.42639406535710067,0.17967829384807418
0.5687439569611678,0.2084670796128577
0.6736690163929909,0.22619683740434718
0.512422146377207,0.19784907080019232
0.5710578726850514,0.2089411752105336
0.4807876128378249,0.19152013083148425
0.37315747573831826,0.16491470492549898
0.6377978133496409,0.22059573655751952
0.5722148305469933,0.20934911793411518
0.5876464446960369,0.21261281722961065
0.614261984843852,0.21710034469585085
0.6385691185909355,0.22098162832306964
0.43642654281708226,0.18088022856763053
0.4680610763564642,0.18847709862314616
0.8704014368314781,0.24684897716237417
0.3102685519570493,0.14754878794152815
0.5803190449037384,0.2114441164539446
0.39013170036995115,0.16898326418914186
0.542899722054647,0.204001603104649
0.4788593497345885,0.1913216722092013
0.15246500891133022,0.09401803973125869
0.6104054586373792,0.21638368855982917
0.6941141146104495,0.22898644110216684
0.33149046473895455,0.15386670243122058
0.5957506590527821,0.21362731880589977
0.384727054357737,0.16708672429159535
0.6354783883026051,0.22043019686544066
0.5822473080069749,0.21210564519488764
0.6536095707961798,0.2235174884966847
0.41096245120805686,0.17631536524143723
0.5814760027656802,0.21162052411819604
0.6462821710038813,0.22228263484692432
0.4969905322281632,0.19493818683319977
0.6551521812787691,0.22356159041274756
0.44607336765641664,0.1848275075621005
0.540200153710116,0.20318571765748591
0.777048710680649,0.23875556678404347
0.6223661992005972,0.2184566361216272
0.5895747077992732,0.21311998926433368
0.40402070403640566,0.1722579889636531
0.5251541921817195,0.20083713312029491
0.3874321320254201,0.16791379272461726
0.40401519471325353,0.1719270670863385
0.5610309045482219,0.20822451907451192
0.438740458540966,0.18153073182955784
0.07180576330294944,0.05234007522999346
0.6123337217406155,0.21675855484636358
0.5398145010894687,0.20297623355618724
0.54675624826112,0.20523645675440932
0.32685712396803485,0.15166144912123397
0.6038493640863751,0.21575523625593326
0.5432853746752943,0.20405673049972758
0.48310703788486076,0.1915754157334059
0.62198054657995,0.21830227941540717
0.5255398448023669,0.20093636243143642
0.6188953256147716,0.21787228573379416
0.6223661992005972,0.21841253420556433
0.5332528972153127,0.20262326072084116
0.4777023918726465,0.19127757029313847
0.5999928378799022,0.21482909601861297
0.3507786050944712,0.1614413640218617
0.620823588718008,0.21819202462524998
0.2643593621305655,0.13244340916946568
0.7172587811724389,0.23141220399246784
0.44491090047132276,0.18382403146482712
0.5224546238371885,0.200561496144902
0.6320075147167795,0.22034199303331492
0.12660975535850544,0.07819600482317457
0.595750659052782,0.2142006437147171
0.3422942474402308,0.1578691088207692
0.1991565226254128,0.11152728794243376
0.4996956098958463,0.19565500047606454
0.5772338239385602,0.21020926280418417
0.46459020277063867,0.18766121317598305
0.6401062197503726,0.2211909549175252
0.22808597849711174,0.12038090509889816
0.6057776271896117,0.21613010254246767
0.3935970646326246,0.16967771186028902
0.241589329542919,0.12386511397470804
0.585332528972153,0.21228205285913912
0.3241575556235038,0.15135273570879387
0.6285366411309538,0.21974661716646615
0.3889692331848571,0.16890592832918877
0.5189837502513629,0.19966843234462883
0.24160034818922324,0.12695256311279515
0.397844752782897,0.17113323259720684
0.47191760256293724,0.19016399691255095
0.6003784905005496,0.2152039623051474
0.2037843540731803,0.11376546018262448
0.37970806096617005,0.16493659837668734
0.62622272540707,0.21941585279599463
0.5324815919740181,0.2021160886861182
0.5857181815928005,0.21235923121224912
0.44800163075965305,0.18499288974733627
0.5872607920753896,0.21240333312831206
0.5463705956404726,0.2046962082826392
0.3338043804628382,0.15499130129082375
0.42330884439192235,0.17749524900296207
0.32685712396803496,0.15245528361036562
0.31760146107249987,0.1500737801429706
0.3824131386338532,0.16677801087915523
0.6173527151321824,0.21771792902757411
0.5529266901914766,0.20649336136220114
0.08146360678858801,0.0626934725462816
0.5444423325372362,0.20418903624791618
0.3554064365422387,0.1616067462070975
0.5845612237308586,0.21224897642209195
0.6231375044418918,0.2186440692648944
0.8457141597868993,0.2446768002894347
0.4576429462758354,0.18739644417276274
0.5201407081133048,0.2003850884806505
0.6242944623038337,0.21873227309702015
