0.040764268200479084,0.03319592669443838
0.15729821015962295,0.08677852666906596
0.1273238600631708,0.07083529116468597
0.8529688173486616,0.2948823422759266
0.8461853717822793,0.2932271467314516
0.8552370319599207,0.29488288674814517
0.8727609330064084,0.29688654451250956
0.8744567943980041,0.29732212228737137
0.8382642858657015,0.2923118889320232
0.19576599939231634,0.09945601780641945
0.1374990284127444,0.07680270668029299
0.8524035302181298,0.2942289756136338
0.11655514022653882,0.06416877332042571
0.836003137343574,0.2918327533796752
0.8314808402993191,0.2907873667200068
0.8150804474247635,0.2883911444860482
0.8869001773588367,0.2988036311941202
0.8343143420411102,0.2914412778545182
0.4520106556624106,0.19843235558827227
0.8105581503805085,0.2873457578263798
0.8354378502130422,0.2915278489372719
0.4678386953173029,0.2051838110986306
0.21952219105291793,0.11056434000983316
0.6341179047632505,0.25096956890323147
0.3484924498837629,0.1622739555525549
0.8495770945654705,0.2934449356188825
0.869376276312349,0.2967999734297558
0.37904621928901017,0.1745158689150465
0.8196027444690184,0.2891751844807995
0.7008500505225369,0.2669138933520486
0.7449565788822857,0.27545230668377757
0.8405254343878289,0.2926167933744265
0.8269514771659325,0.29013345558549547
0.8150804474247634,0.28826047115358966
0.88181259318405,0.2984987267517169
0.8235597543827413,0.28956720447817513
0.7053723475667918,0.2676979333467999
0.5000741939358824,0.2133302044329839
0.698016548780746,0.26538882666781366
0.3038065022152189,0.14432597333937333
0.27948502342408543,0.1370942933322299
0.6748327103398081,0.26068404222708735
0.8246903286438051,0.28965432003314745
0.8461853717822794,0.2933578200639102
0.6194063071911589,0.24639491332274516
0.8111234375110404,0.287868451156214
0.8501423816960023,0.2937498400612858
0.7924548300252255,0.284339182235396
0.26816514863518487,0.13095155776224093
0.82921262568806,0.29043836002789875
0.8173415959468909,0.2888702800383962
0.832046127429851,0.291310060049841
0.6912260371252321,0.26268769999145175
0.8145151602942317,0.2880862400436449
0.8207333187300822,0.28926230003577186
0.8671080617010899,0.2967994289575372
0.3275626938758205,0.15325640666847792
0.8620204775263031,0.29536202230049313
0.8280820514269962,0.2903512444729264
0.7098946446110467,0.2687433200064683
0.4542576720062748,0.1985183821988075
0.8439242232601518,0.29270445340161744
0.8128192989026359,0.28791200893370017
0.3134163834342606,0.14585049555138974
0.259120554546675,0.1300368444350311
0.7817143745451202,0.2825533133584625
0.7178086644384929,0.2697015911111643
0.2421478084524558,0.11727332668714247
0.3473618756226991,0.15809240891388135
0.24327838271351954,0.11757823112954573
0.8235597543827413,0.2895672044781751
0.8049052790751899,0.2861261400567667
0.7794532260229926,0.28207417780611455
0.8642886921375622,0.2953625667727117
0.39997597529695245,0.18192178003213472
0.8885960387504324,0.299239208968982
0.709329357480515,0.26804639556668935
0.8258209029048688,0.29004634003052315
0.7494788759265406,0.2766283666759045
0.5402378445601713,0.2258770222378788
0.7834102359367157,0.2825968711359487
0.7246062421831385,0.2709658556027008
0.8320461274298511,0.2914407333822996
0.2432925148917828,0.1228062533723248
0.7771920775008652,0.28150792669879415
0.5164816528995697,0.21890668889565243
0.8082899357692493,0.2868660778018132
0.28739904325153154,0.13827035332435678
0.7721044933260784,0.2804189822616396
0.7766267903703334,0.281464368921308
0.8071593615081856,0.28643050002695136
0.6697451261650211,0.2595950977899328
0.4497495071402831,0.197648315593521
0.62279802997435,0.2490954955268885
0.7624946121070367,0.2784588822747614
0.8767250090092632,0.29732266675958996
0.2263056366193003,0.1132213644364903
0.66635340338183,0.2583754800203197
0.8416560086488927,0.29270390892939885
0.7342161234021802,0.2734486489194132
0.796425972117212,0.2848194067321812
0.6465542216349516,0.25336524666497157
0.7788879388924609,0.281943504473656
0.5696469075260916,0.2350688022319005
0.7053723475667919,0.2680028377892032
0.7619293249765048,0.2778490733899548
0.7624946121070367,0.27845888227476134
0.7952883317670165,0.28442684226258697
0.8258209029048688,0.2900463400305231
0.713286367394238,0.26904822444887155
0.6001865447530754,0.24317163778876763
0.7771920775008653,0.28155148447628037
0.5210039499438246,0.2215201555448234
0.8105581503805085,0.28721508449392125
0.6725715618176806,0.2601613488972532
0.6205368814522225,0.24752741553738591
0.8196027444690184,0.2891751844807995
0.7873672458504388,0.2834244689081862
0.5883013828336431,0.23894544442817078
0.5984906833614798,0.2415164422442927
0.5571964584761273,0.23049414665141418
0.8026441305530624,0.28564700450441866
0.82921262568806,0.29043836002789875
0.43277676104606383,0.19429327778264774
0.644858360243356,0.25262476444770643
0.8145151602942315,0.2879555667111864
0.804339991944658,0.28569056228190487
0.7704086319344828,0.2802447511516949
0.6505253637269379,0.25497797337639744
0.40223712381907983,0.18331562891169256
0.8229944672522095,0.28926230003577186
0.5521088743013405,0.22957943332420436
0.7393037075769671,0.27431980446913684
0.8405254343878289,0.2926167933744265
0.4819708735805995,0.20962670440222123
0.7404342818380308,0.27466826668902633
0.6985818359112779,0.2665648866599406
0.2461189505444421,0.12594241335132994
0.7438260046212218,0.2752780755738329
0.414673440690781,0.18937015998227197
0.47746270871460783,0.20893086890687945
0.4486048007009561,0.19533866444231615
0.19915772217550753,0.10507497110213698
0.7042417733057282,0.26713168223947953
0.4961171840221593,0.21263327999320497
0.19746186078391192,0.1040295844424686
0.5605881812593184,0.23058126220638653
0.7562623214929228,0.2770639444507663
0.7455218660128174,0.27588788445863943
0.7879325329809707,0.28355514224064476
0.7794532260229927,0.2822484089160593
0.339447855795253,0.15791817780393663
0.5769956402230056,0.2356350533392209
0.739303707576967,0.2740584578042197
0.6867178722592405,0.2625145578259442
0.6318567562411231,0.250141971130994
0.8071664275973174,0.2866052756091147
0.23479907575554154,0.11531322670026424
0.6855731658199133,0.26233923777156226
0.6307261819800595,0.24992418224356308
0.773800354717674,0.2807238867040429
0.7839755230672476,0.2830324489108106
0.20369415139802569,0.11021587778994373
0.6380749146769736,0.2512309155681485
0.5046106231584006,0.21616254891402292
0.3858296648553925,0.17996059110081936
0.7223450936610111,0.27066095116029754
0.7743656418482059,0.28098523336896
0.32134453543997005,0.15186255778892013
0.7319479087909212,0.2724027177875262
0.6069699903194578,0.24591577777039714
0.7359119847937758,0.2736228800293579
0.5198733756827609,0.220953904437503
0.09450894213579608,0.05628481559542665
0.45653295270666555,0.19908572225056506
0.7913242557641619,0.2839471622380204
0.7613569717568415,0.2777178555852777
0.7364772719243077,0.2739277844717612
0.8620134114371714,0.29505657338587127
0.31963454187011114,0.15046761996492508
0.7726697804566103,0.28072388670404286
0.5080023459415918,0.2179919755684426
0.5260915341186114,0.22300111997935362
0.4022371238190799,0.18767140666031087
0.7585234700150504,0.2773688488931696
0.7579581828845185,0.27732529111568344
0.5560658842150635,0.23014568443152475
0.7958465528084167,0.2846005289003131
0.6968930406088141,0.26382129115052966
0.5430642802128306,0.2272273133399505
0.2919354724740498,0.14293212445981548
0.74326071749069,0.2751909600188605
0.7025459119141326,0.26708812446199337
0.727990898877198,0.2714880044603164
0.3485207142402895,0.16306017343618046
0.5798220758756651,0.23681111333134783
0.63694434041591,0.25110024223569
0.27609330064089427,0.13517775112283784
0.5939542541389616,0.2403828510852148
0.5639799040425096,0.2314524177561102
0.7981218335088075,0.28486296450966736
0.29702305664883655,0.14336770223467735
0.17425682407557885,0.08786747110622053
0.5464560029960219,0.22809846888967414
0.7704086319344828,0.28002696226426393
0.7670098430621599,0.2793294933522664
0.5866055214420475,0.2375951533260991
0.5368461217769801,0.22587702223787884
0.7325202620105846,0.27253393559220335
0.7421301432296263,0.27488605557645723
0.1550370616374955,0.0859509288968285
0.5509783000402767,0.22879539332945306
0.7093293574805148,0.268438415564065
0.4271238897407453,0.18980682670157092
0.31454695769532437,0.14911732886285342
0.7783226517619288,0.2816821578087389
0.7749309289787377,0.28129013781136325
0.4378643452208506,0.1952515488873438
0.4582288140982611,0.20322371111175236
0.6578740964238522,0.2569380733632757
0.6816302880844537,0.2614256133887896
0.48366673497219503,0.21110766883675144
0.666918690512362,0.25924663557004335
0.4655775467951753,0.20374640444158656
0.7749238628896061,0.28115892000668613
0.7653210477596961,0.27858955560721993
0.360363479624932,0.17002723994509542
0.6759632846008716,0.2608147155595459
0.17879325329809712,0.09819175331488297
0.6386402018075054,0.2524505333377617
0.7986800545502077,0.2856029022547139
0.8049052790751899,0.2861261400567667
0.09166837430487348,0.05171016001494032
0.334925558750998,0.15709058003169915
0.37901795493248364,0.17359897769896238
0.7749309289787377,0.2812030222563909
0.6731368489482125,0.26050981111714266
0.5662551847429004,0.23437187779212162
0.7856713844588431,0.2830760066882967
