0.12433075550267697,0.33382967756714965
0.36585365853658536,0.49223984880591026
0.30517549077929806,0.46005383425920615
0.47352766210588937,0.5140599049309891
0.5211183819155265,0.5289502319454784
0.437239738251041,0.5117118149017811
0.26888756692444976,0.44281541721550877
0.2688875669244497,0.4405245976748181
0.31707317073170727,0.47379875150335027
0.06305770374776919,0.24431590401466127
0.07555026769779893,0.27300841876181203
0.06365258774538965,0.25697268197697726
0.07555026769779892,0.26155432105835863
0.13622843545508628,0.3407021361892217
0.19690660321237358,0.39121470706145123
0.09994051160023795,0.30971880190138024
0.20880428316478286,0.407250443846286
0.14872099940511602,0.351068094610847
0.16061867935752527,0.37397629001775384
0.173111243307555,0.38434224843937914
0.2575847709696609,0.4348548193116087
0.2212968471148126,0.4176164022679113
0.24509220701963116,0.4336521390527461
0.2325996430696014,0.4232861806311207
0.13682331945270673,0.3407594066777389
0.12373587150505651,0.32117289960483364
0.14812611540749554,0.34528377527060305
0.28078524687685896,0.4565603344596529
0.32956573468173705,0.4841647099249756
0.4009518143961927,0.5036366760208464
0.01427721594289114,0.16974972796517954
0.03926234384295063,0.23286180631120781
0.08804283164782867,0.2902468358055094
0.05116002379535991,0.2374434453925892
0.026769779892920884,0.20416929156405703
