0.4662965402590885,0.30628699001442306
0.19375176437376493,0.215831035416471
0.2151124494212854,0.22622554030979056
0.1924657319406543,0.21582550936389613
0.23521846868040525,0.2339675399671753
0.3833631316458079,0.2850448439166451
0.4549418148740629,0.30406551687932765
0.39719582196292463,0.2925658014710352
0.3306044352435621,0.269339802498881
0.43863115962485494,0.29898154851045255
0.2791317712744268,0.2516509082067407
0.41852514036573507,0.29322892778001897
0.3758037702706941,0.2848182757610756
0.3469464571374801,0.27420825481733635
0.3243311063015589,0.26712938146893533
0.23393243624729462,0.23396201391460042
0.21382641698817478,0.2262200142572157
0.14598036448041157,0.1926050364443167
0.14977572849032342,0.19703140455678295
0.1724224459709545,0.2074314355026774
0.16734104952793202,0.2029995413376363
0.1472663969135222,0.19261056249689157
0.24776512656441144,0.24369339249893626
0.200025093315768,0.2178204143434221
0.3545058185125937,0.2779714966208189
0.33443116589818395,0.27023502301600894
0.4022144851165271,0.29278684357402984
0.45243248329726166,0.3040655168793276
0.32439383959097906,0.2680246019860633
0.22640444151689096,0.23329888760561673
0.2402057651892977,0.23573035073855692
0.20382045732567988,0.2222467824558883
0.22511840908378034,0.23329336155304187
0.26787114582353133,0.25143539215632105
0.3093378501301716,0.26493001254413934
0.28041780370753744,0.25165643425931555
0.2050751231140805,0.22489928769182316
0.3331451334650733,0.27022949696343407
0.38712712901100965,0.28703422284359614
0.2464790941313008,0.2436878664463614
0.28418180107273927,0.25452998159824497
0.33189046767667274,0.2693453285514559
0.24396976255449956,0.23727764545951893
0.2828957686396286,0.2545244555456701
0.2615350835921082,0.24412995065235052
0.26282111602521885,0.24413547670492539
0.3155798124274647,0.2662507391095319
0.24268373012138894,0.23727211940694407
0.16988174774944326,0.20477340421416773
0.24522442834290017,0.2410353612104266
0.13597440481791664,0.18575825730405998
0.13726043725102727,0.18576378335663488
0.16608638373953138,0.19835765717475035
0.2238951099400897,0.232635761296633
0.3030017878987485,0.2622664552030548
0.20253442489256926,0.22224125640331344
0.19124243279696373,0.2151679091074873
0.16862708196104262,0.20322610949320574
0.2665851133904207,0.2514298661037462
0.17116778018255388,0.2047789302667426
0.3005238229666573,0.2593984339167003
0.28794579843794116,0.2591718657611308
0.281641102851228,0.2518719503097353
0.13217904080800477,0.17934251026464265
0.1824284056334494,0.2144992567459287
0.1987390608826574,0.21781488829084722
0.1660863837395314,0.20034703610170143
0.11586838555879678,0.17801625764667525
0.14472569869201093,0.1910577417233548
0.13346507324111542,0.1813374152441686
0.15106176092343404,0.19703693060935784
0.22132304507386844,0.2288669934405756
0.17863304162353755,0.2100728886334625
0.11207302154888492,0.173589889534209
0.1321790408080048,0.18133188919159374
0.167341049527932,0.2010101624106852
0.1485210627019228,0.195484109835821
0.5215018349487156,0.3188863898851134
0.5051598130547975,0.3175546112145711
0.438599792980145,0.2987549803548831
0.5315391612559205,0.3210968109150591
0.33559173175245444,0.27066052906427357
0.5428311533515261,0.3222020214300319
0.493836454314482,0.3162228325440289
0.45870581223926477,0.3045076010853167
0.3594931150214862,0.28282889683412454
0.3381324299739657,0.27243439194080493
0.3858724632226091,0.2863710965346125
0.483767761362567,0.3157752222854649
0.4775257990652739,0.31467553782306684
0.39211442551990217,0.289239117820967
0.34440575891596875,0.27331856035278324
0.30798908440764095,0.26248197125347456
0.3921144255199021,0.28813390730599414
0.35071045450268196,0.27708180215626577
0.22009974593017786,0.22820939318416678
0.4272764342398294,0.29742320168434094
0.3556977510115743,0.2784025287216583
0.422289137730937,0.2972076856339212
0.45114645086415106,0.30074435928183424
