0.49116442299481305,0.15807882918233238
0.5316689668090827,0.1652126291191879
0.5243360576936321,0.16137560491487504
0.5405389770839704,0.1670759350728442
0.4668600439093056,0.153304560508262
0.5023511036551606,0.16115501658113915
0.47534715622512197,0.15647997721821022
0.5274212786588104,0.16225764323613248
0.5540395734682015,0.16847624966126185
0.5617553805427234,0.16886222018023353
0.5710137980998345,0.17166277060364737
0.3480349621647233,0.12493474294607573
0.36115266058988327,0.12925688822708015
0.3063734604885117,0.11569507651721815
0.32449913365893435,0.11624635046800402
0.39201864354954674,0.13536539736889547
0.3376195867456704,0.12492363871363847
0.3229537685147692,0.11600371117623669
0.4008858991628584,0.1359717199613384
0.3646373074835892,0.1349574546453139
0.4151660647731123,0.13985300358855718
0.40011734858313985,0.13548667763806835
0.3549822186595266,0.12802203457731975
0.3900903804463103,0.13523309162070685
0.32835841452698333,0.12041406028936685
0.3349172637395633,0.12128515188503011
0.41053547866376877,0.1394670330695855
0.34996873459111183,0.12707384338196803
0.41014431671996937,0.13612615542097997
0.34880626740601783,0.12523243087950012
0.41014707138154544,0.13778005602675916
0.35575076923924515,0.12844092402649548
0.4521997350015564,0.15045982941536376
0.6107360180265053,0.17645885397548455
0.4502714718983199,0.14808935142698448
0.4626123557590332,0.15081264474386674
0.4988774754077588,0.15942393762224996
0.4664743912886583,0.15249970054011464
0.4498830646160966,0.1476923554289971
0.4460237837480477,0.14593922551207641
0.4047479346924834,0.1360490558212915
0.42056520146217446,0.1431716727722882
0.43368565454891045,0.14527777552455493
0.4348398577492762,0.14590614907502927
0.45219698033998035,0.14972104356788918
