0.02315843986986979,0.010287323195615388
0.02121915812032913,0.0051270840025733466
0.05208789574156867,0.01796121409739798
0.008489866977392494,0.004355221718051568
0.9436892080623435,0.2517557090914762
0.9467771836890978,0.25213065413143215
0.9085893102602879,0.24989224563097684
0.028563085882083956,0.015072538595279945
0.7454196864644193,0.2350067464118564
0.7701069635089979,0.23737738190707877
0.7087744235181985,0.23079477716758764
0.7469622969470083,0.2353154598242965
0.8854446436982985,0.24705854001709432
0.7708782687502924,0.2380830125640847
0.7188013916550281,0.23188629959014367
0.880816812250531,0.2467829030417014
0.768950005647056,0.23734430547003163
0.8839020332157093,0.24705854001709432
0.7164874759311444,0.2318421976740808
0.740020549775357,0.23427906479681904
0.8487993807520775,0.2431332332272342
0.8738723104173035,0.245878735008991
0.7249745882469607,0.23283456953891693
0.8491850333727248,0.2436404052619572
0.7199583495169699,0.23225014039766237
0.38199443007429323,0.14087821563017586
0.19563331046964225,0.07049998420993898
0.7292167670740808,0.2330550791192313
0.8858302963189457,0.24779724711114742
0.7157161706898497,0.23166579000982931
0.9078180050189933,0.24964968509263105
0.7149448654485552,0.23156656069868786
0.7026012269262659,0.22991266009290867
0.17980227039207097,0.0635203047190389
0.713402254965966,0.23156656069868786
0.7153305180692024,0.2315886116567193
0.7523614336360703,0.23597698856523955
0.9359761556493976,0.2512375115777375
0.1354356910481763,0.04548214852879553
0.2288159638147655,0.08138260451898158
0.8248834089487934,0.24077362321102752
0.6354783883026051,0.21813689723017143
0.6779139498816872,0.22652768052824027
0.6983590480991456,0.22935036066310707
0.1998672253120343,0.07088563971522448
0.07332082716977807,0.03045371184957845
0.7126309497246714,0.23150040782459355
0.6952710724723914,0.22924002711952834
0.05788094903600618,0.025800565937837878
0.4151770834194165,0.15332645395945038
0.5455937810760259,0.1965702727412122
0.8464854650281938,0.2430781058321556
0.6925715041278603,0.22876593152185248
0.3160202853278461,0.11589369264634414
0.045537310513716844,0.017619581754753814
0.28090661421791013,0.10377613993411959
0.6987419460582169,0.22949361313688987
0.6933428093691549,0.2287659315218525
0.6979733954784983,0.22926215683098133
0.749276212670892,0.23570135158984662
0.6674985744626343,0.22536992647816836
0.9089749628809353,0.251215303112863
0.6914145462659185,0.22874388056382106
0.6782996025023345,0.22653870600725598
0.2878538707127135,0.10895827257834999
0.8518846017172559,0.2436955326570358
0.5702865674437567,0.20391355677936632
0.6242944623038336,0.21663743208403383
0.4495222039496338,0.16665688811682547
0.39473198520195796,0.1483868818535658
0.7153305180692024,0.23163271357278217
0.2774247219857805,0.098560773345999
0.13852091201335462,0.050983862557638655
0.2002528779326816,0.07187793282663907
0.6898719357833293,0.22851234550449098
0.74387707598183,0.23457675273024342
0.23304987865715762,0.08258414547143021
0.7272885039708444,0.2328786714549798
0.177105456709116,0.06304628787478458
0.49080907165150234,0.17878554506148722
0.200644039876481,0.0755275238876847
0.623523157062539,0.21579949567883927
0.34264133479881337,0.12383235255134706
0.7508188231534811,0.23570135158984662
0.6354783883026051,0.21867714570194155
0.7018299216849713,0.2296039466804686
0.17401197175920952,0.062351446436529734
0.6867867148181509,0.22760825622520214
0.27009456753190586,0.09748019764903709
0.29479286322278886,0.11060099019827041
0.6786852551229817,0.22668203723446032
0.6875580200594454,0.22792799511665796
0.7519757810154231,0.23575647898492522
0.40630707314452885,0.15139699513169982
0.710702686621435,0.23100426126888626
0.207208398412213,0.07708235268916554
0.8233407984662042,0.23948364216618856
0.6883293253007401,0.22812645373894086
0.4927373347547387,0.18049449430892348
0.6408830343148193,0.2208934244909439
0.669812490186518,0.2257006908486399
0.31910275163144824,0.11613617443126838
0.3229592778379211,0.11632360757453557
0.24193917156307762,0.09429375546007317
0.825654714190088,0.24147925386803346
0.47961412700642664,0.17398914667596388
0.6377978133496409,0.21920652620153908
0.6123337217406156,0.21367142072196263
0.6686555323245762,0.22562351249552987
0.6879436726800927,0.22800517346976795
0.4140201255574746,0.15240031372213012
0.623523157062539,0.21574436828376062
0.8237264510868516,0.24040978240350883
0.1416199062864132,0.056133155025086506
0.09377694403354078,0.043034255927041576
0.46804454838700793,0.17387889188580666
0.6624850903942195,0.22392558872710933
0.23460075312447487,0.0841499997519267
0.1589715195539652,0.060587369794014904
0.6651846587387507,0.22505018758671255
0.44604582104065604,0.16434138001668164
0.23730032146900593,0.08591407639444155
0.44450321055806696,0.16361369840164433
0.6999016585817348,0.22958189572243715
0.7195726968963226,0.23210680917045803
0.6501386972103542,0.22297724002491454
0.7485049074295974,0.2356351987157523
0.6694268375658707,0.22568966536962418
0.6393404238322301,0.2195262650929949
0.834910377085623,0.24186514563358358
0.624680114924481,0.21771792902757414
0.565653226672837,0.20135548814087673
0.664413353497456,0.2243335314506909
0.6050063219483169,0.21155452875094485
0.7018299216849712,0.22975830338668865
0.5652675740521899,0.2007049848789494
0.4827048572947571,0.1787743620756284
0.6701981428071654,0.22584402207584423
0.5818616553863276,0.207640326193522
0.593045581385099,0.20886415436426664
0.5147250434547864,0.18720916853633862
0.6123392310637676,0.21453156559203168
0.6061632798102589,0.21210580270173068
0.6721264059104018,0.22616376096730004
0.09029505180141095,0.0339930481204669
0.325278702884957,0.11803271432881489
0.547136391558615,0.1967687313634951
0.5193583842257059,0.18804726244837625
0.8252690615694407,0.24083977608512183
0.6547665286581216,0.22337415726948037
0.6759856867784507,0.22620794163678445
0.5787709250979971,0.20519251234518954
0.6019211009831386,0.21147735039783483
0.5575545216392439,0.19996627778489634
0.615424452028946,0.214752075172346
0.278198781888651,0.10219926017460736
0.4954424124224218,0.1821374481891085
0.5884177499373314,0.20782775933678915
0.6015354483624913,0.21108043315326896
0.47190107459348085,0.17388991736482243
0.6543808760374744,0.22323082604227604
0.6821588833703833,0.2274649249979978
0.02816916927670851,0.012536442161400256
0.1852069164042851,0.06804090862232622
0.5209009947082952,0.18941442184632526
0.5320904300302186,0.19385784739650255
0.6933428093691548,0.22892028822807256
0.4167252032251577,0.15542145247927985
0.5764570093741133,0.20449790716719934
0.6408830343148191,0.2198790804214979
0.5263001313973571,0.18969005882171822
0.45955468140961553,0.17104518627192417
0.3546020753620315,0.1285403895979016
0.3623151277749772,0.1308447147121866
0.2998146112759316,0.11205658968860974
0.27549370422096797,0.09847249076045171
0.7053035499323729,0.23054119115022612
0.729602419694728,0.23346302184281284
0.15280934160833665,0.05978274608613214
0.6613281325322777,0.2237161046258107
0.3885560339484492,0.14338115687358685
0.3441784359582504,0.12667676863055913
0.44759394084639736,0.16634817470438537
0.0555697879736985,0.021368402126940914
0.23266422603651027,0.08183441289836137
0.5884177499373313,0.20807031987513494
0.6239088096831863,0.2161633364863579
0.5614110478457169,0.20066088296288653
0.664413353497456,0.22405789447529795
0.35459932070045524,0.1267762342019652
0.3746670302819947,0.13755954644644486
0.5479076967999096,0.19786025378605115
0.6485960867277649,0.22204007430857856
0.6192809782354189,0.2156561644516349
0.5976789221560184,0.21102530575819037
0.5309334721682768,0.19170787898843764
0.5776139672360552,0.20475149318456085
0.6084771955341426,0.21310912129216103
0.22186870731996214,0.08101860620461983
0.6227518518212445,0.21570026636769776
0.662870743014867,0.22404686899628223
0.6590087074852419,0.223506463017669
0.45222728161731696,0.1710010843558613
0.6412686869354666,0.22148880035779264
0.03241685742698081,0.015612708313628574
0.6647990061181032,0.22492890731753964
0.5714435253056984,0.20392458225838203
0.5019929976502738,0.18250113148978409
0.4421892948341831,0.16200397846534947
0.43871291192520545,0.1591592473724512
0.5023896689172251,0.1865257463442072
0.4225099925348671,0.15566401301762564
0.5305478195476294,0.19153147132418613
0.3299065343327245,0.12107574653715296
0.3819889207511412,0.13775784756188467
0.15203803636704213,0.05898891159700047
