0.36264582641445436,0.17255522445594973
0.3733862818945598,0.17547359554752398
0.37847386606934663,0.1756478266574687
0.37960444033041035,0.17573494221244104
0.3383243476233209,0.16414748445667934
0.3830102952918648,0.1778703622537012
0.34229548971530727,0.1676331956000111
0.5221274581157567,0.21790431554125167
0.5147787254188424,0.2175558533213622
0.41692045703464503,0.18814945326822172
0.6335172871870606,0.23585229775443323
0.44577836504829677,0.19891040219618314
0.5492683064704178,0.22243486887203323
0.5136552172469103,0.21733860890614987
0.32192395474876523,0.15617586670448938
0.40562178051313935,0.18784509329803703
0.39318546364143836,0.18287950666461222
0.4299361932151412,0.19154804885658114
0.3258950968407516,0.16210081338704735
0.19975127366256598,0.10982494673700521
0.212187590534267,0.11039119784432559
0.3400202090149165,0.16493152445143064
0.2761144989082892,0.14502344225137084
0.3632111135449862,0.1744282088878556
0.26535991124992053,0.1382708977965754
0.28686908656665794,0.1502950222716361
0.38185852276340615,0.17712824661978033
0.5040312038496053,0.21454982220259702
0.42259452660735863,0.19124368888639642
0.3253156775319564,0.15735192669661627
0.3241709710926293,0.15687170219983113
0.2823326573441397,0.14598171335606686
0.38471322277259207,0.1810506244824111
0.4316461867850001,0.19438039333762014
0.42202923947682675,0.1902418600042142
0.48367380106132657,0.2091045555446056
0.4599388076681199,0.20487999560066447
0.45256181061467904,0.19912819108361404
0.4729333455812212,0.20797205332996485
0.5735897852615512,0.22783712222475705
0.5046035570692688,0.2169024866590695
0.5509712339511449,0.2269654222028148
0.3728209947640279,0.17508157555014833
0.43277676104606383,0.19468529778002344
0.3258809646624882,0.16192549333266548
0.490457246627709,0.21119532886394235
0.5950848284000254,0.23376206890731505
0.43618261600751834,0.1986501444757032
0.574155072392083,0.22879539332945303
0.48481144141152194,0.20980202445660315
0.4180792956522354,0.18937124892670915
0.4531341638343426,0.20117595109768321
0.6058323499692625,0.23424174893188163
0.5260915341186113,0.2209974622149892
0.4022441899082115,0.18610387114302687
0.49781304541375476,0.21202347110839842
0.4282473979126773,0.1915050355513135
0.4310808996544682,0.19220250446331102
0.36717518954784095,0.17490788891242218
0.25064124758869705,0.1316049244245337
0.25631531716141065,0.132216366725996
0.2133181647953307,0.11513899559031952
0.3982801139053568,0.1843174577938748
0.2546123896806834,0.13182380225640178
0.3157057963129146,0.1548255756024177
0.35133301771468545,0.1707252533293115
0.2201016103617131,0.12145487332581598
0.1856049632210061,0.10320307561466831
0.24273429385038262,0.12716257559316163
0.24047314532825514,0.1260736311560071
0.24442308915284658,0.13042886443240675
0.2348202740229365,0.12276324006705719
0.19862069940150226,0.10529493787844223
0.17937267260689227,0.09971736447133653
0.2976095420467633,0.1540409911354478
0.3829961631136015,0.17782571553177784
0.35981232467266344,0.17081236888428386
0.3784738660693466,0.17551715332501017
0.3202280933571696,0.15604519337203082
0.26083054811653394,0.13426303779562798
0.27384628429703006,0.1396217333708656
0.29477604030497234,0.1513398644590859
0.24838716515570128,0.13138768000932136
0.3456801464093668,0.16828601779008528
