0.3983877544619053,0.2768607600532712
0.31680311157115526,0.24922497112637532
0.32307644051315837,0.25055122374434274
0.33687776418556514,0.25784561314316345
0.26655374674571064,0.231088466575671
0.22885103980427213,0.22577240399865167
0.1597503215081083,0.1881786683318505
0.07684827953953764,0.13864865910334273
0.12333364699978043,0.16540580567083513
0.2263103415827609,0.21515685700233753
0.1044822935290612,0.15324296395355905
0.27906903798500676,0.23793524571592772
0.33556036510774445,0.25142434005117126
0.6935792478278598,0.35826504053359565
0.6797465575107431,0.3582595144810209
0.4850851604403877,0.30650250606484275
0.6960572127599512,0.35958576709898826
0.6358018882720116,0.35582252529550573
0.5755151971393621,0.3290653787280132
0.6232238637432954,0.33835467310636
0.6332925566952103,0.34477042014577736
0.6006085129073743,0.3290653787280133
0.45622784730717353,0.3025237482109405
0.41855650701044506,0.28837152756671325
0.5503591480819296,0.3252966108719559
0.6031492111288855,0.3339338310464687
0.5340798594774318,0.31049231602389465
0.3883817947994104,0.2750979492818895
0.4034377842602177,0.2828344228866994
0.43737649383645427,0.29013986439066985
0.43609046140334373,0.290134338338095
0.4988551174680844,0.3076021905272407
0.36702110975188984,0.271334707478407
0.4072331482701296,0.2872607909991656
0.43863115962485494,0.29898154851045255
0.14848969605721277,0.17956355236763724
0.1936890310843449,0.1961472361448047
0.30293905460932846,0.24324578224037224
0.2100310529782629,0.21206779361298844
0.20378909068096987,0.20544205657572628
0.15601769078761646,0.18420543653052318
0.1685957153163326,0.19482098352683727
0.30168438882092785,0.24169848751941025
0.25394435557228445,0.22864595133758103
0.27781437219660615,0.23329336155304184
0.1497443618456134,0.18332126811854488
0.11706031805777736,0.15943766888998182
0.14594899783570153,0.17690552107912755
0.12584297857658167,0.16916352142174282
0.5453718515730372,0.32419692640955794
0.5579185094570434,0.32883881057244385
0.5089238104199993,0.310481263918745
0.5353031586211223,0.3122551267952764
0.6169191681565823,0.3372439365388123
0.3381951632633857,0.2666983493680959
0.4649477745365579,0.3045020750327419
0.19375176437376493,0.2019053829278132
0.18995640036385308,0.19548963588839588
0.14221636711520969,0.17204812086582194
0.20127975910416865,0.20433684606075345
