0.280785246876859,0.39127197754996845
0.37596668649613324,0.3981444361720405
0.3765615704937537,0.40163793597159375
0.3402736466389054,0.3935627970906591
0.12195121951219512,0.21791420880820114
0.13444378346222488,0.22828016722982647
0.08566329565734682,0.17776759635759692
0.15823914336704342,0.2614970505698414
0.17073170731707316,0.2901895653169922
0.09815585960737656,0.18813355477922228
0.11005353955978583,0.20187847202336637
0.40035693039857234,0.4531813756371341
0.4842355740630577,0.46583815359945013
0.496133254015467,0.49103716854704765
0.544913741820345,0.5094782658496078
0.652587745389649,0.5381707805967585
0.388459250446163,0.42454613137850067
0.4491374182034503,0.45558673615485934
0.5211183819155265,0.5048966267682264
0.13622843545508626,0.2502147643319398
0.2682926829268293,0.3866330679800698
0.23200475907198098,0.3613767825439551
0.20761451516954194,0.33726590687818564
0.24449732302201072,0.38434224843937914
0.1356335514574658,0.23984880591031443
0.19571683521713265,0.3349750873374949
0.17132659131469363,0.31086421167172557
0.15942891136228435,0.28222896741309206
0.062462819750148724,0.16751617891300613
