0.2581731836565284,0.24137356541626118
0.24755552552581536,0.23682984918648545
0.504512504705553,0.3364924782564246
0.2726807656296754,0.251986929242979
0.3103541471607417,0.2754741557207281
0.2668796633237131,0.2481967126213077
0.27654173222266193,0.2557733594344588
0.26397428596249073,0.24667835411452435
0.2910396617793265,0.26411107871609724
0.27267111321319293,0.24857535564045571
0.30843331628073095,0.2739633700743276
0.3161649018831865,0.275860371600259
0.28814393683458656,0.2599460055054695
0.32581731836565286,0.2822973029257746
0.3364446289128483,0.2860875195474458
0.2939450391405488,0.2682799383569165
0.33064352660688606,0.28494780405981046
0.3190606268279264,0.276239014619407
0.34707193946004383,0.2925282373031529
0.3605949749519793,0.2955611678865282
0.3354890396810842,0.2849553769201934
0.38572021505583926,0.3084463898281339
0.3799287651663595,0.306931817751542
0.40118338626075045,0.3152695370331804
0.3886255924170617,0.3095861053157693
0.4147064217526858,0.31678789553996384
0.398278008899528,0.3107220343732132
0.3973127672512814,0.30958610531576936
0.40020849219602134,0.31261524946895314
0.4330460130693719,0.3198170396931477
0.4475439426260364,0.3247469718024544
0.4320807714211253,0.31792382459740776
0.4591364948214786,0.3270226163475337
0.47264022548044904,0.32891204501308213
0.440767946255345,0.32322482686547943
0.35673400835899266,0.29442523882908433
0.3403055955058349,0.2876020916240377
0.3461066978117972,0.2894990931499691
0.3654404880261774,0.3016270290532788
0.35287304176600615,0.29404659580993636
0.3422360788023282,0.2887380206814817
0.35093290605303035,0.29290688032230094
0.32194669935618386,0.2792643723423993
0.362535110664955,0.29707952639331164
0.35768959759075686,0.2948000954180408
