0.30840435903128355,0.24706835642424677
0.4590882327390663,0.2997413868179219
0.17598285730832713,0.14968515832957846
0.2987133328828873,0.2417522084354091
0.2369185625621374,0.21448233819637177
0.3528151272671113,0.2595673624863215
0.40496713352187724,0.27586037160025895
0.4204303047267884,0.29366416636059683
0.4059516800030888,0.2819262327670096
0.4378625688941227,0.2944441709800417
0.47453209911101246,0.3012559588945138
0.603980656557369,0.3384046255031219
0.4803718110829046,0.3103623235050227
0.4494454686730824,0.29671602909492956
0.47549734075925915,0.30428510304769757
0.41079719307728696,0.28572023581887235
0.40501539560428956,0.2785298048852522
0.5054873987702821,0.3137776835377374
0.3731141591297382,0.2679088681981514
0.5209312651422283,0.32513697411217674
0.5634018976650804,0.3293020473228045
0.2417447708033706,0.21523962423466772
0.2533180181658478,0.22735241441721155
0.3209621528749723,0.25881007644802556
0.3769654733062422,0.2686623678062559
0.3808264398992288,0.27509929913177156
0.3054700244206138,0.243645423531149
0.35763168309186205,0.26713643643908963
0.2456153898128396,0.22281627104781876
0.23303829113618593,0.21144562118280502
0.20697676663352665,0.19629990041688591
0.21951525564425053,0.20841269059942974
0.2755764905744153,0.2383557805536518
