0.5467176829990552,0.17301890452258065
0.5860570049666549,0.17395614899233822
0.3229813151305296,0.13207964711536851
0.47729470195939083,0.16852035157732476
0.4533732208329546,0.16182757080109794
0.4059269298470337,0.15414249691345655
0.42675768068513953,0.15665646363588326
0.4167252032251578,0.1551127390668397
0.3577065789582421,0.1446381402348002
0.3411124976241044,0.14044814319514132
0.33764437869985486,0.13952208171124258
0.39898518267538247,0.15143022907559
0.40284170888185533,0.15391096185412648
0.4093978034328593,0.15447326128392808
0.49272356144685847,0.17150833514400576
0.431385512132907,0.16112178263724894
0.51046633665821,0.1729417261694706
0.4734326664297658,0.16459512354088615
0.45800105228072213,0.16459496603404308
0.41981317885191216,0.1552230726104184
0.37468355825145105,0.14955574013607492
0.3665820985562819,0.14781363569816997
0.3125631850499007,0.12891517713101447
0.38432487376763325,0.15050393133142662
0.3318568347285694,0.13556385599117837
0.3978254701518645,0.1509450292454769
0.344208737235587,0.14419712107417149
0.3310855294872748,0.13512283683054965
0.32414378231562363,0.13465976671188953
0.3650367334121167,0.14589512359601356
0.33494756501689993,0.13755962519986636
0.3322452420107928,0.13738313878219333
0.3056186832166735,0.1271620472140938
0.286710686158652,0.1151329345942596
0.29211257750929004,0.11762477160523335
0.3029218695337184,0.12489087729027748
0.30446723467788367,0.1263683702318052
