0.02315843986986979,0.010287323195615388
0.02121915812032913,0.0051270840025733466
0.9336622399255139,0.25066418666892015
0.9078180050189933,0.24990327110999255
0.7415631602579462,0.2346429056043377
0.7469622969470083,0.23533751078232792
0.7631652163373465,0.23737738190707877
0.891615085628655,0.2482162153137447
0.9325052820635721,0.25045470256762153
0.9363618082700449,0.2514359702000204
0.7650934794405829,0.23744353478117308
0.7315306827979645,0.23347404732182855
0.741177507637299,0.234554701772212
0.679070907743629,0.22708997995804187
0.7647078268199358,0.23737738190707877
0.76123695323411,0.2366386748130257
0.7238176303850189,0.23290072241301124
0.6806135182262183,0.227123056395089
0.7550610019806014,0.23653928799504115
0.07061574950209493,0.024841585523735065
0.7022155743056185,0.23016624611027017
0.83337052126461,0.24119267016704635
0.7010586164436766,0.22991266009290867
0.7512044757741284,0.2361974981455539
0.746576644326361,0.23513905216004502
0.6956594797546146,0.22914087656180843
0.7002873112023822,0.22984650721881436
0.6809991708468655,0.22727741310130906
0.07100140212274222,0.028314611413686137
0.7056864478914441,0.23057418883385175
0.6821561287088075,0.22735459145441908
0.6782996025023345,0.22679229202461748
0.6960451323752619,0.22915190204082414
0.7662504373025248,0.2376530188824717
0.6945025218926728,0.229118825603777
0.6771426446403926,0.22658280792331884
0.7091573214772697,0.2309821315574333
0.6501414518719302,0.22217245881018868
0.8329848686439626,0.24026652992972608
0.6844700444326911,0.22781766157307923
0.8580577983091886,0.24435714015140042
0.8337561738852571,0.24167779124373795
0.8603717140330723,0.24442329302549473
0.7184184936959568,0.23200765861273812
0.6605540726294071,0.22444370748742654
0.6925742587894362,0.2287990867123212
0.7276741565914917,0.23339686896871853
0.738477939292768,0.23454367629319625
0.7157189253514258,0.2318753528645495
0.6809991708468655,0.22726638762229334
0.6563118938022869,0.2238042297045149
0.729602419694728,0.23346302184281284
0.7041438374088549,0.23034265377452168
0.7164902305927203,0.2319415057386438
0.6559262411816396,0.223682949435342
0.7064577531327387,0.23064034170794603
0.6624823357326436,0.22476344637888235
0.6929599114100836,0.22888729054444693
0.7269028513501972,0.233066104598247
0.6775282972610399,0.22670408819249174
0.6609397252500544,0.22445473296644225
0.627382437930588,0.21840158747997018
0.6509127571132248,0.22288911494621033
0.6663388619391164,0.224972930480181
0.668272634365505,0.2254251326266685
0.6505271044925773,0.22238194291148733
0.684470044432691,0.22767433034587492
0.667110167180411,0.22516036362344818
0.6705865500893886,0.2257448715181243
0.7195754515578986,0.23237149942025678
0.7311450301773172,0.23346302184281284
0.6528410202164613,0.22299936973636753
0.6863983075359275,0.22799406923733073
0.6678869817448575,0.2253038523574956
0.6825417813294548,0.22749792268162342
0.7431057707405354,0.23473110943646347
0.09493390189548263,0.04420295670270765
0.6732861184339197,0.22621896711580017
0.7535183914980121,0.23626365101964822
0.7338445985218482,0.2339371174404887
0.6293107010338244,0.2190631162209132
0.6983590480991457,0.2296149721594843
0.6532266728371084,0.22320885383766614
0.718804146316604,0.23204073504978526
0.7137906622481893,0.2313792063088422
0.6150360447467227,0.21613018129588923
0.6354811429641811,0.22030899534968928
0.7018299216849714,0.23007804227814443
0.657854504284876,0.22400268832679782
0.6817704760881602,0.22734356597540337
0.620820834056432,0.21670350620470652
0.6308533115164137,0.21920644744811757
0.7377066340514734,0.23414675904863042
0.06868197707570638,0.020574567637809238
0.7218893672817824,0.23240457585730395
0.6543836306990504,0.22346243985502764
0.680227865605571,0.2271120309160733
0.6131077816434862,0.21578839144640194
0.6863983075359276,0.22783971253111068
0.6547692833196977,0.22358372012420055
0.26200412648304094,0.10170319237232163
0.5822445533453988,0.20788280797844622
0.036661790915677055,0.014940232847091334
0.6231347497803157,0.2171334998863195
0.6906459956861998,0.2283029401566139
0.26971717889598673,0.102860867668972
0.7488905600502448,0.23560212227870514
0.5656559813344131,0.20427731883346345
0.04399470003112768,0.018810333488451323
0.6752143815371562,0.22653870600725598
0.6347098377228866,0.21973567044087197
0.5617994551279402,0.20373707036169328
0.6964307849959092,0.2292952332680285
0.6570831990435815,0.22390345901565636
0.5845584690692824,0.20853331124037358
0.5787736797595731,0.20721025375848745
0.6582401569055234,0.22412396859597072
0.5864867321725188,0.20870971890462506
0.4533925034639871,0.17357025722678815
0.7542896967393068,0.23636288033078967
0.6046179146660936,0.2124805902348436
0.6605540726294071,0.22444370748742654
0.5807019428628095,0.20734255950667607
0.6678814724217056,0.2252265164975425
0.46496759140655786,0.1768560074803151
0.5945909465292641,0.2105621568861087
0.6632536409739381,0.2249178030851024
0.6586258095261707,0.22412396859597072
0.138540194644387,0.06280372733643881
0.4912029882568778,0.18405596029126492
0.33878756325391657,0.12808826620483563
0.4140228802190507,0.15451728444656948
0.6628679883532909,0.22477447185789806
0.6829274339501019,0.22758612651374915
0.2839918351830885,0.10492278975175427
0.03241961208855686,0.014091270962881071
0.2473438175752918,0.09835128924470035
0.6111795185402497,0.2153804487228204
0.28322052994179403,0.10433843936392123
0.536340872842067,0.19694521778116814
0.6725148131926251,0.22606461040958012
0.4186562209899704,0.15501358850911984
0.4252123155409744,0.15914814314001402
0.749276212670892,0.23570135158984662
0.5961335570118532,0.21105830344181606
0.5371121780833615,0.1972318802355768
0.1586051495643503,0.06661885808956328
0.8341418265059045,0.24300084872562408
0.4969877775665871,0.18494902409153807
0.593048336046675,0.21033062182677864
0.5961335570118532,0.21101420152575312
0.16014776004693945,0.07121648283911755
0.6312389641370609,0.2196695175667777
0.44874263472361114,0.1652012886264861
0.07370647979042534,0.031082164153474357
0.5328699992562413,0.1961072813759736
0.5455965357376019,0.19788238349750414
0.7037581847882077,0.23025444994239594
0.6131077816434861,0.21565608569821337
0.15050093520760505,0.06619973238012293
0.43563044562160325,0.16128724357590632
0.395886188402324,0.14370097451846423
0.6026896515628571,0.2123041825705921
0.7627795637166993,0.23687020987235577
0.4306114522300364,0.15934660176229692
0.31487159145063237,0.12216742646655214
0.5567914803826777,0.20345056541412773
0.8619143245156615,0.24469893000088766
0.5556290131975834,0.20107992991890536
0.643194195377127,0.22110282983882099
0.6150360447467227,0.21589864623655913
0.6123364764021916,0.21563403474018192
0.6478220268248944,0.22187461336992123
0.591891378184733,0.21025344347366862
0.7434914233611827,0.235139052160045
0.363094697001,0.13323747991886192
0.5814732481041042,0.2076292219610847
0.6729004658132723,0.22607563588859583
0.5965192096325004,0.211333940417209
0.4059186658623055,0.14881695428860034
0.6447368058597162,0.22177538405877978
0.3005859165172262,0.11369938606195172
0.5749116442299481,0.20528063742389374
0.3823828373565166,0.14126418614914757
0.6350954903435337,0.2202979698706736
0.4360160982422505,0.16290798899121683
0.6358667955848284,0.22081616738441232
0.607708644954424,0.21498353147825458
0.5683610590020962,0.20468541906388812
0.2967238809876012,0.11206745766078238
0.26586065268951387,0.10185754907854165
0.5880348519782602,0.21012113772548
0.618121265711901,0.21662632785159655
0.5984474727357371,0.21184111245193196
0.2936386600224229,0.11007184595893753
0.591891378184733,0.21020934155760573
0.630082006275119,0.2190631162209132
0.366951223207473,0.1354977031170841
0.6505271044925776,0.2222937390793616
0.5452108831169546,0.19726495667262395
0.5837871638279879,0.20811434303777632
0.30174838370232027,0.1163015566165042
0.6003757358389734,0.2122931570915764
0.25621933717333156,0.099266561509848
0.6597827673881125,0.22437755461333223
0.623520402400963,0.2172547801554924
0.10265246363158056,0.047907675158831875
0.407846928965542,0.14928002440726046
0.13082163290828905,0.05859183684559156
0.6397233217913013,0.22088232025850663
0.6401089744119486,0.22106975340177384
0.4248321722434791,0.15789139603906527
0.3306888582203234,0.12640136791543083
0.42830304582930473,0.1592916318740614
0.564118880174976,0.20414517059211795
0.6617110304913489,0.22469729350478804
0.6439655006184215,0.2213343648981511
0.5301649215885582,0.19475098995019724
0.3874073400712356,0.14286319562011277
0.29248170216048114,0.10823059096331264
0.6150360447467227,0.21601992650573204
0.3561474405061967,0.13217887642651002
0.6242917076422576,0.21777297766923118
0.39742879888491306,0.14575171361538772
0.36889050495701353,0.14116511434484916
0.5753028061737474,0.20718820280045605
0.17673633205792502,0.07502043060638325
0.2793640037353211,0.1043163884058898
0.21223290112693205,0.08553921010790715
0.40129083441453806,0.14817747650568872
0.3669512232074729,0.13421874755126084
0.6065461777693301,0.2129657113115352
0.42289839981709054,0.15521204713140274
0.3233559491048728,0.12260844562718087
0.5027725668762965,0.1852908139410253
0.5070202550265687,0.18854348775750512
0.18368358855272834,0.0785597668772717
0.11152798322962033,0.051005992269091624
0.09145751898650492,0.03894364570536723
0.12618829213736948,0.0546776342881687
0.21300971569137875,0.08847214503293113
0.6347098377228866,0.21969156852480912
0.5633475749336815,0.2039246610118036
0.5872635467369656,0.20904064078193965
0.6536123254577558,0.22333013410683905
0.6428085427564797,0.22109180435980527
0.48772109602474795,0.17880751726609712
0.2936331506992709,0.10866042713808258
0.5752972968505954,0.2054239686510981
0.3511339564377819,0.13131888906328404
0.6069373397131296,0.2142999517792801
0.5834070205304928,0.20804834767052507
0.5980618201150898,0.2113670168542561
0.5459876976814013,0.20069403815335524
0.4711380333369145,0.17798060633991833
0.08181069414717056,0.03405920099456122
0.5710606273466273,0.20503823439239108
0.1906308450475317,0.0813162941380442
0.4128604130339569,0.1495997632987163
0.6281537431718824,0.2189308104727246
0.45106756909379914,0.16681132357646708
0.5124193917156309,0.18862066611061512
0.5131962062800773,0.1944753529748043
0.23654003487401554,0.09138302899992369
0.20027766988686607,0.08313565568248069
