0.36585365853658536,0.49223984880591026
0.29327781082688875,0.44401809747437143
0.32956573468173705,0.4841647099249756
0.2212968471148126,0.4176164022679113
0.06365258774538965,0.24780940381421454
0.14812611540749554,0.34528377527060305
0.24509220701963116,0.4336521390527461
0.0874479476502082,0.2718630089914667
0.12433075550267697,0.31550312124162416
0.31707317073170727,0.47379875150335027
0.4134443783462225,0.501403126968673
0.02617489589530042,0.15944104003207146
0.03866745984533017,0.16980699845369682
0.2082093991671624,0.3991753049653513
0.050565139797739446,0.19615142317163964
0.08804283164782867,0.2902468358055094
0.16061867935752527,0.37397629001775384
0.6287923854848304,0.5507702880705573
0.7489589530041643,0.5657751560620813
0.5574063057703748,0.5438978294484852
0.4973230220107079,0.5220777733234064
0.44973230220107074,0.5094782658496078
0.12373587150505651,0.31544585075310694
0.2575847709696609,0.4348548193116087
0.14872099940511602,0.3602313727736097
0.29268292682926833,0.4405245976748181
0.30517549077929806,0.46005383425920615
0.6650803093396787,0.5508275585590745
0.40214158239143366,0.49229711929442754
0.593694229625223,0.5439550999370024
0.11183819155264722,0.3051371628199988
0.20880428316478286,0.407250443846286
0.05116002379535991,0.2374434453925892
0.07555026769779893,0.2581180917473226
0.13622843545508626,0.3235209896340416
