0.10564285938333176,0.06967247086388781
0.2413976976882783,0.2043313200081786
0.2589630187258869,0.20875216206806993
0.16978764781531325,0.15922215283956212
0.14971299520090336,0.15060151082277398
0.10946959003795365,0.10836589099308691
0.12079294877826918,0.11898143798940103
0.12706627772027226,0.13423334309602622
0.4160158087889339,0.2826189068362797
0.47630249992158336,0.3020816640049514
0.3017157554656379,0.24568277142588735
0.3670838430413099,0.26825117014163274
0.3004610896772373,0.23971463464503404
0.4838304946519871,0.30959709550676673
0.4260845017408488,0.2870452749487459
0.4021831184718171,0.2750979492818896
0.4398858254132556,0.2910240328026481
0.5805024936482545,0.3270704737484873
0.4348671622596531,0.28947673808168617
0.38966782723252097,0.27466139112847526
0.37831310184749545,0.26890324434546675
0.2828957686396286,0.22357856112643054
0.34691509049277003,0.2538668552892613
0.4649791411812679,0.29433966434756664
0.40597848248172896,0.2808505700123231
0.5541231454471315,0.3219809793270374
0.4561337473730435,0.29189714910947673
0.5265204981023179,0.31446554782522207
0.565383770898027,0.323743790098419
0.2828957686396287,0.23308337155519698
0.26529908095731003,0.21649968777802953
0.3456917913490794,0.24900945507595562
0.21373231705404472,0.1826581418095612
0.45741977980615417,0.2936710119860081
0.7148771995859604,0.3673222407037982
0.6722185627803394,0.3635645249528905
0.6006085129073744,0.3295074629340024
0.16853298202691258,0.15480131077967077
0.20372635739154984,0.17669553108128272
0.1698190144600232,0.16983769983587624
0.31554844578275465,0.2472355921994242
0.25149775728490326,0.20611070893728484
0.23261503716947396,0.18731107807759684
0.2590257520153069,0.21053155099717621
0.232583670524764,0.18487408889208173
0.20626705561306108,0.17957460447278695
0.6169191681565823,0.346085620658595
0.2879144317932311,0.23905150833605032
0.27276434239829367,0.21825697249683634
0.232615037169474,0.18797420438658058
0.17979360747780812,0.17314227927564502
0.15849565571970767,0.1510435950287631
0.2577083529374863,0.20720486734710797
0.2363163012452558,0.1979100469161864
0.3870643957215897,0.27243439194080493
0.2627270160910887,0.2118467515099939
0.3482011229258807,0.2620509391526351
0.5440230858505065,0.31799116936798544
