0.08941429187187767,0.05380147780649566
0.0005864853979268093,0.008887420023836995
0.005695267840108534,0.02121590446908242
0.9016047088417969,0.3005029289882999
0.8529688173486616,0.2948823422759266
0.9321443460687808,0.30342238902431123
0.8478812331738749,0.29327070450893783
0.8314808402993191,0.2907873667200068
0.8501423816960023,0.2937498400612858
0.8620204775263031,0.29536202230049313
0.8320461274298511,0.2914407333822996
0.29025374326071746,0.1400584000901646
0.1742850884321055,0.09335792895835385
0.8727609330064084,0.29688654451250956
0.8405254343878289,0.2926167933744265
0.8405254343878289,0.2926167933744265
0.8744567943980041,0.29732212228737137
0.8343143420411102,0.2914412778545182
0.8495770945654705,0.2934449356188825
0.03794489863695141,0.03554859115091082
0.8382642858657015,0.2923118889320232
0.8354378502130422,0.2915278489372719
0.8111234375110404,0.287868451156214
0.044728344203333784,0.0365939778105792
0.832046127429851,0.291310060049841
0.869376276312349,0.2967999734297558
0.8416560086488927,0.29270390892939885
0.8150804474247634,0.28826047115358966
0.802071777333399,0.2858206911421448
0.1810685339984878,0.09544870227769062
0.18614198599501133,0.09627521110549093
0.8671080617010899,0.2967994289575372
0.18783784738660692,0.09784329109499354
0.16804573172886003,0.0884342666857595
0.8818125931840499,0.2973662245370761
0.8173415959468909,0.2888702800383962
0.7025459119141326,0.2666525466871315
0.8439242232601518,0.29270445340161744
0.6409013503296329,0.25218918667284457
0.793592470375421,0.28451395781755934
0.591134884575434,0.23842329557055514
0.8258209029048688,0.29004634003052315
0.325866832484225,0.15373554222082594
0.23594378219486856,0.12237067559746297
0.8642886921375622,0.2953625667727117
0.7019806247836008,0.2663040844672421
0.8229944672522095,0.28926230003577186
0.09676302456879189,0.05676340667555608
0.36772634450010955,0.16680505335555504
0.836003137343574,0.2918327533796752
0.7986800545502077,0.2856029022547139
0.8269514771659325,0.29013345558549547
0.7743656418482059,0.28098523336896
0.17032101242925074,0.08900160673751703
0.7421301432296262,0.274363362246623
0.7336437701825168,0.2722720444550677
0.2019982900064301,0.10529384893400506
0.0888490047413458,0.049924835610225406
0.17086510129238772,0.09261526885221444
0.19012726026526094,0.0994135489733704
0.7771920775008652,0.28176927336371127
0.8461853717822793,0.2932271467314516
0.7811490874145883,0.28224840891605923
0.7285561860077299,0.2711395422404269
0.7619222588873732,0.27828410669259807
0.8145151602942317,0.2880862400436449
0.42710975756248193,0.1903719888644542
0.88181259318405,0.2984987267517169
0.35188417266695415,0.16484386442423965
0.6205439475413541,0.24717949778971499
0.4389807873036511,0.1930725710685975
0.8145151602942315,0.2879555667111864
0.7721044933260783,0.27993984670929156
0.8105581503805085,0.2873457578263798
0.21556518113919487,0.10951895335016477
0.7952883317670165,0.2845575155950455
0.698581835911278,0.26560661555524456
0.8246903286438051,0.28965432003314745
0.11485927883494323,0.06686935552456903
0.327011538923552,0.15896356446360502
0.670875700426085,0.25868038446272296
0.8552370319599207,0.29488288674814517
0.7364772719243077,0.27296951336706515
0.022102726803795908,0.02705373559666805
0.1318532231965574,0.08076700890375418
0.8026370644639308,0.2861255955845481
0.37055278015276893,0.17203198665389693
0.44069078087351,0.19555645332974708
0.7726697804566103,0.2805932133715843
0.8869001773588367,0.2988036311941202
0.82921262568806,0.29043836002789875
0.3174087237936418,0.15108015121082452
0.27270157785770305,0.13173668670142938
0.8885960387504324,0.299239208968982
0.5809526501367288,0.23798717332347474
0.7251573971354072,0.27065986221586036
0.43051561252393644,0.19102644447118408
0.7607916846263094,0.27758718225281914
0.6244938913659455,0.25014088218655683
0.21613046826972676,0.10986741557005426
0.8207333187300822,0.28926230003577186
0.605839416058394,0.2419520200191545
0.8128192989026359,0.28791200893370017
0.8003759159418032,0.28564646003220007
0.7805838002840564,0.2821612933610869
0.597925396230948,0.24012259336473488
0.696327753478282,0.26369061781807107
0.8258209029048688,0.2900463400305231
0.6974441955610826,0.2644300110908991
0.43389320312886437,0.19167872218903967
0.8196027444690184,0.2891751844807995
0.8196027444690183,0.2890445111483409
0.09848715031691407,0.06543358228418072
0.7658792688010962,0.27915526224232173
0.7613569717568414,0.2779792022501948
0.1476883289405813,0.08721410444392781
0.37113219946156406,0.17773914444902403
0.786236671589375,0.2833373533532138
0.4022371238190799,0.18579842222840498
0.4757527151447489,0.20805862441271866
0.06283166455861675,0.044043446705153595
0.41580401495184466,0.18767140666031085
0.2919496046523131,0.14554668005342358
0.07244861186679008,0.04940159780817264
0.34057843005631677,0.16262241777244435
0.5062923523717329,0.21764242440411602
0.7653139816705644,0.27906814668734936
0.504603557069269,0.2161184466643182
0.7681404173232237,0.27950372446221117
0.7387384204464351,0.2736664378068441
0.20085358356710312,0.10106765557340822
0.7319479087909211,0.27209781334512295
0.17823503225669685,0.09514325336306878
0.7415648560990944,0.27410201558170594
0.7964189060280803,0.28529799781231063
0.5306138311628663,0.22465631552382856
0.8082899357692495,0.28699675113427175
0.7217727404413475,0.27044261780064804
0.8150804474247635,0.2883911444860482
0.5170469400301017,0.21764351334855314
0.8048982129860582,0.2866047311368961
0.747783014534945,0.2757572111261809
0.7828449488061838,0.2823355244710316
0.21897103610064933,0.11230774005371762
0.7788879388924609,0.281943504473656
0.7918966089838253,0.2841219378201837
0.7251644632245389,0.2710959844629408
0.5334402668155257,0.22587593329344166
0.523830385596484,0.22422073774896673
0.6086658517110534,0.24478327555575638
0.7455218660128176,0.275060286686402
0.6194063071911587,0.24491394888821494
0.7958536188975484,0.28477530448247645
0.6731368489482125,0.25898528890512623
0.739868994707499,0.27401490002673357
0.4944213226305637,0.21193635555342608
0.09168957257226841,0.05667738006502087
0.8235597543827413,0.2895672044781751
0.7839755230672476,0.28303244891081053
0.439546074434183,0.19376949550837644
0.22404448809717287,0.11478944442599288
0.48366673497219503,0.20901689551741467
0.8196027444690184,0.2891751844807995
0.553804735692936,0.23323828663304366
0.6069699903194578,0.24216980890658543
0.13015736180496182,0.07423334228082677
0.5690674882172962,0.2357210799497561
0.7896354604616979,0.28377347560029426
0.7540011729707955,0.2774124066706558
0.5062923523717329,0.21677126885439235
0.21162230340373508,0.10925869562968483
0.022095660714664258,0.024396166697792328
0.7466524402738812,0.27567009557120853
0.6437277859822922,0.25558669331676687
0.7794532260229926,0.2820741778061145
0.27328099716649823,0.13853278893371104
0.501204768196946,0.2159001133046687
0.308908218568269,0.14789880003767744
0.6720062746871487,0.2589417311276401
0.7771920775008652,0.28155148447628037
0.5357014153376531,0.22591949107092787
0.11659047067219705,0.07266526229132421
0.7161128030468972,0.2697015911111643
0.6273203270186049,0.2513169421786838
0.755697034362391,0.2774124066706558
0.6544682414623976,0.2565014066439767
0.24782894411430104,0.12572571340833616
0.024363875325923365,0.028534700031198262
0.8229944672522095,0.2892623000357718
0.5967806897916209,0.23977304220040827
0.5509783000402767,0.22862116221950832
0.6742674232092762,0.2602049066747394
0.7523053115791998,0.27723817556071106
0.7398689947074988,0.27401490002673357
0.4876378770641813,0.209540677791686
0.20594116774188992,0.10733997553141851
0.362073473194791,0.16676149557806888
0.3897866747691156,0.17861029999874767
0.643169564940892,0.25227684670003553
0.6471195087654834,0.25558669331676687
0.5764303530924738,0.2375515955486129
0.3417090043173805,0.16301443776982
0.7477830145349449,0.27645413556595977
0.6748327103398081,0.2618165444417281
0.8767250090092632,0.29732266675958996
0.33549084588153,0.16040097112064905
0.519308088552229,0.2215201555448234
0.7924548300252255,0.284339182235396
0.8280820514269962,0.2903512444729264
0.5933889670084298,0.23916323331560166
0.2574388253333427,0.12951524004963408
0.6640781226814393,0.25767746663610364
0.4593593883593249,0.20252678667197344
0.5996212576225436,0.24138576891183414
0.7070682089583875,0.26782860667925845
0.6250591784964773,0.25014088218655683
0.25800411246387456,0.1306477422642748
0.5911278184863022,0.23807428887844712
0.7206421661802838,0.2700070400257862
0.7557041004515227,0.2774565089203606
0.6544682414623977,0.25624005997905963
0.05942580959716226,0.04025283111941855
0.6669045583340987,0.258243717743424
0.7958536188975485,0.2846446311500179
0.35923290536386837,0.16488742220172586
0.4480536457486876,0.20047957113012288
0.5956642477088205,0.23951278447992827
0.4095858565159942,0.18680025111058718
0.7098946446110467,0.268438415564065
0.4418213551345738,0.19821347775640424
0.82921262568806,0.29043836002789875
0.7460871531433493,0.27532163335131904
0.762487546017905,0.2784583378025428
0.6872690272115091,0.2636459710961478
0.7081987832194513,0.2681335111216617
0.06622338734180792,0.047136048906672556
