0.1808380227990077,0.1796093161328431
0.17890753950251442,0.1739296708456234
0.4977172035018967,0.31565196648251986
0.4784027181204815,0.3156481800523284
0.22722753641374116,0.2106807622841261
0.23784519454445419,0.212952620399014
0.1943610582909431,0.18491410483110626
0.19824132971689457,0.19476639618933664
0.46490863987799347,0.3145198238552675
0.4446096080153667,0.3023918879519577
0.44848022702483575,0.3088326057076648
0.4223993976892116,0.3016308154834703
0.4098319514290403,0.2891280229912041
0.4465497437283425,0.30315296042044515
0.41369291802202685,0.2895066660103521
0.40114477659482056,0.2860988788380203
0.41949402032798916,0.29556874074691114
0.41466781208675596,0.2898890954596916
0.41755388461501336,0.2925358101635359
0.4185287786797425,0.2951900977277632
0.1798631287342786,0.17468317045372792
0.1856642310402409,0.18453167538176682
0.20501732608758605,0.2012109003752352
0.18374340016023008,0.1807490316204785
0.19630119400391882,0.1905975365485174
0.21563498421829908,0.20537597358586296
0.17888823466954953,0.17240752590864855
0.25910946805532764,0.22432327026402774
0.17889788708603196,0.173547241396284
0.2407409194891941,0.21370990643730994
0.21272960685707662,0.20196439998333968
0.25620409069410527,0.2201544106232085
0.2436462968504165,0.21712148003983323
0.36250615341550757,0.27700008708789436
0.3335295991351435,0.27434201309347556
0.35671470352602774,0.27586415803045045
0.3654018783602475,0.282679732375114
0.358645186822521,0.2762428010495984
0.22239167575602553,0.20954104679649072
0.1953359523556722,0.19021889352936944
0.2030578855416453,0.19514125277829314
0.26973677860252315,0.23265720311547472
0.2629704346483142,0.2284883434746555
0.2581345739905986,0.22129033968065243
0.2533180181658478,0.21902226799595606
0.29680215441935887,0.24781806960215974
0.33063387419040363,0.2713128689402918
0.2794278047509194,0.24213842431494007
0.3006824258453104,0.2508547866157265
0.3132402196889992,0.2629751496586533
0.32772849682918126,0.26827993835691644
0.28811497958513915,0.24478892544897593
0.32290228858794806,0.2644935081654367
0.2784432582697079,0.23304341899500566
0.3132305672725167,0.2576703609603902
0.3045433924382969,0.2569130749220942
0.2890898736498682,0.24706456999405527
0.31999691122672563,0.26411107871609724
