0.3450653966549134,0.14615485552157442
0.24720006218158436,0.09854076000699102
0.24269189731559274,0.09697376896192561
0.2766161912366363,0.10886558668787204
0.30266179577589186,0.12881831560985516
0.27209389419238134,0.10712327558842474
0.29644363734004137,0.1226766689843034
0.33433200726393963,0.14284500890484314
0.6295320129168108,0.22016931997053313
0.5860049038658574,0.2112835333633519
0.3354767137032666,0.14302032895922498
0.31058288169246967,0.1296900156317974
0.3190480564721843,0.131779700006697
0.43105263529794163,0.1696373978365941
0.2839861222009454,0.11683829338449922
0.5701768642109651,0.20688419783724749
0.33151263770041195,0.1353536156494383
0.2675786632372581,0.10002390233039554
0.2919213402957865,0.1211957045497732
0.42145688625716327,0.16859310012136286
0.46103405148352544,0.1834468467163697
0.47629680400788577,0.18706214224772286
0.43217614346987376,0.1698546422518064
0.4027812126822167,0.16632646227542563
0.40276001441482184,0.16196905111015164
0.44519187965037,0.18240037111226415
0.5220921276700984,0.193160775568007
0.3829608326679433,0.15447602443809105
0.35583411649154545,0.1529520466982932
0.5124893125401884,0.19298708893028088
0.3020965086453601,0.1274680245077835
0.23701782774287913,0.08939308226267409
0.5317161410674034,0.19547042671921186
0.32583856812769835,0.13299986224852867
0.6600787162329265,0.2201709533871889
0.6747903138050182,0.22775109561422183
0.6662898085796454,0.22147714223955578
0.418609252337109,0.16802521559738676
0.5452830322001682,0.2022218822295702
0.6057970195236043,0.2177741866810117
0.5226715469788936,0.19507840672183624
0.48646490626832767,0.18928304442729962
0.5102352301071925,0.19233426674020673
0.39542541389617086,0.16157812005721311
0.537369012372722,0.2001746666877196
0.4898636951406505,0.1904596488916451
0.43274849668953724,0.17760847111656552
0.40616586937627625,0.16763265112779252
0.3315126377004119,0.13409044010233903
0.3829749648462066,0.15787462002645045
