0.5013644490448858,0.2720144119451153
0.00379536400991186,0.004426368112466222
0.14202816724694958,0.08580854438249126
0.4008029861045765,0.2211415719409154
0.17091684702487375,0.11675996485430565
0.10181612872870988,0.06148286094793907
0.0012860324331106301,5.526052574864198e-06
0.7362692512781908,0.3688805875299098
0.4711583701891408,0.2443675709130697
0.630751858473699,0.31028232602604994
0.1257175119977416,0.08094561811661077
0.8769486528026098,0.4018434911389747
0.05529939462375709,0.04953000922850781
0.6959944794705312,0.3449859361961971
0.4862770929393682,0.24791529666613252
0.0616354568551802,0.05794066124745111
0.003826730654621875,0.011726283563861826
0.9259119851949438,0.41909030122512586
0.47623976663216344,0.2443786230182194
0.3933063580188828,0.2160631296246153
0.5641604717543366,0.27534109559518355
0.27144694332047303,0.14928078425738142
0.7864558828142154,0.3719751769718338
0.2952855933000847,0.18575273125148511
0.5013330824001756,0.264051370184736
0.16966218123647317,0.11587579644232734
0.1961042627270161,0.12959698498571517
0.5704024340516295,0.29832394825404374
0.0075593613751137045,0.012825968026259802
0.830463285342367,0.40094827062184674
0.26765157931056116,0.14794900558683916
0.3242370063674289,0.20301059344278607
0.6496032119444183,0.3257607992882446
0.7249772591825853,0.34699741933344763
0.8982779712054203,0.4144428910096651
0.2891063642922117,0.1625598885947801
0.5553464445908222,0.2753355695426087
0.6746965277124306,0.33747603074695653
0.00759072801982372,0.03515674648128603
0.022678084125341114,0.036488525151828294
0.9032966343590227,0.41466393311265964
0.647062513722907,0.31625046280690333
0.8819673159562122,0.4113483015677412
0.27138421003105295,0.14860660584324797
0.10307079451711051,0.06170390305093363
0.2185941469840971,0.12980144893098516
0.41215771148960206,0.2242472134879891
