0.6226995132512997,0.17026277102891585
0.4213309973803169,0.1388054255752209
0.5528826156062598,0.16256659290883718
0.4626151104206093,0.15059221391697392
0.4830602086380678,0.15388898964951658
0.4298236190192854,0.14373405095551134
0.43329449260511105,0.1465124716674722
0.3893108112202875,0.13311596338942447
0.5883709206905388,0.16873007193888798
0.4475691488922129,0.14760415159687135
0.3931700920883365,0.13566292779547676
0.346489597020558,0.12364468314781522
0.42789260125447287,0.14227860897201505
0.3283529052038312,0.11361118222982595
0.34225292751659,0.12137359197742044
0.3927954581139934,0.13355737631716086
0.40282242625082304,0.1385078163952181
0.46454612818542185,0.1533707133823563
0.4714906300186491,0.15374565842231222
0.45991278741450214,0.15034957462520657
0.49232138085675486,0.1610116066005133
0.4537451001457216,0.14760430910371444
0.4244217276686473,0.13957736661316422
0.3781351492062443,0.132609027614966
0.5436269527107248,0.161871987730847
0.45567336324895813,0.1478137932050131
0.43831348599667797,0.14713005599919549
0.36501194145793214,0.12838595413826
0.35690772710118696,0.12607044603811618
0.2863029962453963,0.10052354487106135
0.32835290520383126,0.11609191500836243
0.3009660598147215,0.11203438122373525
0.32372507375606374,0.11347887648163733
0.37080224009079366,0.1287609779316375
0.33298900063632686,0.1191572344349966
0.38429732715187287,0.13295058120418868
