0.41437823156236137,0.13149521797411393
0.42402781106327175,0.13568513626035128
0.3175381038562507,0.10185754907854166
0.3761820941488235,0.12075592889227563
0.41052446001746457,0.13065736032234093
0.41862591971263374,0.13266407625662308
0.5208569201230784,0.1529519026866021
0.5158406813930875,0.15069160073495844
0.4973293556020176,0.14920316106783657
0.34609568041518246,0.11188026077777984
0.4332889832819589,0.13934575280041261
0.3827519620077076,0.12342448858118703
0.521625470702797,0.15306207872333777
0.5312722955421312,0.1553886123024973
0.45797626032653765,0.14159510802646214
0.33297522732844664,0.1034675840285226
0.28244096071577135,0.09670857162477994
0.34030538178232117,0.10346766278194414
0.5856658430228555,0.16026234654797375
0.4591387275116316,0.14217961592113823
0.3711686100804086,0.11772392216295328
0.45682205712617185,0.139864186574416
0.4657003313857876,0.14892736658560057
0.6049622473631002,0.1645847280892428
0.3630754143699676,0.11669871012133462
0.34261929750620496,0.10821964423771847
0.3854542850138146,0.12494608343877762
0.35304569157156196,0.1126633060481604
0.39625255839193874,0.1255745357426735
0.4328978213381595,0.13668845485078157
0.5046457367480118,0.14974309452592058
0.5359001269898988,0.15857497573803966
0.5262477928274123,0.153282430796809
0.4035744488610852,0.12845202825893276
0.34069103440296844,0.10751401358071254
