0.23117119946229006,0.11640070717422407
0.24582875370846316,0.11831921927638049
0.6088490748469098,0.19829048372792865
0.574900625583644,0.19268922537425798
0.6254348921963193,0.20029719966221082
0.6042184887375661,0.19630581875167796
0.6169505345420789,0.19856619945674317
0.6211927133691991,0.20006566460288078
0.5853187556642728,0.1960190775438478
0.605375446599508,0.196460175457898
0.6080777696056151,0.19698947720407398
0.26550805600777916,0.12609249699614763
0.27167849793813587,0.12839682211043263
0.5995906572897988,0.19616248752447363
0.5598546640552475,0.18895143048108656
0.5633310469642253,0.19224820621362926
0.39745359083909754,0.16287499130759112
0.41558752799424836,0.16752797971248864
0.40362954209260626,0.16520152488675063
0.408643026161021,0.1667230409909197
0.40594345781649,0.16637022566241672
0.42754551389589035,0.16973315426905367
0.424457538269136,0.16932513279205064
0.39938460860391006,0.16436350972813457
0.3939799625916959,0.1622464602502737
0.42175796992460496,0.16828873776457315
0.2766974913297028,0.1316935978429753
0.26975023483489935,0.12760298762130096
0.2709071926968412,0.1279999048658668
0.2662793612490738,0.12756991118425381
0.534015938471879,0.1850925128255854
0.5409604403051065,0.18784896133293633
0.5390294225402938,0.18644864674451866
0.5116425771511842,0.1829864888267402
0.2230697397671209,0.11000585059168629
0.21611972861074152,0.10526465835466306
0.18911027185755094,0.09472390664852923
0.20802102357714844,0.10471338440387717
0.2057071078532647,0.10285007845022087
0.19644042631142553,0.09783317048438317
0.19181259486365804,0.09612422123694692
0.2145771181281524,0.10493389398419152
0.37430616961553187,0.16120990771595312
0.43448726106754154,0.17047186136310677
0.2616487751397302,0.12569550099816026
0.5606314786196943,0.18963516768690414
0.5779913558719744,0.19433217925444296
0.39590271637178015,0.16242271040768208
0.2944430212026302,0.13862878165070483
0.27322386308230107,0.13155018786234943
0.20184231766206362,0.09967450423342955
0.2786312637560912,0.1345714053729207
0.29290316538161704,0.13823194315956053
0.44336002600400537,0.172280118675106
0.4634194716008166,0.17473895800245412
0.2817137300596935,0.13497926934308072
0.2859586635483897,0.1369970107563786
0.2782401018122919,0.13279614574454707
0.47306354177857485,0.17725284597145932
0.45994859801499094,0.17459562677524978
0.47036397343404385,0.1769882344750821
0.485024282341793,0.17914938586900586
0.5193528749025539,0.18458510453059773
0.4549323592850001,0.1745624715847811
0.4773084752672711,0.1782121413992483
0.4668930998482182,0.1761613235489033
0.5147250434547864,0.1831187158215073
0.5023841595940731,0.18279897693005148
0.4684357103308074,0.17628260381807617
0.4881095033069713,0.18252318244781546
0.4815506540943913,0.17899495040936428
0.2956082430493002,0.142785623499895
0.2979221587731839,0.14518917792532146
0.32839973445062404,0.1530286085191829
0.3218408852380441,0.1509226632737593
0.31643899388740604,0.1481551892873926
0.34267714539930205,0.1563585394421943
0.32840248911220016,0.15352483382831175
0.31875290961128977,0.1490262021296343
0.3091115940951075,0.1469644375536951
0.3507758504328951,0.1572957051585303
0.31065420457769666,0.14704161590680512
0.32106957999674957,0.14940114716959024
0.32454596290572724,0.1520033177241427
0.20801551425399634,0.10444861540065685
0.1999140545588272,0.09953117300622523
0.20261637756493428,0.10169224564672744
0.5293853523625356,0.18483884805480233
0.5533013241658197,0.18875305061222522
0.5633282923026492,0.1902414902793471
0.535170141672245,0.18589729404031122
0.5425030507876956,0.18823485309848645
0.29560273372614804,0.14013935102927966
0.4637996148983117,0.17509161582411403
0.45068742579630383,0.17298574933211192
0.45300134152018756,0.1740111188805737
0.2944457758642062,0.13867296232018925
0.2820993826803408,0.1350895241332379
0.2226840871464736,0.10990662128054482
0.24892223865836963,0.11987404807786133
0.2265433680145226,0.11172590407155977
0.21651089055454092,0.10734863139547678
0.25162180700290065,0.12412988297792835
0.2242266976290628,0.11162659600699677
0.24544861041096797,0.11705144669641605
0.4383465419355906,0.17104526502534562
0.3519328082948369,0.15837620210207062
0.34807352742678804,0.15656794479007138
0.35733194498389903,0.15899362892695082
0.33419003308348555,0.1556969319478297
0.34730222218549345,0.15647974095794565
0.3608055732313007,0.15925831917674957
0.36119122585194796,0.16052624926355707
0.3137366708812989,0.14711871550649358
0.3777770432013575,0.16208092055819484
