0.3029076879646184,0.2087576881206448
0.2991436905994166,0.20654726709069912
0.26398168187948934,0.19615276219737957
0.3543803519337536,0.23506722442957323
0.3720084062607823,0.23972016069760888
0.3380696966845457,0.2215836561469046
0.3569524167999749,0.23596244494670124
0.5767071296383427,0.30783428473538504
0.19607289608230608,0.11853935378341192
0.38835042815470033,0.24657799194301538
0.5717198331294502,0.3069556423759816
0.46620244032495844,0.27267201220152415
0.5503591480819298,0.3067290742204122
0.3971017220287946,0.251435392156321
0.4423010570559267,0.2708926232724178
0.35312568614535306,0.2304253402666873
0.2502117248517926,0.18289576207028035
0.34061039490605693,0.2240206453324197
0.42724506759511943,0.2658086549035428
0.3066403186851102,0.2180359303938418
0.5879991217339482,0.3237493161509939
0.4133810106332926,0.2529771608247081
0.39710172202879457,0.24745663430241877
0.3343370659640539,0.22004188747851747
0.47247576926696144,0.2728930543045187
0.4799723973526552,0.2812871281657375
0.4938364543144819,0.2945607064505612
0.46488504124713775,0.27177679168439617
0.585489790157147,0.31468658992821663
0.5101784762084001,0.3025237482109405
0.1432828330353502,0.09818690215018706
0.2049182898905304,0.1724846790192362
0.2639189485900693,0.18575273125148514
