0.49964768679839,0.2936906713719372
0.27448576751189663,0.1788596029549301
0.5276396945975425,0.297098458544269
0.46003416955434795,0.2796657339426961
0.2957886506886999,0.21334262270873638
0.438760243626992,0.26715536859004696
0.46966728120384943,0.28003680410146115
0.5855638459088233,0.3084615355488998
0.43777569714578046,0.26374000855733226
0.48028493933456246,0.2925320237333444
0.47449348944508263,0.2849591633503849
0.4426115578034961,0.2679088681981514
0.5324562504222932,0.3050461755161851
0.5179679732821112,0.29481902756899825
0.3257497514502756,0.22244520088905378
0.4464918292294476,0.2762465874797899
0.34603913089641997,0.24327813980257548
0.2754896188260731,0.18947675321183938
0.24065404774085192,0.12961707831473562
0.39239968726170604,0.25654200476332917
0.42812328066331407,0.2637400085573322
0.36148299726836614,0.2535015013195709
0.3981718323182209,0.26032086209442595
0.3286068667290857,0.2235659842257318
0.41557513923610784,0.26033222138500045
0.33636740958098865,0.2375909216549729
0.42235113560679916,0.26261165236027123
0.24071196223974672,0.17394103013619786
0.29964961728168654,0.22015819705339998
0.2774201021225664,0.19174861132672724
0.27936989025202463,0.20538733287643737
0.328655128811498,0.23002184770220482
