0.6696778645588282,0.35714877791347316
0.7148771995859603,0.37527975641160255
0.2012170258147486,0.17514823636032073
0.22132304507386846,0.19305817275545561
0.21379505034346474,0.19239504644647193
0.5503905147266397,0.3379015367952211
0.3519651202910825,0.27862909687722776
0.3758351369154042,0.2899077701825256
0.28540510021642984,0.24568277142588738
0.5152285060067124,0.3310437055498146
0.32812647031147085,0.2689032443454667
0.6044038769172861,0.3571432518608983
0.32310780715786835,0.2658086549035428
0.35949311502148623,0.27885013898022226
0.3444371255606788,0.27730284425926033
0.5064458454879082,0.33082266344682004
0.36836987547442046,0.2857190223307785
0.25024309149650265,0.23418305601759493
0.5441485524293467,0.33702289443581773
0.42859383331765,0.30384447477633303
0.4751105674226028,0.3204392106586502
0.5290611963238292,0.3352490315592863
0.43232646403814184,0.304944159238731
0.3281578369561809,0.26979293881001987
0.363351212320818,0.2821823486828654
0.47630249992158336,0.32308066378943534
0.29293309494683356,0.25474549764866466
0.5655092374768671,0.3478594835351264
0.5227878673818263,0.3334806947353298
0.5968758821868826,0.35183824138902864
0.2703491107556225,0.24170401357198512
0.28669113264954055,0.2545299815982449
0.3770898027038048,0.29189714910947673
0.3269031711677803,0.2664773072651013
0.3658291772529093,0.2832820331452634
0.37332580533860293,0.2863710965346125
0.4926445218155014,0.32883328451986893
0.43612182804805366,0.31025469576317555
0.4675198394027791,0.3191019059355331
0.4499231517204605,0.31445449572007234
0.5818198927260751,0.3516171992860341
0.2263103415827609,0.2098518465304679
0.48135252971989584,0.3266228634899233
0.4147925096452432,0.3034023905703439
0.29798312474514604,0.2622664552030548
0.35952448166619627,0.2808450439597483
0.43364386311596254,0.30583937975585906
0.5516765471597502,0.3469697890705733
0.38461779743420843,0.29211819121247123
0.389636460587811,0.29410757013942235
0.3934631912424328,0.295665916965534
0.47253850255638163,0.32042815855350054
0.4424265236347668,0.3109233481247341
0.2954110598789248,0.2562872663170518
0.3984818543960353,0.3003078011284199
