0.516993079217382,0.2887569528324391
0.48900107141822957,0.2879996667941431
0.5749268829451455,0.3039102464587411
0.3237903109043349,0.22243384159847934
0.3266763834325924,0.22280869818743584
0.3131630003571395,0.21334262270873638
0.30155114332873234,0.19932147170968678
0.31703361936660845,0.22243384159847931
0.364378722213106,0.24857914207064719
0.3614733448518837,0.24781806960215977
0.3305663072750264,0.22925698880352588
0.3788669993532881,0.2500975005774306
0.37983224100153473,0.25047614359657855
0.35858727232362625,0.24062763866853965
0.39625100143821007,0.25729550437143367
0.38078783023329893,0.25425878735786683
0.375015685176784,0.2493440009693261
0.34118396540573936,0.23190748993756172
0.3412129226551867,0.23911306659194775
0.4464918292294476,0.2732174433266061
0.42333568208801076,0.27019208560361374
0.289003001901526,0.19136996830757927
0.5227941815233443,0.29784817172218203
0.4581133386743372,0.2872423807558471
0.3943301705581993,0.2546487896675893
0.3991563787994325,0.258813862878217
0.39820078956766836,0.2573030772318166
0.3991756836323974,0.26677293914070754
0.43972548527523864,0.27207772783897066
0.2880281078367969,0.187958394705056
0.3083078348664588,0.20045740076713076
