0.5322814281979353,0.19128888008053832
0.5379484316815172,0.1915077579124064
0.4768691572275492,0.18466700895820143
0.2850954981946142,0.10660058225859054
0.2890595741974689,0.10895324671506297
0.33549084588153,0.1539979778301802
0.38185852276340615,0.16253639116190916
0.34622423527250373,0.15613176445478455
0.3507535984058903,0.1577875044714781
0.3773220935408879,0.16079299111802473
0.3886561005080518,0.16780797118217441
0.4497141766946249,0.18052738668035834
0.40957172433773076,0.1686355689544119
0.3841196712855336,0.16754553557282018
0.4406625165169834,0.17429808002761565
0.32190275648137023,0.1479418133429451
0.3292514891782845,0.149117873335072
0.41916747337850924,0.17116083110417332
0.3677122123218462,0.1605316444531076
0.41465224242338594,0.1701159889167235
0.36375520240812315,0.1585279866887432
0.3168081062174518,0.13936038670594852
0.3818514566742745,0.16131622892007746
0.3931642653740435,0.16785044001522342
0.6425406830081755,0.2144637955920618
0.6674203828407091,0.21611953560875533
0.5560305537694052,0.19738751340082245
0.5684810028193695,0.19865177789235894
0.5809102536019389,0.19969662007980873
0.5175698306258436,0.1894148067041953
0.5164533885430431,0.18902387565125683
0.553204118116746,0.19520962452651336
0.5452900982892999,0.19359798675952458
0.5090905236678654,0.18728047560737235
0.5345425767200628,0.19141955341299688
0.5537694052472778,0.19669058896104355
0.5475300485440323,0.19455462444756488
0.6651804325859766,0.2148144357008256
0.27547148479730926,0.08717272455531594
0.6171027621342414,0.20958532451360934
0.5967382932568311,0.20679653781005655
0.5503706163749549,0.19464282894697438
0.5537552730690145,0.1954698822469933
0.6159721878731779,0.209019073406289
0.5837366892545982,0.20183095117663172
0.565640434988447,0.1983893422830047
0.5933536365627715,0.20562102229014817
0.2958712841203779,0.12019333119537243
0.31396047229739754,0.12402641561415649
0.3167939740391885,0.12450609563872307
0.3088799542117424,0.1214134934372041
0.31001052847280614,0.12193618676703831
0.31680104012832017,0.1258569312130133
