0.4066872164420241,0.14814432131521998
0.36657107990997767,0.13806679723458937
0.23692568749466286,0.08960792687839315
0.4768980306924393,0.16212525873452233
0.35229366896129977,0.13549762436366253
0.4074640310064708,0.15100007788713393
0.4028306902355512,0.14604948030223364
0.42906608708587113,0.15333763694530916
0.54094391233565,0.17922656422211586
0.5393875285451806,0.17105629050436133
0.4780577432159573,0.16313968155738987
0.49580051842730866,0.16514639749167204
0.3962718410229712,0.1458840193635763
0.44179813289038383,0.1582992600092252
0.35576454254712536,0.13734990483830312
0.4969602309508266,0.16747285231741002
0.4784378865134524,0.16392233306066276
0.4344652237749332,0.15489222948652537
0.37660080270838325,0.14405371109354562
0.3704248514548746,0.1393015721309282
0.2971205522545528,0.121737117771253
0.28864445858504056,0.12135146226596749
0.26819660570600606,0.11547464569032534
0.3133372449527714,0.12819859974841435
0.25352252349037663,0.10144968510838165
0.303687665451861,0.12244306344194507
0.3048446233138028,0.12440559870674282
0.2681828323981257,0.10470235892486146
0.48615920291112635,0.1643635884815561
0.4209618727291259,0.15277518000866447
0.4491310420058344,0.16133142424539065
0.47265309720374304,0.1621031290230693
0.37312992912255766,0.13978685071446287
0.388173135989378,0.1441309682000772
0.29982838458381195,0.12181453238462762
0.4051473606210109,0.14611571192974945
0.31140622718795885,0.1275590432120812
0.2813115494695899,0.11888159745960364
0.3600177400205498,0.1376148313483665
0.323366967751177,0.13469268564209363
0.36849107902848593,0.13811066289038762
0.3897157464719672,0.14461608927676875
0.343420904024836,0.13538729082008383
0.4340740618311338,0.1537784985990948
0.49965979929535764,0.17062613931590528
0.48615369358797433,0.16428625262160299
