0.22962583431812486,0.1194987880242192
0.21457711812815236,0.10998356337339023
0.4637996148983117,0.17536725279950696
0.23580178557163362,0.12291684402593478
0.2315596067445134,0.12279556375676187
0.2990791166351258,0.1426643432307221
0.3168274011696294,0.14822142091490847
0.2288490197536782,0.11534202492845055
0.21805074637555405,0.11436075729605168
0.22229292520267424,0.11501126055797901
0.21611697394916546,0.1114829497661063
0.2979194041116079,0.14174914971899602
0.4329418959233765,0.17289738799314314
0.4105685346026815,0.1687516503763902
0.39938460860391,0.16767115343284986
0.38433864707551363,0.16435232674227576
0.3908974962880936,0.1659841763900235
0.399381853942334,0.1667780108791552
0.38858358056420983,0.165653412019552
0.32839973445062415,0.15273092058575852
0.3696838474909166,0.16289696351220104
0.35424947868029677,0.15936857396690673
0.3750802295184026,0.163150470776141
0.3692954402086932,0.16194869356342775
0.3638963035196311,0.1614856234447676
0.377008492621639,0.16417584032460272
0.3862669101787501,0.16484847329798305
0.29058924965773336,0.1415175359062444
0.26628762523380195,0.13593848601744818
0.24429440721060214,0.12940006194744139
0.29444853052578224,0.14171607328194885
0.2670589304750965,0.13755923143275867
0.27207516920508734,0.13922415751755357
0.2975337514909606,0.14172709876096462
0.24815093341707506,0.12994031041921156
0.24660832293448587,0.12988518302413296
0.25123890904382945,0.1308775548889691
0.26821588833703836,0.1380112760724031
0.31913856223193704,0.14957747608042019
0.2628139969864003,0.13507841990080066
0.25393847738836045,0.13157216006695935
0.23580729489478572,0.12771308490461508
0.3372752540486639,0.1558292376960183
0.3287853870712714,0.15351372959587448
0.2840304004451533,0.14070157170565975
0.3469193242264222,0.15786903006734762
0.3079518815715896,0.14749358179302802
0.3210668253351735,0.15026105577939466
0.35540643654223864,0.16083496267599717
0.3415174328757841,0.15686563272349577
0.30486390594483515,0.14561917160693444
0.3476906294677168,0.15901567988498228
0.322997843099986,0.1514298353084823
0.32608306406516435,0.15212444048647253
0.3179816043699952,0.14914748239880718
0.3318733626980258,0.15563070032031381
0.2435203473077315,0.12844076651965244
0.2554838425325257,0.13415220091005883
0.25123615438225333,0.13072311942932752
0.24274904206643694,0.1278453906528037
0.25895747077992737,0.1348468848414706
0.5089237261756208,0.1775503763980406
0.49581429173518893,0.1769440538055977
0.5166477972348706,0.18181755179080955
