0.25580011897679955,0.3819941584101712
0.48423557406305767,0.4715652024511769
0.48364069006543725,0.4531813756371341
0.6162998215348008,0.4900062997537369
0.18441403926234384,0.3567951434625737
0.025580011897679954,0.08607754424145239
0.07495538370017847,0.21911688906706375
0.0380725758477097,0.12736956646240194
0.07555026769779893,0.2581180917473226
0.03866745984533016,0.16637076914266077
0.2682926829268293,0.41297749269801265
0.14812611540749554,0.32123017009335086
0.24390243902439024,0.3808487486398259
0.1719214753123141,0.35444705343336574
0.32897085068411663,0.43141859000057264
0.2082093991671624,0.37168547047706313
0.364069006543724,0.45083328560792624
0.1356335514574658,0.31430044098276155
0.12373587150505651,0.2948284748868908
0.074360499702558,0.20073306225302104
0.16002379535990482,0.3258118091747323
0.09934562760261748,0.2638451405990493
0.7358715050565141,0.5026630777160529
0.6995835812016657,0.49458793883511826
0.5800118976799524,0.4830765706431476
0.25639500297441997,0.39694175591317793
0.062462819750148724,0.18584273523853156
0.2926829268292683,0.4244888608899834
0.09934562760261749,0.26728136991008533
