0.3402766382563875,0.2739595836441361
0.33738091331164766,0.2709304394909523
0.25623304794355267,0.23909792087118178
0.38569125780639185,0.2917747376950485
0.3818302912134052,0.28950287958016063
0.31709153386550326,0.26486457832420174
0.30743911738303686,0.26107814813272195
0.29681180683584135,0.25842386056849465
0.2861748438721634,0.25387257147833586
0.4253047750504339,0.31488710758384103
0.48903968108415946,0.32890825858289063
0.49581567745485083,0.3315663325773094
0.486153608555902,0.32853340199393416
0.20793235586529088,0.20765540456113377
0.18570284070617074,0.195906111676972
0.26492987519425487,0.24326678051200107
0.30066312101234544,0.2591773601765991
0.2581731836565284,0.24023763635881723
0.2794181523344369,0.2508434273251521
0.2523624289340836,0.2364436333069545
0.26783525255547724,0.24819292619111627
0.3054989816700611,0.2591811466067906
0.27943745716740187,0.25274421528127494
0.26395498112952576,0.2428843510626616
0.28618449628864584,0.25728414508085923
0.2601036669530217,0.2417522084354091
0.2436752540998639,0.23265720311547472
0.240779529155124,0.2315212740580308
0.2629993918977616,0.24213085145455707
0.36154091176726094,0.2815438033176701
0.39632822077006985,0.298976527919243
0.34127083715408146,0.2747282289730065
0.3827955328616519,0.29177473769504847
0.373133463962703,0.2883631640925252
0.3885966351676142,0.29367173922097983
0.3219370469397014,0.26827993835691644
0.34512215133058566,0.2807827308491827
0.3827858804451694,0.2898777361691171
0.3818206387969228,0.2894990931499691
0.3615505641837434,0.28760587805422927
0.24077952915512396,0.23114263103888277
0.183762704993195,0.19211589505530077
0.20406173685582185,0.20651568907349838
0.19536490960511962,0.2027254724518271
0.18667773477089988,0.1981817562220514
0.20888794509705505,0.20878754718838624
0.19053870136388643,0.20007497131779128
0.19826063454985954,0.20348275849012307
0.17892684433547937,0.18984025051022144
0.17699636103898608,0.1841606052230018
0.17216050038127043,0.1837781757736623
0.24658063146108627,0.236068776717998
0.20986283916178414,0.21598555098238928
0.21952490806073297,0.21788255250832064
0.22531635795021285,0.2220476257189484
0.23015221860792848,0.22621648535976763
0.22145539135722625,0.21977576760406056
0.22629125201494193,0.22243005516828784
0.2185500139960039,0.21787876607812917
0.23980463509039487,0.22924562951295147
0.23305759596915085,0.22887077292399494
0.22822173531143522,0.22394462724487976
0.41949402032798916,0.3088212464170904
0.40791112054902945,0.3020056720724268
0.4446096080153667,0.3186735377753208
0.4059613324195713,0.30048352713545196
0.43207111900464285,0.31754139514806834
0.43978339977413344,0.3179162517370248
0.450410710321329,0.32284239741614
0.45137595196957564,0.323599683454436
0.4446192604318492,0.3205705393012521
0.41950367274447165,0.3126114630387617
0.40887636219727613,0.3069280313213505
0.4030752598913138,0.2993513845081995
0.4562118126272912,0.32587532799951535
0.40886670978079365,0.30275917168053135
0.39341319099236494,0.2963184539248242
