0.477494432420564,0.26559866490569795
0.5077005112763088,0.2793198534490857
0.575452463849942,0.31667596885516774
0.5465324174273078,0.29367653803858296
0.206172955678931,0.13203397417123025
0.2238010100059597,0.16564342593155432
0.41974843950942575,0.24857289692254134
0.19604152943759603,0.09554544901940196
0.17969950754367806,0.07697238631528341
0.13073617515134406,0.07343018661479546
0.30914965026191144,0.21184675150999388
0.2777830055518961,0.20411027790518402
0.23882563282205702,0.182216057603572
0.2752423073303849,0.1930526467028807
0.3167090116370252,0.21936770906438408
0.27144694332047303,0.1844264786335177
0.3443430256265488,0.2401511927984483
0.255136288071265,0.1831002260155503
0.2915843292243029,0.20543653052315142
0.5603651077444245,0.29589248512110344
0.6232238637432955,0.3259763153386642
0.5377497569085035,0.2930134117295992
0.5616511401775351,0.31092887417730897
0.634484489194191,0.32751808400705135
0.5302531288228098,0.2881560115162936
0.43480442897023314,0.2567514547333404
0.4837677613625671,0.2759876437464427
0.45487908158464296,0.2642668862351557
0.6093911734261787,0.3193395261962523
0.39713308867350466,0.2441465288100751
0.43605909475863375,0.26095125469023717
0.21370095040933473,0.14507545824790977
