0.0005864853979268093,0.008887420023836995
0.005695267840108534,0.02121590446908242
0.9445806629404818,0.30446777568397965
0.0028688321874492124,0.019430035592148932
0.03342260159269649,0.03528724448599373
0.0022964789677856995,0.01672890891578703
0.9338402074603764,0.3029432534719632
2.119826739494492e-05,0.008669631136406081
0.0005935514870584577,0.013417973354618569
0.9180051017163525,0.3015053023427006
0.9536323231181233,0.3049474557085462
1.4132178263296614e-05,0.005053791132834343
0.924788547282735,0.30246357344739666
0.9389277916351632,0.3032481579143665
7.066089131648307e-06,0.003615840003571738
0.9298761314575217,0.30276847788979994
0.04248132785946963,0.04413056226012596
0.9016047088417969,0.3005029289882999
0.8744567943980041,0.29732212228737137
0.8620204775263031,0.29536202230049313
0.8885960387504324,0.299239208968982
0.8529688173486616,0.2948823422759266
0.836003137343574,0.2918327533796752
0.8382642858657015,0.2923118889320232
0.8320461274298511,0.2914407333822996
0.8416560086488927,0.29270390892939885
0.8111234375110404,0.287868451156214
0.8246903286438051,0.28965432003314745
0.8150804474247635,0.2883911444860482
0.8671080617010899,0.2967994289575372
0.8314808402993191,0.2907873667200068
0.8145151602942317,0.2880862400436449
0.8484535863935385,0.2933583645361288
0.8354378502130422,0.2915278489372719
0.8196027444690184,0.2891751844807995
0.832046127429851,0.291310060049841
0.8258209029048688,0.2900463400305231
0.8105581503805085,0.2873457578263798
0.7212074533108158,0.2712702155728855
0.8269514771659325,0.29013345558549547
0.809985797160845,0.2870838666892441
0.8212986058606139,0.28926230003577186
0.8727609330064084,0.29688654451250956
0.8207333187300822,0.28926230003577186
0.8908642533616915,0.2992397534412006
0.8235597543827413,0.28956720447817513
0.8235597543827413,0.2895672044781751
0.8552370319599207,0.29488288674814517
0.8173415959468909,0.2888702800383962
0.7896354604616979,0.28377347560029426
0.8461853717822794,0.2933578200639102
0.8461853717822793,0.2932271467314516
0.8252626818634687,0.2897855378378246
0.8128192989026359,0.28791200893370017
0.8405254343878289,0.2926167933744265
0.7766267903703334,0.281464368921308
0.7573999618431183,0.2779356444727086
0.7958536188975484,0.28486242003744877
0.8343143420411102,0.2914412778545182
0.7986800545502077,0.2856029022547139
0.7941577575059529,0.2848188622599626
0.8280820514269962,0.2903512444729264
0.7879325329809707,0.28355514224064476
0.7918966089838253,0.2843397267076146
0.8173415959468908,0.2887396067059377
0.7811490874145882,0.28229196669354545
0.8258209029048688,0.29004634003052315
0.8405254343878289,0.2926167933744265
0.8026370644639308,0.2861255955845481
0.8840808077953092,0.2984992712239355
0.8003759159418034,0.2858206911421448
0.7794532260229927,0.2822484089160593
0.8501423816960023,0.2937498400612858
0.7964189060280803,0.28529799781231063
0.793592470375421,0.28451395781755934
0.15958762303827703,0.10280996667285551
0.8150804474247634,0.28826047115358966
0.8048982129860581,0.2864740578044376
0.806028787247122,0.2866918466918685
0.7913242557641619,0.2839471622380204
0.869376276312349,0.2967999734297558
0.8495770945654705,0.2934449356188825
0.8037676387249946,0.28621271113952046
0.8869001773588367,0.2988036311941202
0.720642166180284,0.2710088689079684
0.19409840235724732,0.12006102444625816
0.88181259318405,0.2984987267517169
0.7788879388924609,0.281943504473656
0.7817143745451202,0.28255331335846257
0.8439242232601518,0.29270445340161744
0.7828449488061839,0.28264042891343494
0.7274185456575345,0.2722279422053629
0.8088552228997812,0.28699675113427175
0.46785282749556606,0.2108909688937577
0.8196027444690184,0.2891751844807995
0.8229944672522095,0.28926230003577186
0.8026370644639308,0.2861255955845481
0.7771920775008652,0.28155148447628037
0.7636181202789688,0.2791117044648355
0.7749309289787377,0.28129013781136325
0.03624903724535582,0.03659397781057921
0.8105581503805085,0.28721508449392125
0.802071777333399,0.2858206911421448
0.7998106288112715,0.2856900178096863
0.7274256117466662,0.27244627556501244
0.6951901131280867,0.2659986355526202
0.7455218660128174,0.27588788445863943
0.7935854042862893,0.2844262977903684
0.7986800545502077,0.2856029022547139
0.7851060973283114,0.28311956446578296
0.7771920775008652,0.28176927336371127
0.8145151602942315,0.2879555667111864
0.762487546017905,0.27902458890986315
0.7381731333159034,0.27431980446913684
0.8071593615081856,0.28677896224684085
0.7743656418482059,0.28098523336896
0.017594561937804284,0.029145597860441973
0.010796984193158611,0.02705373559666805
0.7839755230672476,0.2830324489108106
0.7002847633920053,0.26713168223947953
0.8082899357692495,0.28699675113427175
0.6691798390344894,0.26090183111451826
0.7596611103652458,0.2784147800250566
0.6459889345044197,0.255630251094253
0.7749309289787377,0.2812030222563909
0.7545664601013273,0.2777173111130591
0.11432932215006958,0.0797216222440858
0.6867037400809771,0.2643864533134129
0.8524035302181298,0.2942289756136338
0.7234686018329431,0.27161867779277493
0.7839755230672476,0.28303244891081053
0.3111834992686598,0.16471319109178112
0.7573999618431183,0.2778485289177362
0.7596611103652458,0.2781969911376257
0.7387384204464351,0.2746247089115401
0.8048982129860582,0.2866047311368961
0.8048982129860582,0.2866047311368961
0.7573928957539866,0.2778479844455176
0.4067735530415981,0.19311721779052085
0.8767250090092632,0.29732266675958996
0.7890631072420344,0.28364225779561714
0.04927890560411529,0.05127512671229707
0.644858360243356,0.2554995777617945
0.7104599317415786,0.26909178222635777
0.052105341256774615,0.05236407114945164
0.7981147674196758,0.2853415555897968
0.06963630839239406,0.05702529781269176
0.24839423124483287,0.13988199109134553
0.528932101949534,0.2279677955572156
0.7477830145349449,0.27645413556595977
0.8642886921375622,0.2953625667727117
0.7653139816705645,0.27928593557478026
0.18222737261607813,0.11836227112429704
0.6703104132955532,0.26103250444697684
0.41186113721638484,0.1960355888820951
0.7500441630570723,0.27675904000836304
0.11490167536973313,0.08011418671368004
0.7749309289787377,0.28107234892393235
0.21672401975678518,0.12746693556334635
0.5396725574296395,0.2317137644210273
0.7879325329809707,0.2835551422406447
0.5153510786385059,0.22487410441125946
0.7596611103652459,0.2781969911376257
0.7726627143674787,0.28050555334439337
0.7647486945400326,0.27928593557478026
0.2749768585580938,0.14911732886285342
0.4214710184354266,0.19973799996842065
0.7081987832194512,0.2686997622289821
0.82921262568806,0.29043836002789875
0.6606934659873798,0.25937676443028335
0.08492732527328098,0.07035615561233795
0.7313826216603893,0.2729254111173604
0.5854749471809837,0.2426478555144963
0.6691727729453577,0.26077061330984114
0.7449565788822856,0.2756700955712085
0.19014139244352424,0.1186671755667003
0.6516418058097383,0.2569369844188385
0.7602263974957776,0.27871968446745987
0.7913242557641619,0.28394716223802036
0.41129585008585307,0.19459818222505107
0.072469810134185,0.05763565116971689
0.5656898976123684,0.23807428887844712
0.559471739176518,0.23681111333134783
0.7681404173232238,0.28006997556953156
0.8082899357692495,0.28699675113427175
0.7619222588873733,0.2788939155774046
0.20824471279880719,0.12524548891155105
0.6968930406088139,0.26612985335729733
0.6465542216349516,0.25658852219894906
0.7115905060026423,0.26939668666876104
0.432211473915532,0.20069627107311663
0.6114922873637126,0.24839857108710955
0.7523053115791998,0.27723817556071106
0.4079041273026619,0.19311721779052085
0.5317585376021934,0.2294052022142596
0.49442132263056376,0.21877492661875675
0.6748327103398081,0.2622956799940761
0.2212463168010401,0.13064665331983769
0.786236671589375,0.2833373533532138
0.7195045258300884,0.27096476665826363
0.3909313812084426,0.18941371775975815
0.7901936815030981,0.283860046683048
0.48481144141152205,0.21820867551143638
0.1352590781580119,0.0871710911386602
0.5571964584761272,0.23611309994713175
0.7115905060026425,0.26939668666876104
0.7664445559316282,0.2796779555721559
0.46898340175662984,0.21202347110839845
0.7721044933260784,0.2804189822616396
0.8314808402993192,0.2907873667200068
0.7319479087909211,0.2730996422273051
0.6997124101723415,0.26713113776726094
0.5187428014216973,0.227139108840541
0.7409995689685626,0.27497317113142955
0.07813681361776698,0.06369127118473343
0.7421301432296263,0.27510384446388814
0.5147857915079742,0.2248305466337733
0.5074370588110599,0.22417717997148057
0.5125246429858465,0.22443852663639763
0.7138516545247697,0.27009361110853997
0.450314794270815,0.2074923733053983
0.7794532260229926,0.2820741778061145
0.6765285717314037,0.26268769999145175
0.42373216695755406,0.20034780885322717
0.6539029543318656,0.2576339088586174
0.6997124101723415,0.26691334887983004
0.5017841875057413,0.22186861776471287
0.7771920775008653,0.28155148447628037
0.58944608927297,0.24317163778876763
0.4452272100960282,0.20679544886561937
0.7149822287858335,0.27018072666351234
0.06680280665060309,0.054541960023760765
0.7031041329555328,0.26761027331960896
0.04078546646787403,0.042693155603081935
0.7048070604362602,0.2679157222342308
0.4514453685318787,0.20831997107763578
0.5724733431787508,0.23920679109308787
0.3275909582323472,0.1703332333319358
0.09114548370913149,0.07144510004949252
0.7873672458504388,0.2834244689081862
0.6171592908472946,0.24974995113361836
0.7935854042862893,0.28442629779036843
0.25349594759788296,0.14188673780014713
0.7477830145349449,0.2761927889010427
0.6759632846008717,0.2623827955490485
0.5747344917008782,0.24025217775275623
0.7704015658453512,0.28037488001193484
0.27555627786688897,0.1499895733570142
0.4706792631482254,0.2134173199879563
0.762487546017905,0.27893747335489083
0.350216575631885,0.17647596890192474
0.271033980822634,0.14698408671046762
0.5351502603853845,0.23106039775873455
0.43390733530712766,0.20100117551551994
0.5334543989937889,0.22979722221163526
0.6499459444181426,0.25676275330889375
0.7014082715639371,0.26721825332223337
0.7409995689685626,0.2749731711314296
0.708764070349983,0.2687868777839545
0.802071777333399,0.2858206911421448
0.82921262568806,0.29043836002789875
0.5504130129097449,0.23419655773773973
0.8071593615081857,0.2869096355792994
0.7296867602687936,0.2727947377849019
0.6821814430367222,0.2636024133186616
0.4424007744433689,0.20457400221382405
0.4949866097610956,0.21951540883602186
0.6929289646059592,0.26569373111021694
0.13469379102748003,0.08560301114915762
0.6278997463274,0.2517100511204966
0.047017757081987833,0.04988127783273922
0.644293073112824,0.2554995777617945
0.7523053115791999,0.27702038667328016
0.6703104132955532,0.2615116399993248
0.8942489100557509,0.29932632452395436
0.7794532260229926,0.28207417780611455
0.22691332028462205,0.13500352001289312
0.7511747373181361,0.2768461555633354
0.7658792688010962,0.2793294933522664
0.31911165127436913,0.16514985781108008
0.6273344591968681,0.2516664933430104
0.6047088417973303,0.2470482799850379
0.7404272157488991,0.27475483777178006
0.4180792956522354,0.19664539776690165
0.3734074801619548,0.18457880445879188
0.687269027211509,0.26443001109089903
0.593403099186693,0.2453059688855906
0.7302520473993255,0.27283829556238803
0.4661428339257072,0.21014939773205543
0.5815179372672606,0.24225583551712068
0.20541827714614788,0.12398231336445176
0.48085443149779894,0.21720684662925419
0.7658792688010962,0.27959084001718354
0.7726627143674787,0.28085401556428286
0.1720380720882413,0.1117404000019601
0.6064047031889259,0.24818078219967862
0.3253298097102197,0.16619524447074846
0.4701139760176935,0.21224125999582935
0.32646038397128346,0.16828601779008526
0.7087640703499831,0.2690046666713854
0.3722627737226278,0.18200780664266997
0.5159163657690379,0.22574525996098313
0.6182898651083584,0.24983706668859074
0.6165798715384995,0.24935684219180557
0.2648016902085203,0.1466780933236272
0.29874718239695874,0.15865866002120174
0.10189300527836859,0.07427690005831299
0.5617328876986454,0.23715957555123726
0.74326071749069,0.2754087489062914
0.6459889345044195,0.25589159775917014
0.2829050105638032,0.1517754422339477
0.20146126723242483,0.12237067559746298
0.7325131959214529,0.27340454666970837
0.5125246429858467,0.22448208441388381
0.7217656743522158,0.27131322887815307
0.10584294910295997,0.07771742000750283
0.47633213445354405,0.21507251553243123
0.511394068724783,0.22435141108142528
0.7641834074095007,0.2791988200198079
0.7817143745451202,0.2825533133584625
0.7466524402738812,0.2759750000136118
0.736470205835176,0.2742757022194321
0.7042417733057282,0.26782860667925845
0.5555005970845317,0.23580819550472848
0.4548370913150699,0.20940891551479035
0.7494788759265406,0.2766283666759045
0.24104549854791868,0.13931573998402516
0.03852431794574657,0.039121417849214954
0.6369443404159097,0.25432351776966755
0.5786915016146014,0.24121044885745224
0.6120575744942446,0.24874703330699902
0.018159849068336148,0.034938782266104265
0.7025459119141326,0.2674365866818828
0.7556970343623911,0.27780442666803146
0.4995089068053506,0.22003810216585606
0.5176122271606334,0.2257452599609831
0.47802799584513966,0.21581299774969634
0.7336437701825167,0.27349166222468074
0.7217656743522158,0.2714439022106116
0.6120575744942446,0.24909549552688845
0.6974583277393459,0.26634764224472823
0.16525462652185896,0.1079944311381484
0.1324397085944842,0.08529865117897292
0.40846941443319373,0.19381414223029977
0.2625405416863928,0.14628607332625154
0.7641834074095007,0.2791988200198079
0.23369676585100443,0.13905439331910807
0.3338091166681977,0.17316448886853772
0.6533517993795972,0.25728653558316517
0.687269027211509,0.26490914664324705
0.1103793783254782,0.07959149338384583
0.5424989930822989,0.23284626663566807
0.713286367394238,0.2697887066661367
0.6312914691105912,0.2530167844450821
0.4412702001823051,0.20400775110650368
0.2806438620416757,0.1512527489041135
0.5668204718734322,0.2388147710957122
0.6906678160838319,0.26538882666781366
0.476332134453544,0.2145933799800832
0.24840836342309616,0.1400137533682413
0.6160145844079675,0.24913905330437466
0.8608899032652395,0.2950571178580899
0.698016548780746,0.26673911776988535
0.3332438295376658,0.1719448710989246
0.7409995689685626,0.27475538224399865
0.4412702001823051,0.20405130888398984
0.44861893287921945,0.20710035330802268
0.17090749782717757,0.11156616889201536
0.2891231689996537,0.15565208443021797
0.694059538867023,0.2657808466651893
0.3694363380699685,0.1808753044280292
0.701973558694469,0.26726181109971947
0.6465542216349515,0.2562400599790596
0.7443912917517538,0.2754958644612638
0.7342090573130485,0.27353522000216696
0.6312914691105912,0.253234573332513
0.76700984306216,0.2799828600145592
0.6290232544993322,0.252667777752974
0.659562891726316,0.25854916665804584
0.22634803315409016,0.13435015335060035
0.3982942460836202,0.19037307780889134
0.5272362405579385,0.22788068000224324
0.5306138311628663,0.22818449550020933
0.37623391581461413,0.18497082445616753
0.37056691233103217,0.1811366510929463
0.7426954303601583,0.2751474022413743
0.7031111990446645,0.2676543755693137
0.6018824061446709,0.24665625998766222
0.6804855816451266,0.26347173998620305
0.08436203814274912,0.06992057783747613
0.6386402018075055,0.2550204422094465
0.6669186905123619,0.26046625333965645
0.717243377307961,0.27052918888340177
0.5345849732548527,0.2304070310964418
0.4440966358349645,0.2049660222111997
0.3745380544230185,0.18462236223627806
0.6737021360787443,0.2619907755516728
0.6652228291207662,0.25994356000982227
0.1663852007829227,0.10986741557005424
0.3999901074752158,0.19172336891096298
0.2846008719553988,0.15238525111875426
0.5063064845499962,0.22217352220711614
0.1482818804276397,0.09457754672796699
0.6838773044283176,0.26373308665112016
0.6211021685827544,0.2510991532912529
0.6516418058097383,0.25680631108637997
0.7166780901774292,0.2702678422184847
0.08378968492308561,0.0645188689569709
0.3066612022244048,0.15952981557092538
0.6674839776428939,0.2605533688946289
0.5509783000402767,0.23428367329271207
0.3083570636160004,0.16088010667299701
0.6714409875566169,0.2615987555542972
0.1052917941506914,0.07680379562473014
0.7234615357438114,0.2714874599880978
0.2970513210053631,0.15648077114689257
0.7189392386995566,0.2709212088807774
0.2557570961200104,0.14323702890221876
0.34569427858763013,0.17617106445952146
0.4452272100960282,0.2055322733185201
0.6844425915588497,0.2642993377584405
0.380756212858869,0.1885425622100345
0.13865786703033472,0.09305193557151345
0.6007518318836073,0.24582866221542476
0.6759632846008717,0.26242635332653463
0.7426954303601582,0.2753651911288052
0.7540011729707955,0.2774124066706558
0.7053652814776603,0.268089408871957
0.7511747373181361,0.2768461555633354
0.5181775142911653,0.22618083773584496
0.6578670303347205,0.2582007044381564
0.6199715943216907,0.2504893444064463
0.6335526176327186,0.2539314977722919
0.7387313543573034,0.2745806066618353
0.7387313543573034,0.2743628177744044
0.261409967425329,0.14467443555926277
0.7319479087909211,0.27309964222730515
0.5736039174398145,0.24016506219778389
0.44409663583496445,0.20544515776354771
0.7511747373181361,0.2767590400083631
0.7065029218278557,0.26830774223160647
0.3575653083287993,0.18052684220813972
0.41920986991329917,0.19808280442394569
0.6589976045957843,0.2582878199931288
0.4661428339257072,0.21049785995194492
0.20937528705987093,0.12677001112356742
0.6991471230418097,0.2668697911023439
0.6550335285929294,0.2579388133010207
0.640336063199101,0.2554124622068221
0.2738462842970301,0.14876886664296396
0.575865065961942,0.24099265997002134
0.5690816203955597,0.23894544442817076
0.7240268228743433,0.272010153317932
0.7087640703499831,0.2690046666713854
0.5911278184863024,0.24373679995165085
0.7359049187046441,0.27397079777702876
0.42034044417436284,0.19877972886372458
0.44013962592124134,0.20261390222694584
0.6612587531179116,0.2596381110952004
0.6782244331229992,0.26312327776631356
0.12339511450597439,0.08442749562924927
0.17486450774090062,0.11221953555430811
0.4259933154796816,0.20060915551814426
0.6358137661548461,0.2540186133272642
0.19183725383511985,0.1198867933363134
0.5515435871708085,0.23554684883981136
0.7070682089583874,0.26861264667400975
0.7573928957539866,0.2778479844455176
0.5990559704920116,0.24578510443793858
0.7743585757590742,0.280897573341769
0.2862967333469944,0.15338708000093648
0.6522070929402701,0.2572418888612418
0.47859328297567155,0.21624857552455817
0.5385419831685757,0.23149597553359638
0.674832710339808,0.26203433332915904
0.5747344917008783,0.24029573553024244
0.19070667957405613,0.11962544667139632
0.13865080094120308,0.0881729200208424
0.7811490874145883,0.28224840891605923
0.43957433879070956,0.2018734200096807
0.12280862910804757,0.08059277779380945
0.7556970343623911,0.27780442666803146
0.7534358858402636,0.27732529111568344
0.736470205835176,0.274014355554515
0.31911165127436913,0.16545476225348335
0.7257297503550707,0.2720542555676368
0.43390733530712766,0.2018723310652436
0.07473095865631248,0.062078544473307525
0.592258392747366,0.24452083994640214
0.3009941987408229,0.1593544955165435
0.46275111114251605,0.21010583995456922
0.6759632846008715,0.2623827955490485
0.19692483800990662,0.12023525555620286
0.22068102967050823,0.13003684443503113
0.2732951293447616,0.14824726225756693
0.28629673334699435,0.15390977333077066
0.6917983903448954,0.26556305777775835
0.7534358858402636,0.27732529111568344
0.6476847958960152,0.2567191955314076
0.7664445559316282,0.2796779555721559
0.3230686611880923,0.165846782250859
0.5012189003752093,0.2217815022097405
0.1019000713675002,0.0764117756273545
0.5226998113354203,0.2273568977279719
0.47463627306194844,0.21450626442511084
0.21728930688731704,0.12912213110782125
0.7178086644384928,0.27083409332580505
0.7472177274044131,0.2761492311235565
0.7285561860077299,0.2727076222299295
0.7698362787148193,0.2801135333470177
0.40620826591106624,0.19189760002090775
0.15280417747189462,0.10067563557603254
0.2512206668974922,0.14136295552587574
0.22069516184877153,0.1302557222668992
0.7048070604362602,0.2679157222342308
0.6250591784964774,0.25162184662108705
0.54589071586549,0.23415299996025354
0.26027939316426535,0.1436290488995944
0.7579652489736501,0.27815343336013953
0.17713978844129136,0.11609726669501554
0.7121557931331743,0.2694838022237334
0.6081005645805214,0.24835501330962337
0.7579652489736501,0.2779792022501948
0.545325428734958,0.23297693996812657
0.717243377307961,0.27031139999597087
0.7347743444435804,0.2738836822220564
0.7115905060026423,0.2691353400038439
0.751740024448668,0.2769332711183078
