0.6006085129073744,0.35205375743944833
0.6345158558389009,0.3558169992429309
0.6747278943571406,0.36577494598283616
0.5026818481227062,0.33104370554981466
0.4235751701640475,0.31003365366018093
0.3318904676766727,0.277965970568244
0.2540070888617045,0.24832975060924734
0.32185314136946774,0.2753134653323092
0.26529908095731003,0.2496560032272147
0.3205671089363571,0.27530793927973435
0.38715849565571975,0.29853393825188856
0.27536777390922496,0.2587242555025669
0.2766538063423356,0.25872978155514176
0.2954737931683448,0.2664662551599516
0.3770898027038048,0.2945496543454115
0.43486716225965305,0.3133492852050995
0.4712838367679809,0.3248490006133919
0.33317650010978334,0.2779714966208189
0.3117844484175528,0.2702239709108593
0.5026818481227063,0.33170683185879835
0.5290298296791192,0.3401064317725919
0.4198111727988457,0.3064969800122679
0.3858724632226091,0.2985284121993137
0.3783758351369155,0.2945551803979864
0.34067312819547696,0.2830499389371191
0.26410714845832944,0.24900392902338075
0.46999780433487026,0.324843474560817
0.35698378344468495,0.28680765468802677
0.2665851133904207,0.2514298661037462
0.5202471691603149,0.33590663181569513
0.4901038235939902,0.3299329689822669
0.43358112982654246,0.3133437591525246
0.42228913773093696,0.3100281276076061
0.5604278410338447,0.3513851050778897
0.13722907060631725,0.18841076253999484
0.5378124901979234,0.3425378949055322
0.3946864903861234,0.2987549803548832
0.17869577491295754,0.21052602494460135
0.2703177441109125,0.2516453821541658
0.3419591606285876,0.283055464989694
0.2967598256014555,0.26647178121252646
0.48257582886358646,0.32705942164333757
0.46874313854646965,0.3230751377368605
0.5089238104199993,0.33413276893916377
0.26787114582353133,0.25143539215632105
0.2527837897180139,0.2476721503528385
0.39845048775132524,0.30229165400279623
0.28920046422634177,0.2591718657611309
0.3368777641855651,0.2786235708246529
0.45494181487406293,0.3210857588099093
0.36331984567610803,0.2907974646470787
0.4072331482701295,0.30627041185669845
0.4185251403657351,0.30649145395969307
0.43232646403814184,0.3115754223285681
0.22013111257488788,0.23020429816369276
0.3105297826291522,0.2675714656749245
0.37461183777171364,0.2910185067500733
0.31557981242746463,0.2722188758903852
0.3582698158777956,0.28681318074060164
0.373325805338603,0.2910129806974984
0.36077914745459677,0.2888025596675527
0.3532197860794831,0.28327098104011367
0.4059784824817289,0.30428103292974734
0.4989178507575045,0.3308226634468201
0.395972522819234,0.298760506407458
0.5227878673818261,0.3367963262802483
0.40851918070324017,0.3062759379092733
0.48132116307518585,0.3263962953343538
0.3181205106489759,0.27421378086991116
0.4800351306420752,0.32639076928177896
0.27411310812082434,0.2560717502666321
0.2238951099400897,0.232635761296633
0.2628211160252188,0.2489984029708059
0.24271509676609893,0.24125640331342116
0.23396380289200466,0.23993567674802863
0.22135441171857848,0.2308618984201016
0.552868479658731,0.3427589370085267
0.44989178507575045,0.31710147490343227
0.25529312129481513,0.2483352766618222
0.2464790941313008,0.2436878664463614
0.308020451052351,0.26668729726294615
0.31683447821586525,0.2742082548173363
0.23267777045889404,0.23993015069545376
0.31307048085066347,0.2702294969634342
0.3620338132429974,0.2907919385945038
0.3532511527241931,0.2857079702256287
0.2502117248517926,0.2439033824967811
0.2226404441516891,0.23086742447267647
0.35453718515730376,0.2857134962782036
0.15106176092343404,0.19703693060935784
0.17486904425833572,0.2076414255005222
0.2916784291584329,0.2620398870474854
0.23142310467049343,0.2372776454595189
0.4838618612966971,0.3279491161078907
0.29042376337003234,0.25982946601753976
0.44368118942316737,0.3157862743906146
0.29547379316834477,0.2644768762330005
0.17113641353784387,0.20742590945010253
0.1724224459709545,0.2074314355026774
0.21131708541137356,0.22953564580213418
0.20131112574887866,0.22246782455888287
0.30930648348546164,0.266692823315521
0.19372039772905492,0.2158255093638961
0.20002509331576804,0.222462298506308
0.2892318308710518,0.2591773918137057
0.24400112919920955,0.24126192936599603
0.24776512656441144,0.24369339249893626
0.22640444151689096,0.23329888760561673
0.19375176437376493,0.215831035416471
0.2050751231140805,0.22489928769182316
0.21260311784448419,0.22954117185470904
0.25278378971801385,0.24568277142588735
0.20378909068096987,0.2248937616392483
0.17740974247984692,0.21052049889202648
0.12841504344280294,0.1764689629257133
0.22511840908378034,0.23329336155304187
0.3406731281954769,0.28106056001016794
0.1032589943853706,0.1479434795342643
0.2715724098993131,0.25230850846314956
0.33189046767667263,0.2759765916412929
0.1987704275273674,0.22091500378534606
0.16611775038424142,0.2034471515962003
0.28794579843794116,0.2591718657611308
0.1334337065964054,0.18398439442752862
0.19622972930585614,0.21803593039384178
0.2301684388820928,0.23550930863556238
0.27285844233242373,0.25430341344267554
0.38342586493522784,0.2965500853775123
0.3821398325021173,0.29654455932493745
0.33694049747498517,0.27996087554777
0.18371443806656002,0.21450478279850357
0.16988174774944326,0.20587861472914054
0.1975157617389668,0.2182624985494112
0.22888240644898217,0.23550378258298751
0.1485210627019228,0.195484109835821
