0.4934783387186968,0.15435221727501983
0.49540660182193325,0.15512400080612007
0.4691794689563414,0.15318343774593216
0.461854823825619,0.15205891763975055
0.4826773106789965,0.1540765015462053
0.45799003363441787,0.15097818443594557
0.4988774754077588,0.1568550010115877
0.5231873638164184,0.16311786685962304
0.4147886761371932,0.14633622151006379
0.5027450202605359,0.16299650783702865
0.4807490475757601,0.15383394100785952
0.5486431914407156,0.16745095886622166
0.43832174998140605,0.15087895512480412
0.34688351362593345,0.12663282422133934
0.35691323642433914,0.1278346801874741
0.3410987243162242,0.12381030159331562
0.3885532792868732,0.135971956221603
0.28052647092041505,0.10488987082155019
0.30213128166139147,0.1125528149977386
0.30715302971453445,0.11773502639539053
0.3542191774029601,0.1273276656595942
0.30444519738527537,0.11383177056356185
0.27819878188865116,0.09465783252785646
0.3310690015178186,0.12255331823210225
0.3221962365813548,0.12084429023124447
0.31717724318978796,0.12030388425263122
0.294801127207517,0.11110839849325803
0.26663471259238447,0.09415081799997654
0.3619267204927538,0.12966490970408326
0.3461094537230629,0.12534276442307885
0.3623151277749772,0.13130778483084674
0.4005112651885153,0.1421793796608736
0.3943380685965826,0.13869524953848528
0.38122037017142263,0.134836174376141
0.380446310268552,0.13140717164883128
