0.5362596363790533,0.21881902886846147
0.3473760078009624,0.16837313334505766
0.5215621709852247,0.21542152222453925
0.49893655358568695,0.21001926887181543
0.49102959984737254,0.20797259780218344
0.5181845803802968,0.21511770672657313
0.5860402343115156,0.2288400400513764
0.6013029868358759,0.23276024002513285
0.4118399389489899,0.18819355551792646
0.3467965884921672,0.16763156218335534
0.40675235477420313,0.18666903330591006
0.23425498689240465,0.12598651560103472
0.28573144621646257,0.1501202466894728
0.28233972343327135,0.14654850893560578
0.40845528225493033,0.1875842911053385
0.5006394810664142,0.21333020443298392
0.49611011793302756,0.2091045555446056
0.42258746051822693,0.19302901329111133
0.3643346217169184,0.17503747330044356
0.4661428339257071,0.20609852442584042
0.3632111135449862,0.17373128444807667
0.2580182446421379,0.14114625558288205
0.27610036673002597,0.14336715776245873
0.3196557401375061,0.15804830666417663
0.2930660467351135,0.15046761996492508
0.31512637700411955,0.15769929997206858
0.31286522848199205,0.15682814442234488
0.24840129733396454,0.13905493779132666
0.3349255587509981,0.16732665774095212
0.27667271994968945,0.14563270666395883
0.21219465662339862,0.1203229155833938
0.321365733707365,0.1588769933808512
0.5945195412694937,0.2308001400382546
0.3694222058917051,0.17834786438939346
0.36886398485030486,0.17503801777266215
0.4056217805131394,0.18618989775356207
0.3722627737226277,0.17908943555109572
0.4310808996544682,0.1959920311046089
0.3852785099031239,0.18518861334359843
0.32248217579016536,0.15922436665630355
0.42767504469301376,0.19407439995077969
0.4191886716459041,0.18906471106765013
0.6499388783290111,0.2444353578080855
0.6488012379788158,0.24299740667882294
0.6290091223210689,0.2419514755469359
0.6810508687756587,0.2470504578739122
0.6821743769475906,0.25140569115031186
0.6109199341440492,0.2375085822433453
0.6431554327626288,0.24256237337617967
0.6736880039004811,0.2468751378195303
0.40394005129980703,0.18606031336554066
0.48931960627751353,0.20792795108026008
0.5130757979381152,0.2146369377575694
0.4627440450533843,0.20130662443014175
0.2732739310773666,0.14314936887502783
0.2930731128242452,0.15138287776435352
0.31343758170165553,0.15726426666942533
0.29421075317444056,0.1551293911003838
0.3100387928293327,0.15600054665010743
0.32361981614036084,0.162535302217472
0.3513471498929487,0.17360115558783673
0.24500250846164173,0.1350470777903793
0.28289794447467154,0.1489436422251273
0.2342620529815363,0.1295587978271203
0.21390465019325752,0.12428776227907358
0.19580132983797457,0.11631560005466501
0.17032807851838241,0.09762659115199976
0.2404802114173868,0.1350035200128931
0.2314214851506137,0.1258552977963576
0.22181160393157198,0.12520193113406483
0.17260335921877318,0.10568586893138071
0.18277852756834673,0.10599077337378399
0.463874619314448,0.20165508665003123
0.4259862493905498,0.19368292442562265
0.37791564502794633,0.18061395776311212
0.4661357678365755,0.20322316663953377
0.19296076200705195,0.10943238226741098
0.209375287059871,0.11862470673365128
0.5605881812593183,0.22853404666453597
0.5368319895987168,0.22034409555269646
0.5340055539460574,0.21659812668888473
0.5990418383137485,0.23197620003038155
0.5413542866429717,0.22239131109454705
0.3977077606856933,0.18553653109126933
0.43616141774012335,0.2007828421558704
0.3784809321584783,0.18096241998300158
0.6256244656270094,0.2377269156029948
