0.648780039711421,0.2316271933382735
0.6335172871870606,0.22626958670747302
0.5944983430020987,0.22091089113223542
0.21781219748305908,0.0988026511441267
0.20254237886956705,0.09222488227149453
0.23705315818853742,0.11169738669669249
0.24836596688830634,0.11949477333893777
0.24552539905738371,0.11217597777682192
0.22120392026625024,0.10067563557603255
0.22459564304944143,0.10237438889799366
0.24609068618791557,0.11221953555430811
0.22687798983896384,0.10899680449254916
0.5464348047286268,0.21441969334235708
0.5752573822966202,0.21877492661875672
0.2557358978526155,0.1302987355721668
0.256308251072279,0.13609246445004766
0.5187357353325655,0.21272094002039593
0.5102493622854558,0.20993269778906165
0.4423866422651055,0.19864905553126602
0.3304032617067432,0.16723954218597975
0.3179528126567788,0.16292623327041048
0.39488132503303397,0.18614633997607588
0.39997597529695234,0.1882376577676312
0.3807420806806057,0.18327098218976925
0.42146395234629486,0.19394427109053972
0.44917008783148793,0.2002171355207686
0.40223712381907983,0.18893458220741016
0.41241229216865344,0.19141737552412258
0.510807583326856,0.21154379108383184
0.523243900198557,0.21280696663093113
0.5368249235095851,0.21437613556487087
0.5532253163841409,0.21664168446637094
0.5238162534182206,0.21319953110052536
0.3982730478162252,0.18727884219071664
0.47802092975600796,0.20683955111532412
0.4548229591368066,0.2020030043977021
0.46670812105623904,0.20522736887611678
0.3993965559881572,0.18753964438341517
0.405628846602271,0.1895443910922167
0.3784809321584782,0.18257405774999033
0.3733862818945598,0.1811361066207277
0.4814055864500675,0.20814573996769103
0.45030066209255165,0.20082694440557514
0.4384225662622508,0.19764668217686523
0.3671681234587093,0.17874042885898767
0.4616134707923205,0.20300537775210287
0.49666833897442786,0.20914756884987323
0.4881890320164499,0.20884266440746996
0.3784809321584783,0.1832274244122831
0.3909243151193109,0.18610278219858972
0.4073247079938666,0.19141737552412255
0.4135428664297171,0.19150449107909492
0.39996890920782074,0.1878886510755232
0.3886631665971834,0.1860592244211035
0.42881268504320913,0.1967319688496554
0.4271097575624819,0.19546824883033753
0.4158040149518446,0.19363882217591788
0.3869602391164562,0.18510040884418894
0.368298697719773,0.17974225774116986
0.38469909059432883,0.1841856955169791
0.4129705132100536,0.19150394660687636
0.41580401495184455,0.19298545551362514
0.3049582747436776,0.15931148221127592
0.3603846778923269,0.17577849998992728
0.3960118992940977,0.18710461108077192
0.34115784936511184,0.17168352443400753
0.3140028688321875,0.16183783330547452
0.3773503578974145,0.18174645997775288
0.32192395474876523,0.16601992441636662
0.3632040474558546,0.17765093994961453
0.3569858890200041,0.17569083996273632
0.3558553147589404,0.17547305107530542
0.2868620204775263,0.15199323112137866
0.3134375817016556,0.16070533109083374
0.3507677305841536,0.17473256885804028
0.3394619879735163,0.17103015777171476
0.33323676344853415,0.170506919969662
0.36094996502285875,0.17756436886686075
0.31795987874591053,0.1641463955122422
0.3654651959779821,0.17791228661453162
0.3411578493651119,0.17233689109630024
0.32701153892355206,0.16697819552106263
0.3462454335398987,0.17307737331356537
0.3320991230983388,0.16771867773832774
0.31060407995986455,0.16039988217621187
0.2755492117777573,0.1501632599947404
0.3100387928293327,0.15996430440135007
0.3077847103963369,0.15944215554373448
0.371132199461564,0.18104953553797395
0.29250782569371325,0.15573865551297178
0.2891161029105221,0.15251537997899428
0.3258809646624883,0.16676040663363173
0.34567308032023514,0.17264125106648495
0.29760247595763173,0.1578299733045271
0.3213586676182334,0.1655843466415048
0.31513344309325125,0.16205562219290542
0.3303961956176116,0.16706476660381642
0.33152676987867524,0.1676310177111368
0.2766797860388211,0.1503810488821713
