0.3489734655070898,0.267147795729664
0.3267632551809346,0.25654200476332917
0.34411830001640914,0.26335000624760985
0.4069265740678179,0.2902601656184566
0.36734201407322326,0.2788970886138257
0.37699443055568965,0.2860913059776373
0.1711469966506115,0.15233187303342277
0.17112769181764653,0.13528536431138086
0.15758535149274622,0.11709914010170351
0.5682377583227961,0.3474806986720989
0.28907056881690335,0.2322899193869012
0.3499483595718189,0.26828751121729943
0.3605660177025319,0.2735885134853711
0.2755571857414504,0.22244520088905378
0.3334909894692136,0.2591811466067906
0.5334697541529522,0.34330805260108815
0.610747000511578,0.3671852813885597
0.5112691962432795,0.3334633341032408
0.3180567755137499,0.25539850284550225
0.31226532562427006,0.24668971340509876
0.3335295991351435,0.26184679346159234
0.3142054613372458,0.2489653579501781
0.2938871246416541,0.23455799107159758
0.2842347081591877,0.2239559865354542
0.2987326377158522,0.24062385223834817
0.268781189370759,0.22016576991378292
0.5807955521664849,0.35089227227462216
0.4745320991110125,0.3217026819285046
0.5547147228308607,0.34482641110787154
0.46968658603681435,0.3190446079340858
0.2793795426685071,0.22280869818743584
0.3412418799046341,0.2626002930696968
0.33254505265393197,0.25767414739058164
0.45812299109081966,0.3156443936221369
0.4049864383548421,0.2860913059776374
0.45133734230364575,0.3133611762166747
0.4861343037229371,0.32738990007610724
0.46487003021206363,0.31677653624938945
0.4542427196648681,0.3137436056660141
0.42720630109747976,0.3031378146996793
0.2919373365121959,0.23303584613462272
0.17113734423412902,0.14399794018197581
0.507369619984363,0.3281471861144032
0.4735861622957307,0.3201956827122956
0.44556519724713084,0.3114755339813178
0.41753457978204844,0.2982078825903726
0.2619762357506202,0.21522447851390183
0.2571693323423519,0.21447476533598883
0.18080906554956033,0.17164645344016113
0.19628188917095393,0.17923067311369512
0.26875223212131155,0.21863983854661662
0.2668314012413008,0.21750769591936414
0.24944739915637879,0.2133388362785449
0.4503721006553991,0.31184660414008275
0.48611499888997217,0.32245996796680054
0.36728409957432845,0.2762238688986411
0.4378143068117103,0.3046486003460797
0.14502755764905745,0.11444485253747619
0.16919720852115328,0.13414943525393694
0.19050009169795656,0.17658395840985075
0.602030868427911,0.3577078466192858
0.5827260354629782,0.3565719175618418
0.5769249331570159,0.34937391376783883
0.5440874122836651,0.34406533863938416
0.5682281059063137,0.3463409831844635
0.24658063146108625,0.21183562349252746
0.2021216011428461,0.19780311320290345
0.233018986303221,0.2106807622841261
0.22336656982075462,0.1993214717096868
0.23108850300672773,0.20159332982457467
0.22723718883022362,0.20008254417817425
0.19727608806864796,0.18530032071063718
