0.5701778940357719,0.3300669062214834
0.5045028522890705,0.3133914676582065
0.5469541799789577,0.31679168197015534
0.32574009903379314,0.23872306428222526
0.2300846516925512,0.16636438332304684
0.32770919199621623,0.2493402145391346
0.350884643970618,0.2557809322948418
0.2822656151967645,0.20728054797217726
0.2677773380565825,0.20046118719732223
0.3228636789220181,0.23418692091283255
0.3489541606741248,0.2557809322948417
0.25520989179641124,0.18341467847528026
0.43686836999642864,0.2944328116894673
0.32767058233028645,0.24781049674177674
0.5575911429426357,0.31717789784968625
0.5826970782135308,0.3327060480649448
0.5576201001920831,0.3224902594083324
0.3963185683535873,0.29102123808694397
0.28519029739095186,0.21486476764571122
0.3933842337429176,0.2807827308491827
0.32286367892201817,0.2353228499702765
0.45039140548836404,0.2974657422728426
0.3605467128695669,0.2656294372228806
0.28902230673449103,0.23037777214020388
0.3286744336444629,0.2519907156731705
0.44265981988590847,0.2963260267852071
0.6223105954575728,0.33764355303463445
0.3711547185837975,0.2739557972139446
0.49094120713120537,0.3054210321051416
0.4677464503238386,0.30313781469967926
0.4638951361473345,0.299355170938391
0.47358616229573075,0.3035353898697846
