0.31871985367237704,0.11382090259138922
0.39395241597593533,0.1404483007019844
0.4116951911872867,0.14355756453783833
0.3229647871610733,0.11971961261821971
0.3711878927114409,0.13633548201543552
0.5177854724657803,0.1701851201552766
0.3202624641549662,0.11808776297047198
0.39009313510788635,0.1401725849731699
0.49117268697954114,0.1614197855843595
0.37196470727588765,0.13789023206349482
0.4005112651885153,0.14140759612977338
0.4201878128262552,0.14875080141450597
0.5089154621908926,0.16181678158234686
0.570248002181692,0.1703839725446672
0.47496425826605077,0.15933565503670266
0.42173593263199655,0.15226808672736303
0.4089956228427557,0.1430503925031153
0.3036711374824046,0.1132693923803387
0.33956437781836313,0.1311865833150954
0.4842254304847379,0.16033913113397602
0.31640042862534123,0.11336870044490172
0.2878456067279854,0.10418400390427963
0.3187198536723771,0.11688598575775874
0.36039512865646894,0.1346597667118895
0.32373609240236795,0.12250905880919631
0.44333798871139696,0.15779200922108064
0.2685464477261646,0.08609072031895768
0.2947983725459408,0.11201240901912536
0.2874544447841861,0.09759060994603737
0.3291407384145821,0.12553019756634604
0.39934604334184526,0.14059147442234565
0.3881648720046499,0.1391031135086453
0.3333829172417023,0.12587198741583328
0.4008996724707386,0.14223458580937376
0.3596155594304462,0.13266391874978
0.27857617052457023,0.08882511786827718
0.4174882444817242,0.14801209432045292
