0.49001021979444725,0.15972170430909588
0.44217827618787897,0.15201457946342306
0.450274226559896,0.1529957683424004
0.5760272821682493,0.17048304434896552
0.43252869668696864,0.15016206272851787
0.36425716418609394,0.13551991158195859
0.2542883194085191,0.0944924503426207
0.32181058396070755,0.1224870866045864
0.35190250701750037,0.131726753033444
0.3380162580126219,0.12999567407455478
0.40900113216590783,0.14662280521105092
0.36849383369006206,0.13870611751065792
0.3588470088507277,0.13178195918194413
0.3191110156161765,0.12124120747581033
0.4475746582153649,0.15291858998929037
0.338019012674198,0.13126368291478382
0.28631401489170055,0.11282829446628846
0.3638604929191424,0.13196939232521132
0.29712330691612887,0.11656624686630293
0.5281980932232571,0.1642754634028519
0.49232689017990694,0.15982101237365884
0.4522162629710127,0.15696533455516642
0.6134466050173407,0.17430920058110574
0.2828403866442988,0.10777854632366823
0.36386049291914246,0.1342516664814649
0.3333829172417023,0.1258940383738647
0.31176708785442164,0.11732668990470128
0.31524898008655144,0.12103156586766858
0.3291434930761582,0.1249900278479974
0.41594012467598296,0.14722912780349384
0.3874018307480835,0.14328200631586693
0.4213447706881972,0.1490043874318675
0.26007861804138055,0.10009355118944836
0.5278041766178817,0.1626985836433396
0.48190600543770196,0.15750542552009353
0.4873106514499162,0.15921453227437285
0.6076563063844792,0.17190548864883623
0.5312860688500115,0.16973315426905367
0.5008140024957235,0.16216951815742825
0.49463529658063865,0.16109981043263905
0.5139289462593074,0.1624672848442742
0.3202679734781183,0.12220042415017775
0.38315414259781116,0.14104367656883315
0.2967266356491774,0.1134787977282158
0.3144749201836809,0.11804358230098753
0.3248958049258859,0.12432834160021128
0.4001311218910201,0.1449138559636147
