0.022646717480631094,0.02299943081658479
0.01885135347071924,0.012162841717276099
0.00379536400991186,0.004426368112466222
0.781468586305323,0.4020424290316698
0.9170979580314295,0.422179364614475
0.7801825538722124,0.40203690297909495
0.7123678680091591,0.3892054089002603
0.6332611900505003,0.37151098855554515
0.6973118785483516,0.3863318615613309
0.879457984379411,0.41289559628870315
0.7349832188450801,0.3936317770127265
0.7199272293842727,0.39075822967379714
0.7212132618173833,0.390763755726372
0.8241899564003639,0.40802161791767294
0.8719299896490074,0.412453512082714
0.7362692512781908,0.39363730306530137
0.6269878611084971,0.3701847359375778
0.8819673159562122,0.41665331203961076
0.696057212759951,0.3852266510463581
0.640789184780904,0.3719530727615343
0.8116119318716478,0.40779504976210346
0.6671998996267369,0.37947955636849934
0.6508892443775288,0.37461663010261886
0.7450519117969951,0.3960687661982416
0.6885292180295473,0.3839003984283907
0.6458078479345064,0.3737214095854908
0.06919481823029389,0.08005039759948276
0.340673128195477,0.2567459286807655
0.13456290580596594,0.13577511176441334
0.0289827797120542,0.059924514121827366
0.6985979109814623,0.3863373876139058
0.5478811831498385,0.3491746840479441
0.6470938803676171,0.3737269356380657
0.6282738935416078,0.37019026199015265
0.4650105078259778,0.31512314808163094
0.657162573319532,0.37594288272058624
0.6445531821461058,0.372616199070518
0.10564285938333176,0.11609131249274707
0.5466265173614379,0.34740634722398755
0.7136539004422697,0.38921093495283515
0.7563439038926005,0.39673189250722535
0.03525610865405727,0.06147180884278934
0.6898152504626579,0.38390592448096555
0.5956212163984819,0.36222722022977333
0.1948495969386155,0.15545891103607962
0.7111132022207585,0.3881001983852874
0.5441171857846365,0.34630113670901475
0.8970233054170197,0.4212951962024967
0.6810012232991437,0.38124789319245583
0.6747278943571406,0.37992164057448846
0.7663812301998055,0.40048960825813296
0.21633574856497598,0.18908494095412823
0.7739092249302093,0.4018158608761004
0.47630249992158336,0.32042815855350054
0.31808914400426586,0.24657799194301538
0.04284683667388099,0.07761893446654253
0.25143502399548323,0.20941528837705362
0.6244785295316959,0.3679743149076321
0.41350647721213263,0.2852714120722145
0.7651265644114049,0.39695293461021985
0.5880932216680782,0.35846950447886566
0.6257331953200966,0.3690795254226049
0.3155484457827547,0.2414884975215654
0.023932749913741724,0.027425798929051014
0.5390985226310342,0.3436486314730799
0.614441203224491,0.36576389387768643
0.6659138671936262,0.37947403031592447
0.29418776073523417,0.22313647692044145
0.4399171920579656,0.30893396919778304
0.45873717888397486,0.31247064284569614
0.28540510021642984,0.21672625593359898
0.5918572190332799,0.3586905465818602
0.5579185094570434,0.3513851050778898
0.581819892726075,0.3571432518608983
0.29666572566732546,0.23351992970861127
0.6596719048963332,0.3770480932355591
0.6872745522411468,0.3827951879134178
0.19873906088265741,0.1727222992799554
0.3594931150214861,0.2808395179071735
0.6646905680499356,0.37726913533855366
0.4800978639314953,0.32662286348992337
0.15219096013299457,0.14838556374025344
0.4373451271917443,0.30649145395969307
0.09435086728772624,0.10216566000408928
0.4135378438568427,0.2992025906134472
0.686019886452746,0.381689977398445
0.5341112261221417,0.3423279049076874
0.5177692042282237,0.33237548422035695
0.07553088046171699,0.09509231270826313
0.5617138734669552,0.35139063113046465
0.634547222483611,0.37151651460812
0.5026818481227063,0.33104370554981477
0.5315705279006305,0.34121716834013965
0.5579185094570434,0.35072197876890604
0.5227565007371161,0.3387801791546246
0.7500705749505975,0.3965108504042308
0.5190238700166243,0.3337017368383244
0.308020451052351,0.240162244903598
0.6810012232991436,0.38146893529545045
0.608167874282488,0.364437641259719
0.20745898811204164,0.1775741734406861
0.6784918917223425,0.38058476688347215
0.3055424861202598,0.23353650786633587
0.6169505348012922,0.3666480622896647
0.7437972460085945,0.3949635556832688
0.47758853235469406,0.3257386950779451
0.22508704243907027,0.19946839374229805
0.6068818418493773,0.36443211520714414
0.28035507041811736,0.213184056233111
0.4373451271917443,0.30538624344472026
0.5428625199962359,0.3445327998850582
0.5403845550641448,0.34365415752565476
0.3306044352435621,0.2556351921132178
0.24641636084188073,0.20875216206806993
0.5742291647062513,0.3564690734467649
0.5202158025156048,0.3356800636601257
0.5704651673410495,0.3529323997988517
0.49261315517079135,0.3301540110852616
0.26900034503309184,0.21007841468603733
0.34192779398387757,0.2768607600532712
0.4725385025563815,0.31865982172954405
