0.1951219512195122,0.31659126052345227
0.1106484235574063,0.22255311837809977
0.42474717430101133,0.4566748754366874
0.6049970255800119,0.5186988145008876
0.5080309339678762,0.4750014317622129
0.46103509815585964,0.46475001431762203
0.5092207019631172,0.4980241681461543
0.29327781082688875,0.4016379359715938
0.280785246876859,0.372945421224443
0.3283759666864961,0.40959853387549394
0.4003569303985723,0.4520359658667888
0.1588340273646639,0.2352098963404158
0.1600237953599048,0.24792394479124907
0.2325996430696014,0.3316533990034935
0.15942891136228435,0.23984880591031443
0.24509220701963114,0.3603459137506443
0.22070196311719215,0.3270717599221121
0.1719214753123141,0.2983219746864441
0.2688875669244497,0.3637821430616803
0.24449732302201072,0.33967126739591086
0.7489589530041643,0.5485940095069011
0.35276621058893515,0.41652826298608325
