0.5805024936482545,0.3288388105724438
0.5240425331702268,0.3029768845220794
0.7073492048555566,0.35162825139118387
0.5553464445908222,0.3131337691546798
0.4599604780276654,0.29080299069965354
0.493836454314482,0.29765529589248513
0.493867820959192,0.3027447903139351
0.6005457796179544,0.33060162134382554
0.3116903484834227,0.23086189842010157
0.67337912863461,0.3410016522897199
0.32555440544524955,0.24833527666182215
0.17599824346789625,0.13555959571399365
0.1320535742291647,0.09996629107929333
0.25018035820708256,0.2069838252441134
0.37084784040651175,0.25719906499190437
0.13829553652645776,0.11079182807345231
0.6533985759543303,0.3352711357695858
0.5628744393212258,0.31777565331756574
0.17979360747780812,0.1452909742983295
0.14717229697939213,0.12274467979288356
0.19481823029390546,0.16075839545537435
0.16091088736237885,0.13002801708655456
0.1597189548633983,0.12628135344079663
0.4499231517204605,0.2857190223307785
0.49135848938239074,0.2914716430612121
0.320473009002227,0.2410298351578517
0.5427684200621059,0.31202303258713204
0.20999968633355293,0.19459994142384268
0.3896364605878109,0.2757610755908732
0.3356544650418745,0.25453550765081984
0.37329443869389295,0.2737661706113472
0.4298171324613406,0.2837241173512525
0.26649101345629056,0.22135156193876032
