0.16981901446002326,0.18155293129458835
0.19745302844954676,0.19216847829090244
0.13716633731689723,0.1640850791054426
0.3205671089363571,0.25320372898027754
0.22637307487218092,0.2138416564895199
0.4009284526834164,0.28393963340167216
0.26780841253411125,0.24103536121042657
0.4047238166933283,0.2903553804410895
0.5240111665255167,0.3171180530611568
0.4260845017408488,0.29124507490564266
0.6960258461152411,0.3564856516044895
0.3682757755402905,0.28039743370118425
0.330573068598852,0.25850321339957233
0.29920642388883667,0.24148297146899053
0.1823656723440294,0.18951044700239278
0.13337097330698536,0.15766933206602526
0.14723503026881218,0.17315333138079472
0.19999372667105797,0.20388923580218943
0.17107368024842384,0.1831002260155503
0.1660550170948214,0.1791214681616481
0.29415639409052413,0.24125640331342113
0.26024905115899755,0.22975668790512874
0.2540070888617045,0.2290990876487199
0.22885103980427213,0.21693071987886897
0.30293905460932846,0.2485507927122419
0.248957059063392,0.22467271953625367
0.20626705561306108,0.20853111996507537
0.36448041153037863,0.2726554340437995
0.45365578244095234,0.3009654013848288
0.4511150842194411,0.2998546648172811
0.4360904614033437,0.29809185404589944
0.4712211034785609,0.30560728554771477
0.42351243687462753,0.2907919385945038
0.35321978607948307,0.2711136653754124
0.526520498102318,0.32087576881206453
0.6182052005896929,0.35316449400699607
0.542862519996236,0.33834362100121024
0.5064144788431981,0.31512314808163094
0.4725385025563815,0.3078287586828101
0.516483171795113,0.3166759688551677
0.48759449201718896,0.3115864744337178
0.7010131426241336,0.35714325186089824
0.657068473385402,0.35559043108736144
0.5930491515322607,0.3416592525461288
0.33314513346507324,0.26602969700653734
0.2628211160252188,0.23617796099712093
0.29798312474514604,0.24126745541857086
