0.27898936976097805,0.11979647595764359
0.508144156949598,0.17022922207133948
0.4367736301756648,0.1578248493978632
0.4313744934866028,0.15760433981754884
0.4271323146594825,0.1568435817654643
0.40938953944813106,0.15450610146071064
0.4402500130846425,0.1603498415993056
0.44758016753851715,0.1613752899011889
0.41093214993072025,0.155740955110471
0.42404709369430427,0.15674435245432286
0.49502645852443805,0.16818935094658857
0.5355310023387077,0.17179499759841443
0.3519190349869567,0.14963260347549878
0.3762206594108881,0.1544619207912262
0.35114772974566216,0.14872851419620992
0.343046270050493,0.14840869655133257
0.28054575355144745,0.12951031673759858
0.3291572663840384,0.14526627752501
0.3253007401775655,0.144836283843397
0.2967514276033619,0.13689762393839408
0.3044672346778836,0.13784589388716736
0.3090978207872272,0.1413410494885714
0.31527101737915986,0.1438108355415137
0.3025362169130712,0.1375922291163843
0.30523853991917826,0.13902562014184913
0.2604670253236039,0.11257447218866232
0.23732235876161434,0.10657645409726882
0.24580947107743079,0.10912341850332115
0.2600813727029566,0.11147192428709056
0.2643290608532289,0.11514356630616764
0.2662600786180414,0.11794411672958147
0.2585360075587914,0.10928880068855693
0.23461452643235514,0.10152654844780552
0.4788262937956758,0.1654218769602219
0.47766658127215783,0.16516821218943886
0.48114296418113556,0.1670647520869854
0.4718845466240245,0.1648375265723889
0.4583839502397934,0.16352541581609692
0.4714961393418013,0.16423104647310285
0.48769905873213953,0.16797986684528995
0.46725396051468104,0.1635695177321598
0.47188179196244856,0.16441847961637004
0.4572242377162754,0.16213612670669494
0.30562970186297767,0.14123087345183577
0.2824822806394121,0.13502329250572206
0.2994537506094689,0.13718436514622429
0.35307874751047463,0.15124240216521512
0.34072959966503313,0.14760375782976365
0.3241465369771997,0.14467098041158272
0.31257144903462886,0.14305007748942916
0.3700502174805314,0.15265374223264852
0.3388040912233728,0.1475597346671223
0.33301654725208735,0.14695325456783626
0.28826706994912144,0.13602661109615238
0.3310882841488509,0.14602711433051602
