0.6250238480508192,0.2128962600747778
0.5605669829919234,0.21093507114346247
0.44348895216964274,0.17730356667416222
0.4106952325096629,0.17133560668633666
0.2732527328099717,0.11344133121279552
0.2709774521095809,0.113353126713386
0.2800361783763541,0.12659578001362268
0.20932582443594944,0.09340094226362146
0.23365436931621456,0.10207057340002755
0.38015559528267895,0.16035795781538145
0.2760650362843677,0.11479053337043003
0.3071840928201468,0.1367458311123404
0.32245391143363883,0.14458677553207186
0.38524317945746567,0.16135978669756365
0.4610199193052621,0.18157277334002675
0.38695317302732457,0.16589088450056377
0.2687092374983218,0.1131783511312227
0.29642950516177813,0.12951415110519693
0.49440719045230036,0.19246494007266524
0.42540683008175467,0.17351458450508295
0.3795691098847521,0.15595698887262124
0.43275556277866883,0.17495199116212692
0.3111481688230015,0.1414941733305529
0.4757385829664855,0.18902278670681966
0.30946643960966924,0.13949160451062564
0.4440683714784378,0.17978744893531182
0.2947336437701825,0.1293399199952522
0.2472212604489793,0.10838645113552405
0.5481094678528274,0.20448688665885167
0.3665745719716509,0.15587041778986746
0.38637375371852944,0.16410392667919316
0.5696186431695649,0.21115340450311193
0.4723185958267677,0.18531819773161984
0.5181351177563753,0.19716809109673583
0.648193554313494,0.2242642955264529
0.4293567739063461,0.17399317558521235
0.3422672253587807,0.14951098227688484
0.42085626868097314,0.1727283666214573
0.46892687304357655,0.18300963552485217
0.4858996191377957,0.19246276218379096
0.5102352301071925,0.19703850670871442
0.2574034948876845,0.11261210002390235
0.292472495248055,0.128817226665418
0.46781749704990777,0.1820094400593257
0.5289038375930074,0.20422662893837176
0.4519823913058839,0.18118129781486964
0.34905067092516306,0.15038213782660845
0.3043505910783558,0.13495941776318832
0.3592258392747366,0.15099194671141505
0.5956077189957674,0.2118492399984537
0.40955759215946747,0.16689216891052744
