0.4610614812917159,0.14268663044901814
0.38120659686354236,0.12453798320835299
0.42866115183419146,0.13694219837498614
0.39587516975601966,0.13161673450355144
0.39432704995027834,0.1284081626031345
0.4155462080706075,0.13421882630468235
0.38776820073769847,0.1268093893924339
0.42788984659289686,0.1360932364907759
0.4290468044548387,0.13841961256309232
0.43290057599973564,0.13909208802962958
0.41168417254098255,0.13270817817268593
0.4471862509331416,0.14115432512609802
0.5555711653044865,0.1609234815218091
0.499257618705254,0.15474897701274257
0.4602929307119974,0.14256542893326685
0.38775993675297027,0.12572865618862894
0.5602045060754062,0.16140876010534375
0.5856685976844316,0.1643528780162265
0.6199971902451925,0.16532327767645277
0.5748648149831553,0.1625224909927743
0.5879852680698914,0.16471679757716676
0.28011878100715937,0.08740283107524961
0.25273744494120176,0.0850213276078546
0.2889998099283512,0.09345613406856479
0.2859145889631729,0.09239768808305589
0.2855261816809496,0.09057840529204092
0.27587935684161524,0.08730368051752968
0.29015676779029315,0.0966424975041072
0.29015401312871714,0.09389707447577193
0.31021896804868043,0.10439364551242136
0.3657749827144986,0.1224209337304921
0.30905925552516245,0.10275077038565786
0.3692513656234763,0.12420721883788144
0.3244991336589343,0.1143609935563163
0.337228424801871,0.11684180508827433
0.39317284674991254,0.12691980168943418
0.34108770566991986,0.11782315147409474
0.2959470664231546,0.10235385314109205
0.38313761462835483,0.12500113208043465
0.3422501728550139,0.11952123274935834
0.31832593706700163,0.11046892071034643
0.3515058357505489,0.1203040417594743
0.33606871227835305,0.11458150313663067
0.3518914883711962,0.12128530939187318
0.3360714669399291,0.11532028898410528
0.28089008624845396,0.08966305427347174
0.4911561590100849,0.15054819075433257
0.47765280796427756,0.14983137711146782
0.4633726423540236,0.14396550726141985
0.5146837235311457,0.1564138243441159
0.5459243404651523,0.15921437476752975
0.4896080392043436,0.14998573381768793
0.4529600215965468,0.1417604114582763
0.49886645676145464,0.15165065990248278
0.45604524256172513,0.14247706759429798
0.5293467871004708,0.15910427748421568
0.45372857217626533,0.14217930090745204
0.46414670225689425,0.14827654830998702
