0.46101991930526215,0.17965623113063464
0.5469788935917638,0.19908572225056503
0.49949477462708713,0.1905919556407594
0.4480324474812925,0.17939597341015473
0.5990065078680902,0.20880074004663948
0.39033076363225244,0.16314565557449712
0.32643918570388847,0.1478122289549237
0.4214356879897683,0.16998531558426497
0.34960889196656325,0.15116563334914118
0.26420813872146187,0.12485346891417537
0.4022159255516849,0.1689399289245966
0.4304873481674098,0.17621462223700768
0.2545911914132885,0.11278742007828423
0.2364878710580055,0.10385698674917962
0.23706729036680066,0.10821385344223504
0.31624281908692,0.1328702778605073
0.25742469315507943,0.11818912895878943
0.3665745719716509,0.1539974333579616
0.49947357635969225,0.1878461822424742
0.3801555952826789,0.1617082489174531
0.28627553507959946,0.12555202677061003
0.32528034708629816,0.13648502891964187
0.4242621236424276,0.17007243113923734
0.2036870853088941,0.10132954671054387
0.566763943160379,0.20304948000180764
0.5079811476741967,0.19446914230924825
0.47120921983309894,0.18592964003308213
0.5543276262886779,0.20291880666934908
0.6572522805802671,0.21093670456011818
0.475710318609959,0.1861893532813435
0.5028794313211467,0.19185458671564012
0.5215480388069614,0.19834578450551849
0.48647903844659096,0.18728047560737235
0.6238862077006239,0.20997734451098501
0.5752573822966202,0.20470576449071973
0.3637410702298599,0.15377909999831213
0.46328813391652124,0.1838383222415268
0.39091018294104757,0.1663264622754256
0.35750877961574606,0.15338599105649933
0.3728068625857647,0.1544341000772606
0.3122787430840653,0.13169367339616178
0.5865701909963892,0.20570813784512054
0.28795019820380013,0.1282945333355838
0.5922230623017078,0.2070584289471922
