0.4996573392148725,0.3326946887743704
0.5045028522890705,0.3398964789985649
0.4069651837337478,0.31640167966043287
0.4059902896690187,0.31374739209620556
0.34611635022827963,0.2970757399631202
0.3895811816488258,0.30958231888557786
0.44848987944131813,0.3273899000761072
0.46394339822974684,0.3323160457552224
0.4127566336232276,0.31829489475617273
0.3760484937404079,0.3065456018720111
0.39537263153830565,0.31223282001961367
0.3606046273684617,0.3035164577188273
0.373152768795668,0.3061669588528631
0.4137315276879567,0.323221040435288
0.4359320855976294,0.32511425553102785
0.3480468335247729,0.29896895505886006
0.32486172913388867,0.2883593776623337
0.3818592484628527,0.3095823188855778
0.3190606268279264,0.2845691610406625
0.3383944170423065,0.29291066675249244
0.37991911274987694,0.3084426033979424
0.3557784191272286,0.2997300275273475
0.3461066978117972,0.2944214523988929
0.31520931265142227,0.283815661432558
0.28235248694510673,0.2648683647543932
0.28814393683458656,0.2667615798501331
0.3055472437524735,0.2807827308491826
0.2900937249640448,0.2705555829019958
0.3354793872646017,0.2910098787963695
0.2958851748535246,0.27282744101688367
0.2620631074989624,0.2478218560323512
0.28525786430632916,0.26525079420373265
0.28815358925106904,0.2667653662803246
0.3016862771594869,0.27964680179173873
0.2707599347496646,0.25729171794124217
0.263028349147209,0.25388014433871886
0.2823428345286243,0.25994221907527804
0.2997557938629936,0.2754817285811109
0.4513952568025405,0.33004418764033455
0.3992335981312922,0.3129901060579096
0.3924769065935657,0.3114755339813177
0.3635003523132016,0.3038951007379752
0.45622146504377364,0.3304228306594825
0.37992876516635943,0.3092036758664299
0.32487138155037115,0.2898777361691171
0.3354890396810842,0.29214959428400494
