0.3175739144567395,0.13228889495640253
0.33262263064671194,0.1414182278416814
0.32877436842496716,0.1412310309586788
0.41325708430090824,0.15789123853222212
0.3032992581696376,0.1284187943150425
0.43061145223003633,0.16133118798512605
0.34805975411890777,0.1416721288727291
0.3542301960492644,0.14451670245878423
0.4460540850253843,0.16715311342595426
0.47536643885615437,0.16902752361204776
0.36465383545304536,0.15002975698032925
0.35808947691731335,0.1479016032700311
0.3808512455202316,0.15443994858661633
0.46224874043099434,0.16731841685776846
0.43254797931800093,0.16589597255789781
0.415571000024792,0.1595671113426112
0.3758405161133929,0.15255467042835014
0.5208789574156867,0.17214789168033892
0.3202845014475747,0.13416354140276074
0.41094316857702445,0.15768175443092344
0.48655311951650176,0.1718280740354616
0.38086226416653585,0.15610511093167587
0.33609625889411354,0.14166086713344872
0.3218243572685879,0.13612599791413693
