0.29327781082688875,0.46692629288127824
0.2444973230220107,0.41641372200904875
0.36585365853658536,0.49223984880591026
0.4497323022010708,0.5220777733234065
0.02617489589530042,0.14111448370654603
0.06305770374776919,0.24431590401466127
0.07495538370017846,0.24660672355535193
0.0874479476502082,0.2810262871542294
0.5211183819155265,0.5358226905675505
0.4860202260559191,0.5221350438119238
0.09994051160023795,0.3062825725903442
0.25639500297442,0.43244945879388347
0.05056513979773944,0.21333256972681977
0.13622843545508626,0.3269572189450776
0.6650803093396787,0.5508275585590745
0.26888756692444976,0.44281541721550877
0.1124330755502677,0.3200847603230056
0.173111243307555,0.38434224843937914
0.0761451516954194,0.2765019185613653
0.14872099940511602,0.3602313727736097
0.22070196311719215,0.4095412633869766
0.32956573468173705,0.4841647099249756
0.16061867935752527,0.37397629001775384
0.3771564544913742,0.49676421739877435
0.1969066032123736,0.3935055266021419
0.5574063057703748,0.5438978294484852
0.3646638905413444,0.486398258977149
0.05116002379535991,0.23171639654086248
0.03807257584770969,0.1571502204913808
0.6287923854848304,0.5507702880705573
0.12373587150505651,0.32117289960483364
0.5336109458655561,0.5393161903671039
0.13622843545508628,0.34986541435198437
0.12433075550267698,0.32695721894507757
0.4134443783462225,0.5140026344424717
