0.4204399571432708,0.2728425867376496
0.43103831044101887,0.28457294747085393
0.38657928012277876,0.2588025035876426
0.45907858032258375,0.29140745396647494
0.5266454956998485,0.30125217246432234
0.403017345392419,0.2626002930696968
0.3296300228762271,0.22737513299836043
0.2919083792627485,0.19591747096754647
0.3547456105636046,0.24517892775869837
0.3209042383760775,0.21827255481804306
0.42238009285624656,0.27360365920613705
0.36441733187903597,0.24935157382970907
0.3025549946429089,0.21789012536870359
0.3701991293520333,0.25313421759099736
0.2687136224553817,0.17924581883446108
0.4919354060288993,0.29180124270638885
0.2542060404822347,0.15121487612693627
0.28901265431800854,0.19326696983351063
0.5344156909682339,0.3050575348067595
0.34315305836816246,0.24214599717532304
0.3924093396781885,0.2607108644041484
0.5595409310720939,0.32021461486325303
0.4069169216513354,0.27094558521171824
0.5431221706354186,0.3080942518203263
0.37694616847327733,0.2546450032373978
0.2861169293732686,0.18872325360373496
0.3846970589086978,0.25465636252797225
0.33057595969150877,0.23001806127201335
0.5073406627349156,0.29746574227284256
0.3411839654057394,0.2326647759758577
0.42718699626451484,0.2777611595563818
0.4223318307738343,0.27358472705517967
0.29771913398519323,0.21220669365129244
