0.40095181439619276,0.4406391386518526
0.5080309339678764,0.4669835633697955
0.5324211778703153,0.49109443903556493
0.32837596668649616,0.41074394364583927
0.09875074360499703,0.2397342649332799
0.09815585960737656,0.20073306225302104
0.2914931588340274,0.38772120726189796
0.13503866745984533,0.2878987457763015
0.1588340273646639,0.3027890727907909
0.12254610350981558,0.2592062310291507
0.17132659131469363,0.30399175304965353
0.074360499702558,0.17324322776473283
0.06186793575252826,0.12851497623274727
0.20761451516954194,0.33841131664853097
0.2314098750743605,0.34528377527060305
0.5086258179654968,0.4762041120210755
0.25639500297441997,0.36716110188419904
0.18441403926234384,0.3155603917301415
0.14753123140987506,0.2925376553462001
0.1963117192147531,0.3327415382853216
0.24449732302201072,0.35685241395109096
0.4485425342058299,0.452093236355306
0.36466389054134446,0.4222553118378099
0.07376561570493753,0.13767825439550999
0.07436049970255801,0.19615142317163964
0.04937537180249851,0.1204398373518126
0.3045806067816776,0.40272607525342186
0.18381915526472337,0.3120668919305881
0.25639500297442,0.36945192142488975
0.26888756692444976,0.3809632896168604
0.3158834027364664,0.4083958536166313
0.3997620464009518,0.423343451119638
0.44854253420582985,0.445220777733234
0.2920880428316478,0.3889238875207605
