0.5131900271232902,0.34784798240067244
0.28426366540863507,0.2629675767982704
0.5025820214090597,0.3474731258117159
0.2987615949652996,0.27016936702246486
0.28135828804741264,0.2580414311191552
0.24466945299755793,0.2421346378847486
0.3199969112267257,0.27547036929053653
0.38473566857462765,0.3065456018720111
0.29585621760407715,0.2682723654965335
0.3325740099033793,0.28419051802151446
0.2620631074989624,0.251986929242979
0.23308655321859828,0.23683363561667695
0.22630090443142437,0.23379313217291864
0.2775069738709086,0.2576665745301987
0.3963089159371048,0.31146417469074333
0.3760195364909605,0.3031264554091048
0.3277284968291812,0.2788819428930598
0.37989980791691197,0.30654181544181963
0.439773747357651,0.32699989776638483
0.5363944363471395,0.3569505605809898
0.4378625688941227,0.322085111377844
0.48325788361116206,0.34330047974070527
0.3885966351676142,0.31108931810178686
0.3692724973697165,0.30199431278185235
0.5170606461327594,0.3482304118500119
0.5479869885425817,0.35846891908777323
0.4958156774548509,0.34444019522834063
0.5276976090964373,0.35202441490187464
0.45813264350730215,0.32965797176080364
0.38858698275113174,0.30881367355670747
0.3634810474802367,0.30010109768611254
0.2514357969517669,0.243274353372384
0.20792270344880842,0.20727297511179435
0.24177372805281802,0.2387268507124168
0.216648487948958,0.22546298575166318
0.25723689925772913,0.24971507112809113
0.20310614762405768,0.20349033135050604
0.3054989816700611,0.2709190802003779
0.440767946255345,0.32890447215269913
0.3286937384774279,0.27888194289305984
0.27266146079671044,0.25349392845918794
0.287159390353375,0.2652394349131582
0.3296589801256745,0.28153244402709565
0.32097180529145475,0.27812465685476384
0.2968311116688063,0.26827615192672494
0.4021196706595497,0.3209378230298257
0.33643497649636595,0.2906274493470301
0.47554560284167147,0.3429256231517488
0.4610476732850069,0.33345197481266636
0.4707097421839557,0.3368635484151896
0.4378722213106051,0.3251180419612193
0.46008243163676027,0.3296655446211865
0.3171108386984682,0.27471686968243214
0.3084043590312835,0.27433065380290117
0.3441569096823391,0.29706438067254576
0.2813679404638952,0.2591811466067906
0.3335295991351435,0.28532266064876693
0.28618449628864584,0.26409971942552285
