0.2964648356074363,0.15046816443714367
0.21104995018407163,0.11709855110497915
0.47686915722754936,0.20243858217256394
0.39995477702955745,0.18453361326464998
0.36206640710565924,0.17338173328375006
0.34114371718684866,0.16593280886139425
0.38922138763858366,0.18205136442015615
0.3371796411839939,0.1646255310645902
0.28344909942694013,0.1452401421943646
0.29420368708530886,0.14872585333769636
0.2382119968061277,0.13073431334702862
0.5164533885430431,0.2109334377268067
0.48591375131605913,0.2035275266097185
0.5006253488881509,0.20487890665622732
0.3417231364956438,0.16828601779008526
0.3558553147589404,0.17094304221674242
0.26309876272779303,0.14101503777820487
0.2698822082941754,0.1414506155530667
0.23650906932540045,0.1298626133250864
0.26253347559726115,0.1384015711290339
0.21445580514552606,0.11980022225355963
0.29760247595763173,0.1505993822418208
0.28515909299679904,0.1471142155707076
0.25122066689749223,0.13609246445004766
0.24556779559217362,0.13491640445792075
0.27780329421075317,0.14506645555663847
0.27383921820789847,0.1416684044404976
0.2212463168010401,0.12642154890367796
0.21049172914267136,0.11705553779971155
0.24047314532825517,0.1328250866663654
0.1884313988736654,0.10777664225071748
0.19747599296217522,0.11165328444698774
0.2087958677510758,0.11631505558244645
0.21728224079818542,0.12380753778228844
0.323033330742434,0.1569147155050987
0.3886490344189201,0.1809183177332968
0.4485977346118244,0.19886629994647836
0.4372849259120555,0.1959909421601717
0.40165770451028465,0.18597156439391258
0.3694292719808368,0.18039562440346263
0.41409402138198564,0.1886721465980559
0.42766797860388206,0.19154750438436255
0.3620664071056592,0.17290259773140204
0.4644257742667166,0.20021659104855002
0.4152387278213127,0.18963150664718909
0.41126758572932637,0.1867120466111777
0.3230545290098289,0.1627530911049029
0.27611449890828926,0.14389094003673011
0.3140028688321875,0.15569618667992277
0.28742024151892653,0.14807248667540363
0.3010012648299546,0.15460724224276817
0.23425498689240468,0.12973248446484642
0.2563223832505423,0.1381407689363354
0.21898516827891265,0.12598597112881615
