0.8543019353219786,0.4126635020805588
0.03400144286565666,0.050861787899050076
0.9510053009629561,0.42262697487303896
3.136664471001537e-05,0.022330778455026224
0.8593205984755812,0.41531600731649365
0.8492832721683762,0.41155829156558604
0.010162792886044979,0.041578019573278224
0.9170979580314295,0.422179364614475
0.895737272983909,0.42128967014992186
0.6131551707913804,0.36575836782511156
0.6973118785483516,0.3863318615613309
0.6659138671936262,0.37947403031592447
0.5905711866001693,0.3593481468382691
0.8429785765816632,0.411110681307022
0.5943351839653712,0.36222169417719846
0.5905711866001693,0.35868502052928536
0.8128665976600483,0.40602671293814696
0.679715190866033,0.38124236713988097
0.05043756469370471,0.08846104961842607
0.67344186192403,0.3799161145219136
0.8229039239672533,0.40978442868905457
0.6571312066748219,0.3759373566680114
0.5265204981023179,0.34165372649355397
0.0667482199429127,0.09177668116334459
0.5114645086415106,0.3383380949486354
0.6646592014052257,0.3783688198009516
0.7500705749505975,0.3965108504042308
0.6332611900505003,0.37151098855554515
0.6583858724632226,0.37704256718298423
0.3532511527241931,0.28570797022562877
0.34067312819547696,0.2830499389371191
0.696057212759951,0.3852266510463581
0.5805338602929644,0.3571377258083234
0.663404535616825,0.3772636092859788
0.6458078479345064,0.3737214095854908
0.7136539004422697,0.38921093495283515
0.6068818418493773,0.36443211520714414
0.5868071892349676,0.3584639784262908
0.6671998996267369,0.37947955636849934
0.6772058592892318,0.3805792408308973
0.7425112135754839,0.39495802963069393
0.7437658793638845,0.39606324014566674
0.6282738935416078,0.37019026199015265
0.6985979109814623,0.3863373876139058
0.1132649540478655,0.16142152176435806
0.6269878611084971,0.3701847359375778
0.13716633731689723,0.17756864738811126
0.5729744989178507,0.35447969451981376
0.6445531821461058,0.3717320306585397
0.634547222483611,0.37151651460812
0.3770898027038048,0.29388652803642784
0.5956212163984819,0.36222722022977333
0.4750478341331828,0.326838379540343
0.5290611963238292,0.3434275893700854
0.7199272293842727,0.39075822967379714
0.5704651673410495,0.3535955261078355
0.6496032119444182,0.374611104050044
0.6470938803676171,0.3737269356380657
0.7123678680091591,0.3892054089002603
0.0063674288761331205,0.04046728300573052
0.3946864903861234,0.2987549803548832
0.28794579843794116,0.2591718657611309
0.5441171857846365,0.34630113670901475
0.07308428217433581,0.11566028039190765
0.5240111665255167,0.34054851597858116
0.51020984285311,0.3365697581246789
0.22640444151689093,0.22821491923674161
0.3532197860794831,0.28327098104011367
0.5127505410746213,0.3383436210012103
0.608167874282488,0.364437641259719
0.5001725165459051,0.3343593370947332
0.7186725635958721,0.38965301915882433
0.248988425708102,0.23926702438647002
0.5478811831498385,0.3491746840479441
0.2138264169881748,0.22511480374224282
0.6885292180295473,0.3839003984283907
0.35698378344468495,0.2861445283790431
0.5390985226310341,0.34563801040003106
0.6056271760609767,0.362442736280193
0.5918572190332799,0.35935367289084397
0.49135848938239074,0.33258547421820184
0.5466265173614379,0.34740634722398755
0.4185251403657351,0.30649145395969307
0.5579185094570434,0.3513851050778898
0.42733916752924944,0.3120230325871321
0.5215018349487155,0.33988538966959736
0.41855650701044517,0.3073811484242462
0.7349832188450801,0.3936317770127265
0.36077914745459677,0.28880255966755275
0.5667011699758476,0.3527113576958572
0.6898152504626579,0.38390592448096555
0.6244785295316959,0.3679743149076321
0.25403845550641446,0.2476721503528385
0.45368714908566227,0.3190963798829583
0.2954737931683448,0.2638137499240168
0.614441203224491,0.36576389387768643
0.5880932216680782,0.35846950447886566
0.5454032182177472,0.3463066627615896
0.27414447476553433,0.2554141500102232
0.15222232677770464,0.1806632368300352
0.5742291647062513,0.3564690734467649
0.5277751638907185,0.3434220633175105
0.4436498227784574,0.3171070009560072
0.33694049747498506,0.27996087554777
0.17863304162353758,0.2100728886334625
0.5064144788431981,0.33568006366012576
0.3105611492738622,0.26691386541851564
0.5014585489790158,0.33436486314730807
0.51020984285311,0.33590663181569513
0.49135848938239074,0.3319223479092181
0.49010382359399013,0.3308171373942453
0.5617138734669552,0.35139063113046465
0.5076691446315987,0.33568006366012576
0.20378909068096987,0.22489376163924826
0.4699978043348703,0.32418034825183334
0.16106772058592897,0.19150535198191873
0.5378124901979234,0.3456324843474562
0.016436121828048055,0.04953553528108266
0.581819892726075,0.3571432518608983
0.10451366017377121,0.15170119528517195
0.4549418148740629,0.3210857588099094
0.24146043097769831,0.2359513928415515
0.23518710203569523,0.23550930863556238
0.2690944449672219,0.24811423455882764
0.45368714908566227,0.31931742198595287
0.43358112982654246,0.31334375915252466
0.1584956557197077,0.18110532103602436
0.2426837301213889,0.23660899309796035
0.44239515699005677,0.3157807483380398
0.4637558420375773,0.3228596216864408
0.5240111665255167,0.33988538966959736
0.6445531821461058,0.372616199070518
0.27536777390922496,0.2587242555025669
0.03403280951036668,0.0751819452810274
0.6508892443775288,0.37461663010261886
0.4072331482701295,0.3062704118566985
0.3909538596656316,0.2965500853775124
0.3130391142059534,0.26978188670487013
0.48006649728678524,0.3286067163642996
0.6056271760609767,0.3633269046921713
0.39845048775132524,0.3022916540027963
0.6747278943571406,0.37992164057448846
0.41855650701044506,0.3080442747332299
0.5365578244095228,0.3436431054205051
0.7098585364323579,0.3869949878703146
0.7450519117969951,0.3960687661982416
0.2728898089771337,0.2507722658473373
0.4637558420375773,0.3235227479954245
0.6169505348012922,0.3666480622896647
0.657162573319532,0.37594288272058624
0.11837771713559801,0.1762479208227187
0.25024309149650265,0.23926702438647005
0.16608638373953138,0.19415785721785359
0.7274552241146764,0.39208448229176457
0.5704965339857596,0.3536010521604103
0.7651265644114049,0.39938439774316015
0.31931244314795654,0.27265543404379955
0.5604278410338446,0.3513851050778898
0.7212132618173833,0.390763755726372
0.20002509331576804,0.21384165648951986
0.4875944920171889,0.32904880057028874
0.49010382359399013,0.329932968982267
0.06803425237602334,0.1085814070435066
0.49010382359399013,0.3305960952912507
0.2288824064489822,0.23285127734705272
0.25278378971801385,0.24568277142588738
0.6872745522411468,0.3827951879134178
0.7111132022207585,0.3881001983852874
0.7801825538722124,0.40203690297909495
0.6257331953200966,0.3690795254226049
0.41855650701044517,0.30693906421825706
0.39465512374141337,0.2972021595813463
0.5114645086415106,0.3376749686396517
0.5717511997741601,0.3536010521604104
0.6558765408864213,0.37593735666801137
0.3821398325021172,0.29654455932493745
0.37458047112700354,0.2910129806974984
0.3620338132429974,0.29079193859450386
0.7739092249302093,0.4018158608761004
0.3318904676766727,0.27796597056824407
0.4737931683447822,0.32507004271638645
0.1497129952009034,0.17823177369709498
0.0806122769047395,0.12207050137875011
0.39597252281923406,0.29876050640745805
0.5491672155829491,0.349180210100519
0.31557981242746463,0.27221887589038524
0.0944763338665663,0.13976492172346527
0.3406731281954769,0.281060560010168
0.33060443524356203,0.2739816866617669
0.7337285530566795,0.39230552439475913
0.6948025469715504,0.38412144053138525
0.16611775038424142,0.20344715159620033
0.2967284589567454,0.26646625515995165
0.42228913773093696,0.30936500129862243
0.7362692512781908,0.39363730306530137
0.6810012232991436,0.38146893529545045
0.24396976255449954,0.23749868756251352
0.22637307487218092,0.22555688794823198
