0.41519912071202497,0.17076939178968809
0.5691130816123586,0.1942988665571312
0.592260502835924,0.19694521778116802
0.3037097027444694,0.14617052431114186
0.24930789127901692,0.12855110006323112
0.42677420865459575,0.17501435871758245
0.4198297068213685,0.1734045600278662
0.5475110255329583,0.19294257513135485
0.5594690114346003,0.1930970105909964
0.3928202500681779,0.1665242673549506
0.25046760380253486,0.12879373935499847
0.24853934069929837,0.1269965862754365
0.23657584547450425,0.12380998657962944
0.35463513130094404,0.15869601974694794
0.3002415838202198,0.14599419540031194
0.33881786453125295,0.15500232676983944
0.33958916977254755,0.15625923137763129
0.35655788508102837,0.15902662661057643
0.48270761195633316,0.18090235827908344
0.4923516821340914,0.1831295837936799
0.4846358750595696,0.18160798893608934
0.23541613295098635,0.12270735992463613
0.25934036873899863,0.13261965932687408
0.3592602080871355,0.15928029138135946
0.2975337514909605,0.142179143400609
0.309880144674826,0.14678795113602208
0.312579713019357,0.14806690670184533
0.27284371978480587,0.1366330911954384
0.27708589861192606,0.1390035691838177
0.2898206990780147,0.14176017519801173
0.25856630883612797,0.13137370144467644
0.2724580671641586,0.13641258161512404
0.2554838425325257,0.13022713038046332
0.24429165254902613,0.12651130769190183
0.2508532564231821,0.12995141465164886
0.29753375149096056,0.1436124556726523
0.32183813057646804,0.15042643796463046
0.3106514499161206,0.14738332700287085
0.5166477972348708,0.18648132941445808
0.540569278361307,0.1925566833658047
0.2643566074689894,0.1355304645404451
0.26397095484834215,0.13281819670257852
0.27206965988193527,0.13593840726402664
0.396685040259379,0.16956753582355333
0.4387321945562378,0.17541135471556984
0.4672732431457134,0.17896163771205248
0.23696425275672758,0.12482440940249702
0.571044099377171,0.19691198383727782
0.3943711245354952,0.16865242106524875
0.380867773489688,0.16635896392313637
0.4410461102801216,0.17620518920470152
0.37893675572487545,0.16451763017408996
0.39745634550067355,0.16982112184091483
0.3754686368006259,0.16442950509538576
0.4117282471261993,0.17072528987362523
0.3939827172532719,0.16705364785454815
0.4020869316100171,0.17057093316740513
0.49967908192639,0.1855441636981221
0.4962109630021404,0.18398964991032746
0.47807702584698963,0.18046126036503318
0.4865641381628061,0.18215926288687526
0.2848072150096,0.14086711139773864
0.3797135702893221,0.16519034190089188
0.3619652857548186,0.1607027356812301
0.34074888229606554,0.15733980707459316
0.3708408053528584,0.1638120782705056
0.3357298889044986,0.15459430529283638
0.32222653785869143,0.1506029243823035
0.3465336716057749,0.15844235497616493
0.3538638260596495,0.15867396878891651
0.3168274011696293,0.14990831920431325
0.33920351715190034,0.15500232676983947
0.32377190300285663,0.15322706714146583
0.4695954228543253,0.1801857021430618
0.4425942300858629,0.1785096718258296
0.5170417138402462,0.18750693522318446
0.524754766253192,0.1889733239322749
0.3696783381677644,0.16198169124705336
0.46534498004247693,0.17886240840091103
