0.5209505699751933,0.336503837546999
0.5750137546934875,0.3421872692644102
0.4475439426260364,0.3198246125535306
0.28622310595457573,0.25767793382077314
0.3045530448547794,0.2629751496586533
0.3509136012200655,0.28759830519384627
0.4735765098792483,0.3277647566650637
0.458151948340267,0.32398589933396693
0.4639240933967819,0.3258715415693238
0.4948600882230867,0.3345992631606847
0.4108164979102519,0.3152619641727975
0.39534367428885825,0.300104884116304
0.42726421559637456,0.31527710989356345
0.36734201407322326,0.29252823730315297
0.33839441704230655,0.2792795180631652
0.34223607880232815,0.2823010893559661
0.46684877559096916,0.3273974729364902
0.3953919363712706,0.3118617498608487
0.2224206330054729,0.20993104910621313
0.21662918311599305,0.20728054797217726
0.18474725147440663,0.18076417734124442
0.20213125355932857,0.19629232755650297
0.20890724993002,0.20387276079984548
0.223395527070202,0.21561448082362428
0.20020077026283528,0.1872048950969515
0.19633015125336628,0.1815214633795404
0.1779616026872327,0.1705294565336746
0.1992258761981062,0.18682246564761207
0.2649491800272198,0.24365299639153198
0.2746015965096862,0.2481967126213077
0.37411801044391463,0.29632224035501564
0.37312381154622054,0.2936603799304054
0.3615505641837434,0.2879845210733772
0.2398142875068773,0.22697755782825507
0.22726614607967105,0.2265989148091071
0.29395469155703136,0.2610895074232964
0.23982393992335982,0.22698134425844652
0.2668700109072306,0.24402785298048849
0.28040269881564855,0.24820049905149916
0.2688197990366888,0.2447927118791674
0.3055279389195086,0.26411486514628874
0.25238173376704853,0.23720849220563342
0.32677290759741706,0.2785070863041033
0.5170702985492418,0.3361176216674681
0.3653922259437651,0.2917633784044741
0.45527552822849204,0.32247890011775804
0.3644752463779308,0.2883745233830996
0.4311251821893611,0.3198208261233392
0.4736054671286956,0.3319411891662659
0.38765069835233257,0.2993589573685824
0.2852289070568817,0.2508510001855351
0.31131938880898835,0.27168772552924825
0.27459194409320375,0.24629971109537638
0.26398393837897316,0.24062385223834817
0.2813679404638952,0.2500937141472391
0.5615003716180347,0.3399154111495223
0.5277072615129197,0.3395329817001828
0.4292236561423152,0.3186962563564697
0.4514145616355055,0.3205856850220181
0.24177372805281802,0.235319063540085
0.26109786585071576,0.23873442357279975
