0.3117217151281328,0.20986842468819247
0.2551676547159751,0.17802178369925012
0.2665223801010006,0.18753764623316627
0.3205671089363571,0.22446825559098368
0.405947115837019,0.2629406336171883
0.5050970797653774,0.29897602245787774
0.559235908534864,0.32133443117577826
0.5956525830431919,0.3248766308762662
0.608199240927198,0.3341603992020381
0.477588532354694,0.28771945336287935
0.5993852137636837,0.32752361005962616
0.5504218813713498,0.3131503473124044
0.5554405445249522,0.318455357784274
0.5390985226310341,0.30982918971491097
0.5353345252658323,0.30783981078795986
0.6998525767698629,0.3631279667994761
0.48009786393149523,0.289929874392825
0.6458705812239265,0.34411281988936854
0.6383112198488128,0.3368129044379729
0.526583231391738,0.3054138737075945
0.536589191054233,0.30828189499394903
0.5704965339857596,0.32221307353518164
0.6433298830024152,0.34012853598289144
0.2803237037734073,0.1941689093230033
0.2903923967253223,0.20942634048220338
0.3431510931275682,0.23375202391675556
0.4461591543552586,0.2839506855068219
0.40089708603870644,0.25718801288675464
0.3946551237414134,0.25387790739441096
0.3645117781750887,0.24812528666397732
0.12323954706565038,0.11764413326628391
0.2375396003889464,0.17447405794618728
0.20109155923590852,0.15390609026254276
0.1471409303346821,0.13180187996308598
0.0993695304413287,0.1152071440807688
0.1496188952667733,0.1326805223224894
0.1973589285154167,0.15324849000613391
0.17725290925629683,0.14440127983377637
0.20237759166901914,0.1687214372157537
0.42222640444151693,0.27067158116942325
0.37699570276967476,0.24966152927978957
0.38082243342429667,0.251883002414885
0.3556663843668643,0.2383883820270666
0.4298171324613407,0.2766507700554263
0.36316301245255794,0.23970910859245917
0.4234810702299176,0.2717767916843961
0.3368463975408551,0.23330441365819155
0.31548571249333457,0.21075259310017078
0.19484959693861548,0.15125911107918277
0.27900630469558674,0.18796867833400568
0.5076377779868887,0.30472864318831133
0.24513032840877014,0.1766955310812827
0.2891063642922117,0.19593724614695984
