0.01885135347071924,0.012162841717276099
0.00379536400991186,0.004426368112466222
0.02139205169223048,0.03272528334834578
0.05028073147015463,0.06036107227524164
0.04272137009504093,0.04112488326213937
0.8656252940622943,0.41443736495709027
0.8920046422634171,0.41864269096656187
0.8618612966970923,0.4128900702361282
0.10056146294030927,0.10237565000193413
0.830463285342367,0.410010996844624
0.7638718986230043,0.3982791872281873
0.1861296697092312,0.1831002260155503
0.7274552241146764,0.39120031387978627
0.15215959348828456,0.1439591956277872
0.6898152504626579,0.38390592448096555
0.8329412502744582,0.4122158918219948
0.7123678680091591,0.3892054089002603
0.7349832188450801,0.3936317770127265
0.7676672626329162,0.4004951343107078
0.7136539004422697,0.38921093495283515
0.67344186192403,0.3799161145219136
0.6659138671936262,0.37947403031592447
0.634547222483611,0.37151651460812
0.7651265644114049,0.39938439774316015
0.6671998996267369,0.37947955636849934
0.1735830118252251,0.16320643674603919
0.2640444151689094,0.2220257403528937
0.29421912737994416,0.23684661335867951
0.8027979047081334,0.40646327109156116
0.797810608199241,0.40624775504114147
0.6985979109814623,0.3863373876139058
0.6332611900505003,0.37151098855554515
0.679715190866033,0.38124236713988097
0.6131551707913804,0.36575836782511156
0.6973118785483516,0.3863318615613309
0.7437658793638845,0.39606324014566674
0.7500705749505975,0.3965108504042308
0.23258367052476397,0.1926105624968916
0.6583858724632226,0.37704256718298423
0.5478811831498385,0.3491746840479441
0.6496032119444182,0.374611104050044
0.13575483830494653,0.12824862815744828
0.7337285530566795,0.39252656649775364
0.3381637966186757,0.2671349075215102
0.6558765408864213,0.37593735666801137
0.51020984285311,0.33590663181569513
0.12069884884413913,0.1275855018484646
0.696057212759951,0.3852266510463581
0.45497318151877303,0.31777565331756574
0.6772058592892318,0.3805792408308973
0.696057212759951,0.3843424826343798
0.5441171857846365,0.34630113670901475
0.39089112637621154,0.28924464387354193
0.47633386656629345,0.3199916004000863
0.14334556632477025,0.14373262747221777
0.24767102663028137,0.19991047794828715
0.5390985226310342,0.3436486314730799
0.7927605784009285,0.4040318079586209
0.4913898560271007,0.32684390559291787
0.7186725635958721,0.38965301915882433
0.6885292180295473,0.3839003984283907
0.2941563940905242,0.22733075082476334
0.7575985696810013,0.3969529346102199
0.6445531821461058,0.3717320306585397
0.6269878611084971,0.3701847359375778
0.3243311063015589,0.25607727631920696
0.5905711866001693,0.3593481468382691
0.7663812301998055,0.40048960825813296
0.6257331953200966,0.3690795254226049
0.47881183149838463,0.3239648322014137
0.5880932216680782,0.35846950447886566
0.5943351839653712,0.36222169417719846
0.6646592014052257,0.3783688198009516
0.6282738935416078,0.37019026199015265
0.38210846585740726,0.28416067550466684
0.6458078479345064,0.3737214095854908
0.6470938803676171,0.3737269356380657
0.5466265173614379,0.34740634722398755
0.41472977635582325,0.2958759069633789
0.5805338602929644,0.3571377258083234
0.8229039239672533,0.40978442868905457
0.5729744989178507,0.35447969451981376
0.4699978043348703,0.3195384640889474
0.7362692512781908,0.39363730306530137
0.08550547347950191,0.09198667116118943
0.5704965339857596,0.3536010521604103
0.7199272293842727,0.39075822967379714
0.5227565007371161,0.3381170528456408
0.663404535616825,0.3772636092859788
0.5277751638907185,0.3434220633175105
0.8178852608136508,0.4071319234531197
0.6068818418493773,0.36443211520714414
0.581819892726075,0.3571432518608983
0.5868071892349676,0.3584639784262908
0.7425112135754839,0.39495802963069393
0.059157491923088994,0.08955520802824918
0.5956212163984819,0.36222722022977333
0.36830714218500044,0.2808450439597483
0.4675198394027791,0.3179966954205603
0.04024340516294972,0.032730809400920644
0.5001725165459051,0.3343593370947332
0.2904551300147423,0.22358408717900544
0.24767102663028137,0.19571067799139039
0.37834446849220543,0.283055464989694
0.5114645086415106,0.3376749686396517
0.51020984285311,0.3365697581246789
0.49515385339230267,0.330380579240831
0.7274552241146764,0.39208448229176457
0.48257582886358646,0.32683837954034306
0.657162573319532,0.37594288272058624
0.5189925033719143,0.3378960107426463
0.35695241679997497,0.272434391940805
0.5667011699758476,0.3527113576958572
0.7739092249302093,0.4018158608761004
0.39340045795301287,0.29432861224241696
0.6508892443775288,0.37461663010261886
0.7613625670462031,0.39717397671321447
0.6747278943571406,0.37992164057448846
0.6244785295316959,0.3679743149076321
0.7212132618173833,0.390763755726372
0.3432138264169881,0.2711191914279873
0.33311376682036326,0.2616033288940711
0.2263417082274709,0.18841628859256965
0.4964085191807032,0.3308226634468201
0.6056271760609767,0.3633269046921713
0.542862519996236,0.3451959261940419
0.5265204981023179,0.34165372649355397
0.4436498227784574,0.3171070009560072
0.2527524230733038,0.22069948773492631
0.5742291647062513,0.3564690734467649
0.5240111665255167,0.33988538966959736
0.5579185094570434,0.3513851050778898
0.6169505348012922,0.3666480622896647
0.4348671622596531,0.31202303258713215
0.4173018412220445,0.29610800117152325
0.41855650701044517,0.3062759379092733
0.4109657789906213,0.29565486486038434
0.2954737931683448,0.2558562342162124
0.3657978106081992,0.27951879134178087
0.6458078479345064,0.3717320306585397
