0.5759017770098744,0.30088488873574876
0.521790330209168,0.28571644938868085
0.5585467321743999,0.295970102347208
0.4966843949382728,0.27776115955638186
0.384639144409803,0.24289571035323604
0.4783544560380692,0.26981344258446577
0.3885387206687195,0.2572992908016251
0.4435864518682252,0.26715536859004696
0.34986148782347665,0.22546677218185465
0.47255335373210683,0.26943101313512635
0.48319996911226726,0.2773938758278083
0.4348799722010406,0.26298272251903626
0.34214920705398605,0.2224414144588623
0.36438837462958856,0.2410100681178791
0.5372631538305614,0.2955725271771027
0.36341348056485945,0.22851106205580438
0.3334523798032838,0.21372883858826733
0.36728409957432845,0.24214599717532306
0.3266763834325924,0.20879890647896068
0.28802810783679694,0.17622046111146872
0.3508556867211707,0.2285072756256129
0.303529888707638,0.20123361895638409
0.41752492736556596,0.26109708028367934
0.5092614936149265,0.27815116186610417
0.44258260055404874,0.2641110787160973
0.4793196976863158,0.2728425867376496
0.6241928166716537,0.31263418161991047
0.575892124593392,0.29709467211407753
0.5585177749249525,0.29558010003748564
0.5189139100973928,0.2792870909235482
0.5227845291068619,0.2879996667941431
0.48317101186281985,0.275110658422346
0.2860686672908564,0.16030609501667922
0.24839528575978997,0.13681886853893016
0.26577928784471194,0.1455314444095251
