0.4286611518341914,0.13878345337061104
0.4433214607419406,0.1435796942492913
0.3387710352844601,0.12051328960050832
0.32603623481837146,0.11116344713491509
0.32333391181226434,0.10976313254649742
0.32757609063938453,0.11188002451751519
0.3665462879557932,0.12882673703862407
0.33452059247261184,0.11544133299301355
0.33452610179576386,0.11559584720607667
0.35497946399795055,0.1247032866401672
0.4575933623674664,0.14800099008801565
0.3962553130535149,0.13259784462910723
0.31099027328997497,0.10477953727797147
0.558664650254393,0.16258856511344708
0.3923987868470419,0.13104325208789105
0.5949215059183904,0.16409921324544344
0.2731797884970842,0.09476792981117056
0.26468992151969173,0.09329035811622133
0.37735007065706944,0.12919073535298586
0.4062850358519204,0.13555275175874112
0.40281691692767085,0.13269723144709178
0.4070646050779432,0.13812192462966794
0.41439200487024175,0.13872832597553245
0.4286666611573436,0.142146381977248
0.4097614187608981,0.13824312614541934
0.4853796336851036,0.15642500732997475
0.44564639511212856,0.14782481868402875
0.3299037796711485,0.11336885795174478
0.2947928632227888,0.10279495105514229
0.47496425826605077,0.15186038026404605
0.44217276686472684,0.14214661823751262
0.5247299742990075,0.16148609596529684
0.32024869084708596,0.10746983291122812
