0.5575269750234836,0.184221106216236
0.5694959795714298,0.18901758335518087
0.4703557094493156,0.17242344990231037
0.22923742703590153,0.11160446629554378
0.5625514777382026,0.18828982298672195
0.5525162456166449,0.18398964991032746
0.3804711022227365,0.15440702965641226
0.36542514069434007,0.15026129203965932
0.507775032298407,0.18120004621250776
0.5598491547320955,0.1859854191190154
0.3820192220284777,0.15573024464514146
0.4360243622269786,0.16750585000103566
0.3974480815159454,0.15827720905119377
0.28556474694301437,0.1307122514571549
0.34691106024169405,0.14595025099109213
0.37352660038950924,0.15219082962083144
0.3723668878659913,0.15169460431170262
0.3874156040559637,0.1563475927166001
0.33764437869985486,0.14146256601800888
0.4155765093479441,0.16279773420105956
0.47768310924161417,0.1748270043277368
0.4306197162147645,0.16637006815557362
0.4275344952495862,0.16504701067368752
0.4448916178402903,0.16767115343284988
0.4529985868586115,0.17119954297814413
0.39937634461918187,0.16211407574866352
0.48539616165455995,0.17617211276765435
0.4475939408463973,0.1692809521225662
0.46071163927155734,0.17239029471184164
0.34883656868335444,0.14778040175427976
0.4036212781078781,0.1624008169564937
0.42059274807793495,0.16501393423664035
0.4900267477639035,0.17622731891615448
0.41596216196859137,0.1634592629420026
0.5374757934114005,0.18366991101887162
0.5498139226105376,0.18376906157659156
0.532845207302057,0.1823578002625797
0.5062241578310898,0.1781567777439051
0.4981254527974966,0.17805754843276358
0.3723696425275673,0.15204749839362713
0.35269584955140343,0.15002967822690766
0.33842119326430153,0.143921405345357
0.3785428391195001,0.15241141795456736
0.36697050583850527,0.1510331543241811
0.33224248734921674,0.14144043630655595
0.3002195465276114,0.13365605435435152
0.2994482412863168,0.1325645319317955
0.27360125171822014,0.1254969636224558
0.3160450772820305,0.14070172921250285
0.26010065533398896,0.12376588466356657
0.2817027114133893,0.12825341212980676
0.3121830417524055,0.13845237398645335
0.2774550232631171,0.12616943908899303
0.30369317477501306,0.13513354729587923
