0.18848216806248239,0.10172910185067502
0.1608167874282488,0.0824873867849979
0.13067344186192403,0.06126181884494449
0.10799535773658292,0.042235619829687064
0.830463285342367,0.410010996844624
0.3242370063674289,0.2098628986356176
0.6872745522411468,0.3827951879134178
0.35569775101157436,0.24900392902338073
0.7663812301998055,0.40048960825813296
0.38330039835638785,0.2560772763192069
0.6973118785483516,0.3863318615613309
0.24629089426304066,0.16010079519896553
0.6671998996267369,0.37947955636849934
0.7123678680091591,0.3892054089002603
0.5365891910542329,0.3365752841772538
0.16335748564976005,0.08492437597051297
0.5039365139111069,0.31866534778211886
0.6508578777328189,0.37328485143207657
0.6810012232991436,0.38146893529545045
0.6269878611084971,0.3701847359375778
0.40092845268341654,0.27708732820884063
0.3493303221354412,0.2109681091505905
0.7199272293842727,0.39075822967379714
0.6445531821461058,0.3717320306585397
0.6772058592892318,0.3805792408308973
0.14193406731281955,0.08137112416487531
0.5554091778802421,0.33812257889821573
0.22493020921552023,0.13555959571399365
0.28151563627238796,0.1908422256729351
0.7563439038926005,0.39673189250722535
0.7274552241146764,0.39208448229176457
0.6885292180295473,0.3839003984283907
0.6182052005896929,0.36465868336271356
0.7337285530566795,0.39230552439475913
0.4737931683447821,0.3067235481678374
0.38204573256798724,0.2534247710832721
0.6169505348012924,0.3635534728477407
0.6068818418493773,0.362442736280193
0.5252971989586273,0.3286177684694493
0.6332611900505003,0.37151098855554515
0.7048398732787554,0.38677394576732005
0.6659138671936262,0.37947403031592447
0.19858222765910735,0.12273915374030869
0.696057212759951,0.3852266510463581
0.2249302092155202,0.12981250103613484
0.6646592014052257,0.3783688198009516
0.26514224773375994,0.16695862644437198
0.5240425331702266,0.3283967263664548
0.5127505410746211,0.32441796851255256
0.6194598663780935,0.3664270201866701
0.565415137542737,0.34121164228756484
0.5805338602929644,0.3571377258083234
0.45622784730717353,0.30495521134388087
0.7437658793638845,0.39606324014566674
0.5692418681973589,0.34630666276158956
0.2764969731187855,0.18730555202502194
0.6583858724632226,0.37704256718298423
0.30165302217621787,0.2063262249877045
0.5202158025156048,0.32794359005531587
0.5102412094978199,0.3233127579975797
0.6119318716476898,0.36266930443576245
0.3506477212132619,0.21805250855156635
0.48383049465198713,0.31446002177264726
0.6031492111288855,0.35802742027287654
0.7500705749505975,0.3965108504042308
0.41977980615413574,0.2890291278231222
0.575515197139362,0.35249584164543746
0.22116621185031837,0.1247285326672598
0.6985979109814623,0.3863373876139058
0.4411718578463662,0.29810290615104923
0.454973181518773,0.3003133271809949
0.598130547975283,0.3575853360668874
0.5290611963238292,0.33436486314730807
