0.14855242934663276,0.16984875194102597
0.1724224459709545,0.2074314355026774
0.24776512656441144,0.24369339249893626
0.16109908723063893,0.19991047794828723
0.1421850004704997,0.15701173180961644
0.2465418274207208,0.2403832870065926
0.2766538063423356,0.25872978155514176
0.39848185439603523,0.2996446748194363
0.444935855211568,0.3151231480816309
0.4198425394435557,0.307386674476821
0.26536181424673005,0.24900392902338073
0.2967598256014555,0.26647178121252646
0.552931212948151,0.3438751996286493
0.5114958752862206,0.33591215786827
0.32185314136946774,0.2753134653323092
0.395972522819234,0.298760506407458
0.20131112574887866,0.22246782455888287
0.2955365264577649,0.2611722967932317
0.3143251466390641,0.2677980338304939
0.3167717449264453,0.26977636065229527
0.2640757818136194,0.24899840297080586
0.6697092312035382,0.3728482932786623
0.3946864903861234,0.29764976983991037
0.4675198394027791,0.3210912848624842
0.4260845017408488,0.3082653168362244
0.2967284589567454,0.2664662551599516
0.36331984567610803,0.28969225413210586
0.3382265299080958,0.27996640160034486
0.38342586493522784,0.2965500853775123
0.15862112229854772,0.19416890932300332
0.4901351902387002,0.32817015821088524
0.22518114237320036,0.22998878211327306
0.19252846523007436,0.21517343516006215
0.23270913710360405,0.23728317151209377
0.6358018882720116,0.36687463044523416
0.542862519996236,0.34055404203115597
0.22138577836328846,0.22622554030979053
0.3582698158777956,0.2861500544316179
0.26787114582353133,0.25143539215632105
0.4662965402590885,0.32043368460607535
0.39973652018443584,0.3016340537463874
0.4511778175088611,0.31644387464702345
0.5278065305354286,0.33966987361917766
0.5742291647062513,0.34895364194494954
0.6897838838179479,0.3730693353816569
0.6081678742824881,0.35891158868485484
0.6470938803676171,0.36820088306320153
0.40851918070324017,0.3062759379092733
0.503967880555817,0.33215444211736234
0.5768012295724727,0.3525013676980124
0.4976945516138139,0.3308281894993949
0.5428938866409461,0.3434331154226602
0.3746432044164235,0.29080299069965354
0.5541858787365517,0.34520145224661675
0.6295285593300085,0.36134857787036995
0.3620651798877074,0.28880808572012756
0.4599918446723754,0.31998607434751136
0.1585897556538377,0.18930045700454795
0.1875098020764719,0.20920529837920881
0.5189925033719143,0.3372328844336625
0.3997365201844359,0.30229718005537104
0.6998525767698629,0.37705361928813397
0.4750792007778929,0.32507556876896126
0.35453718515730376,0.2857134962782036
0.27536777390922496,0.2587242555025669
0.3783444684922054,0.29344444383043866
0.4738245349894922,0.3215388951210483
0.42862519996236004,0.3120285586397069
0.4072645149148395,0.3042865589823222
0.27417584141024437,0.25343029713584697
0.2540698221511245,0.24568829747846221
0.21636711520968602,0.222909908764872
0.25529312129481513,0.2483352766618222
0.23396380289200466,0.23993567674802863
0.31683447821586525,0.2742082548173363
0.44239515699005677,0.315117622029056
0.36203381324299744,0.28769734915257994
0.2665851133904207,0.24944048717679498
0.373325805338603,0.2899077701825256
0.3318904676766727,0.277965970568244
0.2929644615915436,0.26027707627610375
0.29296446159154355,0.2591718657611309
0.3783758351369155,0.29389205408900265
0.34067312819547696,0.2830499389371191
0.5265204981023179,0.3396643475666028
0.5704338006963395,0.3480639474803964
0.48257582886358646,0.3279435900553158
0.5755151971393621,0.35028542061549184
