0.20005645996047802,0.22092052983792093
0.3620338132429974,0.2907919385945038
0.3946864903861234,0.2987549803548832
0.39845048775132524,0.30229165400279623
0.3997365201844359,0.30229718005537104
0.36331984567610803,0.2907974646470787
0.4913584893823908,0.3325854742182017
0.31683447821586525,0.2742082548173363
0.33694049747498517,0.27996087554777
0.3821398325021173,0.29654455932493745
0.5503905147266397,0.3478484314299767
0.5641918383990465,0.34851155773896036
0.3205671089363571,0.27530793927973435
0.3368777641855651,0.2786235708246529
0.3770898027038048,0.2945496543454115
0.2301684388820928,0.23550930863556238
0.4072331482701295,0.30627041185669845
0.2954737931683448,0.2664662551599516
0.29547379316834477,0.2644768762330005
0.2967598256014555,0.26647178121252646
0.2892318308710518,0.2591773918137057
0.28794579843794116,0.2591718657611308
0.2464790941313008,0.2436878664463614
0.27411310812082434,0.2560717502666321
0.23142310467049343,0.2372776454595189
0.3532511527241931,0.2857079702256287
0.3318904676766727,0.277965970568244
0.38342586493522784,0.2965500853775123
0.373325805338603,0.2910129806974984
0.34067312819547696,0.2830499389371191
0.27536777390922496,0.2587242555025669
0.35698378344468495,0.28680765468802677
0.33317650010978334,0.2779714966208189
0.4411718578463662,0.3142389796696526
0.04287820331859101,0.08248738678499788
0.061760923434020266,0.11609683854532192
0.41855650701044506,0.3080442747332298
0.37335717198331303,0.2914605909560624
0.31557981242746463,0.2722188758903852
0.5654778708321572,0.3494012522035135
0.5239797998808068,0.33899569520504425
0.32185314136946774,0.2753134653323092
0.35453718515730376,0.2857134962782036
0.3746432044164235,0.2914661170086372
0.3382265299080958,0.27996640160034486
0.4198425394435557,0.3080498007858047
0.28920046422634177,0.2591718657611309
0.4562278473071736,0.32109128486248417
0.04921426555001412,0.10062389133570218
0.14475706533672095,0.19305264670288075
0.11586838555879678,0.17801625764667525
0.13597440481791664,0.18575825730405998
0.1824284056334494,0.2144992567459287
0.11207302154888492,0.17160051060725792
0.13722907060631725,0.18841076253999484
0.4185251403657351,0.30649145395969307
0.5905711866001694,0.3571377258083234
0.4235751701640475,0.31003365366018093
0.3181205106489759,0.27421378086991116
0.3419591606285876,0.283055464989694
0.39719582196292463,0.3003022750758451
0.36077914745459677,0.2888025596675527
0.42862519996236004,0.3120285586397069
0.4888805244502996,0.3290543266228635
0.43486716225965305,0.3133492852050995
0.4549731815187729,0.3191019059355331
0.5026818481227063,0.3341382949917386
0.5077005112763088,0.33568558971270057
0.3858724632226091,0.2985284121993137
0.23267777045889404,0.23993015069545376
0.23396380289200466,0.23993567674802863
0.22013111257488788,0.23020429816369276
0.14977572849032342,0.19703140455678295
0.09701703208807753,0.16585341592939915
0.08688560584674258,0.14660617481114716
0.07308428217433581,0.13842761700034814
0.11335905398199556,0.1716060366598328
0.07057495059753459,0.1311332276015274
0.1485210627019228,0.195484109835821
0.22888240644898217,0.23550378258298751
0.2088077538345723,0.22511480374224282
0.4712838367679809,0.3248490006133919
0.2628211160252188,0.2489984029708059
0.2527837897180139,0.2476721503528385
0.3105297826291522,0.2675714656749245
0.5742291647062514,0.3564690734467648
0.43988582541325555,0.3142334536170777
0.43358112982654246,0.3133437591525246
0.42228913773093696,0.3100281276076061
0.5240111665255168,0.3398853896695973
0.5127191744299112,0.3365697581246789
0.5026504814779963,0.3328065163211963
0.46999780433487026,0.324843474560817
0.45494181487406293,0.3179911693679854
0.14472569869201093,0.18906836279640368
0.22511840908378034,0.23329336155304187
0.2916784291584329,0.2620398870474854
0.2703177441109125,0.2516453821541658
0.2075217214014617,0.22510927768966796
0.18371443806656002,0.21450478279850357
0.17995044070135816,0.21207331966556334
0.2050751231140805,0.22489928769182316
0.27285844233242373,0.25430341344267554
0.25149775728490326,0.24390890854935596
0.29293309494683356,0.26203988704748543
0.2942191273799442,0.2620454131000603
0.04541890154010225,0.09420814429628485
0.1987704275273674,0.22091500378534606
0.25278378971801385,0.24568277142588735
0.20378909068096987,0.2248937616392483
0.19497506351745553,0.2164886356728798
0.19124243279696373,0.2151679091074873
0.16232238637432955,0.19902078348373411
0.16988174774944326,0.20587861472914054
0.05674226028041781,0.11034974386746317
0.08064364354944951,0.13953835356789585
0.06684231987704276,0.1247285326672598
0.06555628744393213,0.12472300661468494
0.0630469558671309,0.11610236459789679
0.039114205953389165,0.0796138394460685
0.395972522819234,0.298760506407458
0.3783758351369155,0.2945551803979864
0.4059784824817289,0.30428103292974734
0.33189046767667263,0.2759765916412929
0.308020451052351,0.26668729726294615
0.2766538063423356,0.25872978155514176
0.17113641353784387,0.20742590945010253
0.1635770521627302,0.2023364150286526
0.21131708541137356,0.22953564580213418
0.19372039772905492,0.2158255093638961
0.22135441171857848,0.2308618984201016
0.2540070888617045,0.24832975060924734
0.1975157617389668,0.2182624985494112
0.2238951099400897,0.232635761296633
0.26787114582353133,0.25143539215632105
0.24776512656441144,0.24369339249893626
0.26410714845832944,0.24900392902338075
0.4436498227784574,0.3177701272649908
0.5667011699758477,0.35271135769585715
0.2502117248517926,0.2439033824967811
0.25529312129481513,0.2483352766618222
0.29296446159154355,0.26204541310006024
0.38715849565571975,0.29853393825188856
0.2665851133904207,0.2514298661037462
0.3406731281954769,0.28106056001016794
0.16734104952793202,0.2029995413376363
0.13851510303942788,0.1884162885925697
0.2226404441516891,0.23086742447267647
0.20253442489256926,0.22224125640331344
0.08443900755936137,0.14595410060731318
0.19626109595056615,0.21649416172545466
0.24400112919920955,0.24126192936599603
0.1171544179919074,0.17802178369925012
0.16740378281735205,0.20345267764877517
0.16106772058592894,0.19835765717475037
0.31307048085066347,0.2702294969634342
0.40851918070324017,0.3062759379092733
0.44493585521156803,0.3177756533175657
0.22640444151689096,0.23329888760561673
0.30930648348546164,0.266692823315521
0.19252846523007436,0.21517343516006215
0.02656754806938302,0.07165632373826405
0.037828173520278535,0.07960831339349363
0.5403218217747248,0.343643105420505
0.085725039992472,0.14595962665988804
0.08064364354944953,0.14152773249484696
0.10708572503999247,0.16895353142389796
0.37708980270380477,0.29256027541846036
0.29042376337003234,0.25982946601753976
0.21260311784448419,0.22954117185470904
0.3117844484175528,0.2702239709108593
0.2715724098993131,0.2542978873901007
0.24271509676609893,0.24125640331342116
0.07186098303064521,0.1364437641259719
0.14604309776983154,0.19305817275545561
0.12966970923120358,0.1833212681185449
0.17740974247984692,0.21052049889202648
0.3519964869357925,0.2837185912986776
0.26529908095731003,0.2496560032272147
0.16486308459584076,0.20234194108122747
0.4763338665662935,0.32684390559291787
0.5127505410746214,0.3383436210012103
0.47504783413318286,0.326838379540343
0.6006085129073744,0.3600112731472528
0.46375584203757725,0.32352274799542446
0.48006649728678524,0.3286067163642995
0.5277751638907187,0.34342206331751046
0.4650418744706879,0.32352827404799933
0.08694833913616262,0.1479434795342643
0.15106176092343404,0.19703693060935784
0.1724224459709545,0.2074314355026774
0.3582698158777956,0.28681318074060164
0.09322166807816568,0.15943766888998182
0.10579969260688184,0.1689480053713231
0.08067501019415954,0.14396472168036206
0.06806561902073335,0.1278175960566089
0.5516765471597503,0.34785395748255155
0.5465951507167278,0.3449693580384724
0.1271917442991123,0.1808953310381795
0.19375176437376493,0.215831035416471
0.08945767071296384,0.15302744790313935
0.1259057118660017,0.18088980498560464
0.13092437501960416,0.18486856283950684
0.09074370314607447,0.15303297395571422
0.17866440826824753,0.21206779361298847
0.4423951569900567,0.3157807483380397
