0.5362979121823148,0.29405795510051075
0.4764046679086109,0.2804078742602262
0.5025144544936826,0.289135595851587
0.5343577764693392,0.29405416867031925
0.49283308076176874,0.283065948254645
0.5005453615312593,0.2838194478627495
0.420401347477341,0.26184679346159234
0.4252565129680215,0.275489301441494
0.3885387206687195,0.25767793382077314
0.41073927857839215,0.25919250589736503
0.4242623140703275,0.2622254364807403
0.45807472900840723,0.27738251653723384
0.5614134998696924,0.29520145701833767
0.6116446752444474,0.305061321236951
0.6029478479937452,0.3035429627301676
0.36243858650013033,0.23759470808516436
0.28126176388258806,0.18076039091105292
0.2609916892694086,0.17621667468127722
0.28900300190152606,0.18834082415439546
0.4252275557185741,0.26336136553818423
0.3846777540757329,0.25199828853355344
0.29287362091099506,0.19818932908243436
0.3324967905715196,0.22509191559289812
0.510246040096138,0.2910325973775184
0.4957577629559561,0.2834559505643674
0.4793390025192808,0.28193759205758395
0.46966728120384943,0.2789008750440172
0.5256995588845668,0.2914150268268579
0.28799915058734954,0.18302467616555781
0.3122074111253753,0.21523962423466778
0.29770948156871074,0.2084164770296212
0.3508653391376531,0.2326761352664321
0.3305663072750264,0.21751905520993858
0.2996592696981689,0.21372505215807586
0.37211030781556165,0.24555378434765485
0.3237999633208174,0.21637933972230317
0.32283472167257077,0.21524341066485925
0.5710659163521588,0.29823060117152145
0.6019729539290161,0.3024032472425322
