0.37053158188537394,0.16209917997039158
0.39091724903017927,0.17050855338631773
0.41692045703464503,0.1773906822291346
0.39259191215437994,0.17085538218955149
0.2766444555931629,0.1303417488774344
0.610884603698391,0.22356737108667396
0.43048734816740974,0.18449059995938238
0.5141922400209157,0.2032237111117524
0.5220991937592301,0.2043992266316607
0.32980971021968475,0.14724434443094758
0.48083323323040394,0.1966459422391202
0.3156845980455197,0.144108728924161
0.4033606319910119,0.1756053578244197
0.3948671928547707,0.17255522445594973
0.677065594505409,0.2314981534224707
0.5283385504624755,0.20827750224458672
0.3982518495488302,0.17381785553083046
0.3546964761413501,0.1571330488647482
0.5735827191724195,0.2228274333416274
0.5091046558461287,0.2023525555620287
0.5600016958613916,0.21341786446017483
0.5656616332558418,0.21542206669675784
0.6137322376184453,0.22561622004518028
0.5503918146423498,0.21219824669056173
0.570176864210965,0.2195595110857266
0.6499247461507479,0.22971174007331863
0.2975812776902368,0.13744330002433788
0.27154980532924444,0.12306705556502331
0.42654447043195,0.1842739000163886
0.3224680436119021,0.14432651781159192
0.386946106938193,0.17002832888953257
0.2760862345517626,0.1252460333837696
0.49156662262137774,0.20113184884797847
0.4729192134029579,0.1956876711344242
0.37845973389108334,0.16623825777601609
0.367153991280446,0.16157757558499455
0.43729199200118707,0.18540694670324795
0.3088728881226108,0.13870538662700005
0.36825630118498315,0.1620109754709821
0.23252379505515083,0.0967129667692271
0.4615993386140573,0.19233263332355097
0.5498335936009496,0.21132763561305665
0.29190014202839154,0.13129947550991183
0.451417104175352,0.1865389044456701
0.3105899477816013,0.14393395334199768
0.46612870174744375,0.1949902022224267
0.33774492831452574,0.15399743335796165
0.5549141116866048,0.21337430668268867
0.4576281965220709,0.18906471106765013
0.3586605521442048,0.16144581330809887
0.25629411889401565,0.11522720008972903
0.5328608475067304,0.20941000445922747
0.2410031020131288,0.10816866224809313
0.23081380148529193,0.0950131245028288
0.3269974067452887,0.1450239867235894
0.2579687820182164,0.1174470133248686
0.2409889698348655,0.09775726448445832
0.2540117721044933,0.11522556667307329
0.21555104896093158,0.09178984896885128
0.3360208025664036,0.14781005106604936
