0.589473074584222,0.30923775373815315
0.6087682551326723,0.30999125334625766
0.4590399706566539,0.2732174433266061
0.29770948156871074,0.1921348272062582
0.29576934585573506,0.19137375473777074
0.3112421694771287,0.2046376196985244
0.3344272738680129,0.22206277143971428
0.4261831449503384,0.2709304394909523
0.4174959701161186,0.2663867232611765
0.4174863176996361,0.2599460055054695
0.4416366637387671,0.27244879799773564
0.3981621799017384,0.25425878735786683
0.4116852153936738,0.259942219075278
0.3933359716605052,0.25122964320468305
0.3585679674906613,0.23380449146349308
0.3740311386955724,0.24100628168768767
0.3431144487022326,0.23190748993756174
0.3740118338626075,0.23721227863582492
0.4020521037441724,0.25464878966758925
0.40877983803245144,0.2569092884919027
0.40974507968069807,0.25880250358764256
0.43102865802453655,0.2716952983896312
0.3856236908910146,0.2466897134050988
0.2599974903717146,0.1625741667013756
0.24260383587031012,0.15007137420910938
0.2251812241194583,0.13907179450286064
0.24645515004681423,0.1587763772193214
0.3334330749703188,0.21637176686192022
0.37111610891786756,0.23645499259752895
0.35663748419416796,0.2326685624060492
0.31410893717242117,0.21030590569516963
0.3421299022210211,0.22697755782825507
0.338278588044517,0.22546677218185462
0.3054024575052364,0.19818175622205142
0.288008803003832,0.18189253353830534
0.45905927548961883,0.2845843067614284
0.5218385922915802,0.2978519581523735
0.45711913977664304,0.2724639437185016
0.48320962152874974,0.28686373773669915
0.262902867732937,0.17772367389748617
0.5344060385517515,0.2982381740319044
0.5160471424021004,0.2936868849417458
0.538267005144738,0.3077042495106039
0.4967230046042027,0.29254338302391886
0.5710948736016063,0.3084653219790913
0.36438837462958856,0.23608770886895541
0.3267053406820398,0.2114607669035709
