0.33336363461067,0.10657684786437653
0.4078193823497814,0.12524369261878043
0.8561212712212238,0.23418038675962838
0.36037309136386053,0.11399738900906221
0.35881946223496725,0.10812049367999854
0.7905300244338479,0.21839103452148365
0.056732255158792474,0.025767725761055345
0.12772263863523048,0.04706981750705887
0.5389991212629573,0.1614750704862812
0.7619917305059487,0.21333033965326925
0.9124430818051847,0.24717989903968873
0.5725564085824235,0.1663374642390558
0.6250327116062155,0.18349389712172795
0.33644610091427224,0.10684138060733221
0.6933180174149703,0.2039468694766781
0.6516482517540308,0.18696708051852204
0.15318673024425586,0.054854120705841725
0.026246415496624164,0.013517867300642212
0.8449290812377244,0.23301144972369767
0.005021748053142931,0.005711434390406385
0.21800116246718504,0.07799730994062701
0.9004878505651187,0.2465293957777614
0.31909173298514415,0.0995425134989271
0.8433892254167114,0.23195308249161034
0.7893758212334823,0.21764138070183645
0.2010214285124001,0.06913250979830382
0.1940769266791728,0.06802988314331053
0.06830458843978723,0.02969287504407239
0.01968205696089207,0.008964108206886184
0.8079009203324324,0.2257896034615595
0.4159318606912548,0.12843044982143056
0.5463237663936799,0.16247831032328997
0.2916938689497302,0.09797642295816596
0.39895212673646974,0.12421840182374025
0.8626801204338039,0.2349301980861187
0.450274226559896,0.14719636638013292
0.16283080042201417,0.06294690105680004
0.8279576112676678,0.22988013492981227
0.27124326140911964,0.08814138066245963
0.4417816049209276,0.13904830112725286
0.7156941333972413,0.20545759636209604
0.0007768145644466849,0.004674960609507381
0.022001482007927915,0.012106527233208807
0.8538046008357641,0.23394877294687674
0.38351775792585,0.12231075769375649
0.7604408560386311,0.21293318614843884
0.0015508744673173177,0.0049396508593061465
0.2592797661843254,0.08033510525906686
0.8966230603739176,0.2415566684814081
0.718005294459549,0.2085887536491383
0.11112580263951673,0.0405423401626463
0.7947804672456964,0.2234960675660256
0.5424644855256309,0.16214746719939685
0.8981711801796591,0.2432547497566717
0.886596092237088,0.24110462384176368
0.4093647474939467,0.12716220472093687
0.7519564983843907,0.2116873070196627
0.8048101900441019,0.22427895532956305
0.6605237713520704,0.1945748185462103
0.015048716189972482,0.007773198966345592
0.382355290740756,0.11847373348944362
0.14624498307260464,0.051954419724707976
0.8626856297569561,0.24048719701688354
0.2708576087884723,0.08698370536580925
0.9328909346842192,0.25078546693809306
0.12617176416791318,0.04213016664775273
0.8464772010434658,0.23332032064298086
0.09917057139945075,0.03919723172272873
0.7430864881095032,0.2097137462758493
0.053250362926662645,0.022195155546276654
0.9078152503574173,0.24686016014823295
0.13504728376595293,0.04912047785056082
0.8985540781387299,0.2436405627688003
0.7654626040917742,0.21706797703959754
0.3267882574286336,0.10088714941831542
0.5035135708402546,0.15827752406487997
0.9263320854716394,0.24970489124113118
0.5702369835353878,0.16407708353399056
0.6068987744510649,0.18233598556481292
0.9332765873048666,0.25213057537801065
0.04823412419667182,0.01933947772778423
0.2635164356882935,0.08320157229631038
0.6863735155817432,0.19564460502442116
0.4961723977400757,0.152235167797159
0.41978563223615173,0.13410849276110365
0.837604436107002,0.23060797405169278
0.9193903382999881,0.24935207591262823
0.9143713449084212,0.24861321131173206
0.8302742816531273,0.2304535385920512
0.8927692888290207,0.2415016198397511
0.27934196644271264,0.08850522146997829
0.5737188757675177,0.16749529704254923
0.00038840728222334247,0.002194149077549361
0.005795807956013564,0.006207659699535222
0.08373620258883094,0.03539320520204151
0.28128124819225325,0.09580440359206957
0.574107283049741,0.1692263760014384
0.7974827902518037,0.22349614631944717
0.5798975816826025,0.1769333433402682
0.01775103919607957,0.008004812779097205
0.03588773101280642,0.015381173254298504
0.03858729935733746,0.01754216714137917
0.07987967638235807,0.03089480976362869
0.8518763377325277,0.23344160091215374
0.7673881125334345,0.21761917223696192
0.6038163081474625,0.1820494018638258
0.01080929202442834,0.007288156643075554
0.648182887491357,0.18573238437560477
0.8136884643037178,0.22878861250725624
0.36962049027466737,0.11429484068222198
