0.4281908691996242,0.1625783155227396
0.7969841931586121,0.2682669068152132
0.946848877551741,0.30446832015619824
0.1041046911765745,0.04726726671134968
0.5673292302909109,0.19703850670871442
0.8224362462108094,0.2760212801521909
0.7059305686081923,0.24487311347182164
0.9202733163276118,0.3000684401578752
0.915185732152825,0.29967642016049956
0.9072646462362471,0.29845625791866787
0.7121487270440429,0.24665898234875516
0.13861547049554485,0.058812255634062394
0.6278714819708735,0.22404868452789634
0.06053518559083104,0.030712044433288815
7.066089131648307e-06,0.002701126676361902
0.32695501021049883,0.1262908755712194
0.40502822902608104,0.15556660229190133
0.8541064576988571,0.2825124779420693
0.2822619964528233,0.11335149329673028
0.7296867602687939,0.25345508458103677
0.031133188714042435,0.020780326694220592
0.07525384925205446,0.03968658001209817
0.576387956557684,0.20348614672110663
0.08770429830201877,0.04190911560833064
0.8552370319599206,0.28338363349179296
0.6753838652920765,0.2368132912202221
0.0017099935698588903,0.0057942733500994485
0.48872605479045517,0.18288005113683076
0.06110753881049455,0.03485057776669474
0.587156676394316,0.20923795123815705
0.1261508892673172,0.05881007774518809
0.4429024667717159,0.16523642889383391
0.007362864875177535,0.008407739999270407
0.8546717448293888,0.2825124779420693
0.1827431971226885,0.08390425782719649
0.8082970018583809,0.27388640458314933
0.09277775029854227,0.04356322220836843
0.007369930964309183,0.009932806683505376
0.8422212957794246,0.28246783122014596
0.9259261876329303,0.30102671126257124
0.93441256068004,0.3034229334965298
0.7443912917517538,0.26486776675463525
0.14312363536153647,0.05920318668700087
0.3043435249892241,0.12032346005561236
0.6397637099794374,0.23023552234758998
0.06789098437687692,0.035416828874015115
0.5396301608948496,0.19429436672708492
0.8156457345552952,0.27493179124281775
0.8382642858657016,0.2778071490291244
0.03339433723616989,0.021259462246568602
0.39314306710664854,0.1533005089181827
0.7421301432296264,0.25750650235947037
0.8263932561245323,0.27654397348202503
0.14652949032299095,0.06521524892453125
0.8591940418736439,0.28381921126665477
0.532832583150204,0.1887614400419026
0.8806749528338546,0.29091912899690253
0.8676804149207535,0.29039698013928694
0.8620204775263032,0.2864326779158257
0.6561499706757299,0.2306705556502332
0.16235752997788314,0.07140045332756918
0.14937005815391355,0.07048682894479649
0.45534584973254866,0.1706816955518253
0.5582987683806644,0.1969524800981792
0.5226291504441039,0.184882619956758
0.1074964139597657,0.057067766645740786
0.5040170716713421,0.18310001791313596
0.3484571194381046,0.13395867782544327
0.9021629298831971,0.2943607378905295
0.42481327859469636,0.15939968671068544
0.5384854544555224,0.18902278670681966
0.9219691777192074,0.30067824904268176
0.001702927480727242,0.003441608893627007
0.5107793189703296,0.18318550005145262
0.004536429222518213,0.006621871122336919
0.2726450491446499,0.11213133105489856
0.884646094925841,0.29418705125280337
0.876732075098395,0.29083310238636734
0.012457515139095965,0.011631560005466501
0.6046805774408037,0.21716546674064233
0.6035500031797403,0.213506613431803
0.17480797902784745,0.07950328888443632
0.5215339066286984,0.18344793566080683
0.9044382105835879,0.29636548459933104
0.6148698779686406,0.21964934900179184
0.33544138325760847,0.13077787112451483
0.7200627468714887,0.24700744456864462
0.5894178249164436,0.21328882454437206
0.3507535984058902,0.147028733432391
0.22061743486832344,0.09126552222236135
0.23818373244960112,0.10703670450567095
0.29753181506631526,0.11709800663276053
0.21609513782406847,0.08804224668838384
0.4728838829572997,0.1728606733705716
0.30830053490294723,0.12598597112881613
0.5718585934242973,0.2013948289295513
0.4180368991174456,0.15778859341591522
0.21384812148020438,0.08477650232135729
0.4485694702552979,0.16828656226230385
0.7834102359367155,0.2680050156780775
0.5763950226468157,0.20596948451003766
0.05827403706870358,0.028490597781493494
0.014732795839486718,0.01777429557545541
0.47573151687735404,0.1777407778656798
0.6340967064958556,0.22722894675660624
0.6046664452625405,0.2149429311444098
0.731954974880053,0.2547188046003546
0.037351347149892945,0.0275317822045789
0.808297001858381,0.27157784237638166
0.14652242423385928,0.06225277558325225
0.6917771920775005,0.24256291784839823
0.3439136241264548,0.13095155776224093
0.6210809703153595,0.22056351785678316
