0.24440895697458329,0.11601015114004316
0.31569873022378303,0.15970350220865154
0.4480395135704242,0.20265637105999482
0.46613576783657545,0.20635932661853895
0.30664707004614156,0.15582631554016274
0.48592788349432237,0.21136901550166853
0.4039259191215438,0.19002298217234617
0.24215487454158743,0.10973837565425142
0.5453183626458263,0.2243083977761577
0.45030772818168324,0.2029618199746167
0.5091187880243921,0.21746819329417127
0.46444697253411155,0.2061856399808128
0.48707258993364944,0.214070686650249
0.4186304506045039,0.19363882217591788
0.4797167911476035,0.20997571109432925
0.3767709385886193,0.17961103993649274
0.3835614502441334,0.18305264883011976
0.40109948346888447,0.18767086218809229
0.42712388974074517,0.19938953774853113
0.45822174800912935,0.20387653330182653
0.4124122921686534,0.1930725710685975
0.3716904205029642,0.1772159066469713
0.3253156775319564,0.16645550219122845
0.2964577695183047,0.15033694663246658
0.2710198486443708,0.1419302955776333
0.29759540986850014,0.15482394218576195
0.349071869192558,0.17277246887116207
0.24668423767497405,0.12912213110782128
0.31343051561252394,0.15756862663961002
0.3490648031034263,0.17203144218167843
0.3139958027430558,0.15900603329665403
0.3230474629206973,0.16153292886307125
0.37282099476402797,0.17752081108937456
0.267621059772048,0.13787887779919974
0.3779156450279464,0.18057039998562593
0.29703012273796814,0.15212335998161863
0.2975954098685001,0.152689611088939
0.41240522607952174,0.19167817771682108
0.46386755322531636,0.20461647104687303
0.5554864649062683,0.22757468661540275
0.4712233520113623,0.20853721549284807
0.4847973092332587,0.21032362884200015
0.5526670953427406,0.2257458044332017
0.520431596724161,0.2188190288684615
0.3530288791062811,0.1757343977402225
0.3388896347538528,0.17002778441731398
0.5266497551600114,0.2233054799495383
0.4203333780852312,0.19612215996484889
0.4520035895732789,0.20383297552434035
0.44690187322022884,0.2025251532553177
0.4627440450533843,0.20426855329920218
0.33210618918747037,0.1682419155403805
0.463874619314448,0.20609797995362186
0.3863949519859243,0.18719118216352568
0.3694222058917051,0.17647487995748762
0.3637693345863865,0.17630064884754287
0.40278827877134843,0.1894561865928072
0.3756474304166873,0.17904533330139094
0.40052713024922093,0.1874089710509566
0.4010994834688845,0.18784509329803703
0.43842963235138244,0.2020030043977021
0.2845796736880039,0.14693889551632572
0.25235124115855595,0.1370942933322299
0.3207933804877015,0.1608365488955109
0.3739515690250917,0.1788711021914462
0.3790462192890101,0.18196424886518378
0.3247574564905562,0.16501864000640298
