0.19690660321237358,0.36143405303247234
0.24449732302201072,0.3705973311952351
0.14812611540749554,0.3429929557299124
0.5562165377751339,0.5014031269686731
0.49672813801308746,0.49567607811694625
0.4128494943486021,0.46011110474772343
0.47233789411064847,0.4784376610732489
0.29268292682926833,0.416470992497566
0.12373587150505652,0.2661932306282573
0.31766805472932774,0.4326212702594353
0.13622843545508626,0.3051944333085161
0.2682926829268293,0.3923601168317965
0.2926829268292683,0.40501689479411257
0.11124330755502677,0.22833743771834378
0.43664485425342064,0.46125651451806876
0.6044021415823915,0.5048966267682263
0.6650803093396787,0.5485367390183838
0.32897085068411663,0.4577630147185155
0.049970255800118976,0.1330966153141286
0.02617489589530042,0.12622415669205658
0.06365258774538965,0.22604661817765306
0.11183819155264724,0.25932077200618525
