0.248957059063392,0.22489376163924826
0.23136037138107338,0.21074154099502107
0.26906307832251186,0.23064638236968188
0.20877638718986227,0.20322610949320574
0.23891973275618703,0.2171572880344384
0.26028041780370753,0.22755179292775793
0.2088077538345723,0.20919977232663392
0.18365170477714,0.19150535198191876
0.16734104952793202,0.19106326777592963
0.15724098993130706,0.16916904747431769
0.1597503215081083,0.1793369842120678
0.1924657319406543,0.19991047794828723
0.5328251936890313,0.3259652632335145
0.5052225463442177,0.3235338001005742
0.23641040117938583,0.21627311962246012
0.24895705906339197,0.22135708799133516
0.5014271823343057,0.319107431988108
0.48637119287349834,0.31623388464917856
0.35698378344468495,0.2737661706113472
0.3117844484175528,0.25718248683417977
0.36705247639659994,0.2828344228866994
0.3482011229258807,0.2706715811694233
0.38587246322260915,0.28880255966755275
0.31049841598444217,0.2571769607816049
0.3356544650418746,0.26205093915263517
0.30300178789874854,0.25408789739225585
0.2791317712744268,0.241261929365996
0.08309024183683071,0.11543371223633822
0.06423888836611148,0.09354501798730114
0.07308428217433582,0.1063765120661358
0.08936357077883379,0.12294914373815355
0.10194159530754995,0.13312260652847852
0.2854051002164299,0.24855631876481676
0.2715724098993131,0.2346251402235841
0.44744518678836925,0.310481263918745
0.3959411561745241,0.29787081194290493
0.4424265236347668,0.30716563237382644
0.4160471754336439,0.30362343267333847
0.41102851228004145,0.29898154851045255
0.4273391675292494,0.3047286431883113
0.4738245349894922,0.31402346361923295
0.2829271352843387,0.24414100275750025
0.3607791474545969,0.27819253872381344
0.35701515008939505,0.2757610755908732
0.3381951632633858,0.26979293881001987
0.3155798124274647,0.26160885494664604
0.13967566889369848,0.16209570017849148
0.1446629654025909,0.164963721464846
0.11706031805777736,0.15766933206602526
