0.6131551707913805,0.3427699891136765
0.624447162886986,0.3478539574825515
0.216304381920266,0.1884162885925697
0.1861296697092312,0.1813318891915938
0.2238637432953797,0.2244516774332591
0.37329443869389295,0.26956637065445044
0.10191022866283994,0.08846657567100094
0.2992691571782567,0.24083089726515658
0.4738245349894922,0.31999160040008623
0.461246510460776,0.3062814639618482
0.34823248957059066,0.2554252021153729
0.40353188419434777,0.2936820640911578
0.6684545654151376,0.3648907775708579
0.3205671089363571,0.25010913953835356
0.3104984159844422,0.24170401357198515
0.4298171324613406,0.2961024751189483
0.5767384962830526,0.34188029464912334
0.14215363382578966,0.13711241648753048
0.35074182114739194,0.26360375992617197
0.21627301527555598,0.18266366786213603
0.4524324832972617,0.3014130116433928
0.5089551770647094,0.32573869507794506
0.5805338602929645,0.3425489470106819
0.3833317650010979,0.28747078099701046
0.248988425708102,0.23351992970861127
0.4587371788839748,0.304292085034897
0.5554091778802421,0.3301650631904113
0.5089238104199993,0.325291084819381
0.3557604843009944,0.2691298125010362
0.3293184028104514,0.2549665397516592
0.38088516671371664,0.28416620155724165
0.281578369561808,0.23793524571592775
