0.3854763223064231,0.1505809521776936
0.3893356031744721,0.15330432424799742
0.4094005580944354,0.1602617165206014
0.37622065941088817,0.1503383916393478
0.3148578181427521,0.11549661789493523
0.34264684412196544,0.1357069509581181
0.34958859129361664,0.13844126975401608
0.3164031832869173,0.11925638499271649
0.32567537415190856,0.1254201002830319
0.32219348191977876,0.11952115399593681
0.4229011544786666,0.1626102223043708
0.2886196666308561,0.10705070720178776
0.293641414683999,0.11238727530565976
0.28090661421791036,0.10264051559550069
0.29364692400715114,0.11530918475166801
0.37120442068089726,0.14983114085120322
0.39165502822150794,0.15645776875333572
0.36811369039256686,0.1455089955701988
0.34650887965159044,0.13673247801342292
0.3507565678018627,0.14441739439422122
0.33107726550254674,0.135398237545678
0.3472774302313089,0.13800032934680892
0.5652482914211575,0.19331736266446767
0.42753174058801013,0.16578563901431906
0.451064814432223,0.1705929841254366
0.42289839981709054,0.16189348741492762
0.4182650590461709,0.16087898583863852
0.40630982780610486,0.15664520189660297
0.43061696155318846,0.1671197219752209
0.46418251285738293,0.17355899548750772
0.49311747805223394,0.18168508853577783
0.4691959969257977,0.1736692502776649
0.46417975819580687,0.1728312351190488
0.4518361196735176,0.17172860846405552
0.4371730561041924,0.16727407868144092
0.44604857570223216,0.17026214100154355
0.4580093162654502,0.17278713320298597
0.43717856542734446,0.16833268217379294
0.4391068285305809,0.16969984157174192
0.42367521438153727,0.16418694455704
0.45492684996184796,0.17237926923282593
0.5093176427809961,0.18383513569726434
0.5247465022684639,0.18636004914528523
0.5502105938774892,0.19320718662773206
0.5324623093429857,0.18865342753397601
0.5274460706129949,0.18865334878055448
0.5085435828781255,0.18262225425211384
0.5181904077174599,0.18525750124371346
0.5490508813539713,0.19212661093077013
0.5328479619636329,0.18870855492905464
0.547505516209806,0.19051681224105385
0.5108602532635854,0.1842430784208459
0.5386327512733423,0.18895111546740043
0.5502078392159132,0.19225891667895878
0.5394040565146369,0.1894913639391706
0.49234341814936333,0.17965632164346423
0.48732993408094855,0.17930350631496128
0.45107032375537504,0.17100108435586123
0.47807151652383756,0.1769219240941447
0.469584404208021,0.175091615824114
0.47729745662096684,0.17525699800934977
