0.2959635943926109,0.11764666505642173
0.37004195349580327,0.1426423710261122
0.4495084306417535,0.15851969083611803
0.5980287641761771,0.18070421467048664
0.45684684908035633,0.16388941413045868
0.3291490023993102,0.13542028850370944
0.4996625539569336,0.1685644534933876
0.5555959572586711,0.17948007148605583
0.30368766545186093,0.12226665577769359
0.27976067500227264,0.1110201946611323
0.3665710799099777,0.13950010950663266
0.2832343032496743,0.1152871337936366
0.4201988314725595,0.15749432128765625
0.32104203338098897,0.12730529968787657
0.29287837342743256,0.1175143593082331
0.23463105440181148,0.11093175456874195
0.3063817244732398,0.12716181095382917
0.4032163428561984,0.14963276098234182
0.3796942876582898,0.14897131099482033
0.5062241578310898,0.17415452886119953
0.36579426534553106,0.13909200927620807
0.41826781370774696,0.15501350975569825
0.3399527851005864,0.1380114335792462
0.4715044033265294,0.16790276724560146
0.5008195118188755,0.1688731669058277
0.3700502174805315,0.14650152494187804
0.4086292528531407,0.15274233983188193
