0.4792339837089315,0.17890666782381698
0.43758074601744806,0.17381281776513388
0.4109652058696329,0.1722139658010117
0.3731574757383182,0.16546597887628478
0.33265293192404843,0.15800141456895772
0.2354299062588666,0.12796690718224119
0.21767611240121093,0.12138430244275
0.257031962338267,0.1345713266194992
0.25587224981474904,0.1340309993943075
0.279410832982114,0.1435243305939481
0.22616597937860344,0.1216931733620332
0.3577258615892745,0.16248894203519793
0.32879640571757557,0.15799038908994203
0.37740240922701446,0.16710885400304828
0.3828070552392286,0.16798002435213308
0.3399885957010752,0.16011854280024015
0.3330413392062718,0.15903788834985674
0.26089399786789197,0.13719554813208307
0.29137157354533216,0.14785750135396822
0.36814399166990347,0.16465009342912168
0.3581170235330739,0.16383420798195855
0.3249398795111027,0.15752731897128186
0.31027681594177753,0.15271997386016437
0.44567669638946517,0.17403324859202665
0.2975475247988409,0.1490373851154931
0.39206271813476357,0.17164048338535132
0.3168384198159335,0.15557573043207834
0.3507813597560472,0.16240065944965063
0.27517416347814594,0.14202502295465355
0.28597243685627005,0.14604932279539054
0.2601199379650213,0.1359826666869326
0.2585745728208561,0.13574002739516525
0.27864228240239547,0.14227853021859352
0.30950551070048293,0.15215767443036274
0.23928918712691555,0.13344664900647443
0.3075772475972465,0.15096692269666523
0.3037179667291975,0.1506691560098193
0.2909859209246849,0.14673290249436502
0.2616680577707626,0.14107659549903726
0.2709237206662976,0.14157274205474454
