0.4795810710675139,0.14815550430107874
0.4672401872068008,0.14664501367592545
0.46917120497161324,0.14774764033091875
0.5146919875158739,0.1575827613800466
0.4876935494089874,0.1574503768784365
0.330672330250867,0.1191240792445279
0.3592243974866468,0.12514438455421747
0.3507400398324064,0.12256442246453952
0.3742703590150432,0.1286726953460902
0.36539483941700346,0.1264012891620093
0.3974177802386088,0.13789023206349482
0.2932530074017757,0.10780059728169965
0.3785152925037394,0.13101017565084389
0.33415422248299687,0.1208333435056503
0.4630007630412566,0.14599458916741967
0.5262670754584446,0.16103389381880936
0.5551910220069913,0.1631838622268743
0.4263472361103077,0.14142956833438325
0.5598271174394871,0.16547739812240822
0.48228614873519715,0.14991973845043666
0.4606868473173728,0.14537716234253945
0.4857570223210228,0.1521799616486588
0.48228339407362114,0.1490706978128049
0.43753942609380736,0.1431608048001156
