0.3469150904927701,0.24170953962456002
0.3280323703773408,0.231088466575671
0.23634766788996583,0.19084222567293505
0.25777108622690637,0.20810008786423595
0.2213230450738684,0.18178502550273268
0.18481227063141056,0.1554589110360796
0.18111100655562876,0.1528174579052945
0.25642232050437563,0.1972524466597775
0.49509112010288253,0.31710700095600713
0.4046610834039083,0.28481827576107566
0.5603651077444246,0.335016937351142
0.19613562937172613,0.16784279485635026
0.34685235720334995,0.23860389807748633
0.1860983030645212,0.1647482054144263
0.25764561964806626,0.19746796271019723
0.2878516985038111,0.20919977232663395
0.1546689250650858,0.14793795348168942
0.31049841598444217,0.2260100242593708
0.3946237570967034,0.2596194760196949
0.3858410965778991,0.25763009709274376
0.33182773438725266,0.23175711893722958
0.2878830651485211,0.20964738258519794
0.4863084595840783,0.29721321168649606
0.11953828298986857,0.1247285326672598
0.2903923967253223,0.22114157194091547
0.4762397666321634,0.29433413829499183
0.30042972303252724,0.22467824558882854
0.44989178507575045,0.2910185067500733
0.3782817352027854,0.25364581318626667
0.35193375364637247,0.2523195605682993
