0.0015618931136215262,0.013054718428560529
0.9332765873048666,0.25213057537801065
0.9197759909206354,0.25210844566655766
0.9105175733635243,0.25144683817219304
0.011608143881483441,0.026594557933812633
0.0034956655400100816,0.0163514941611032
1.3773307880260371e-05,0.008589241920351784
0.8985568328003063,0.25069694809228116
0.0065836411667644585,0.01887640760912409
0.07645012272017324,0.06288090568954881
0.8653851981014871,0.24706940798926694
0.00039942592852755076,0.009107439434090514
0.91398844694935,0.2518327299377432
8.263984728156224e-06,0.0057445108274535375
0.00040218059010360284,0.010783390997901144
1.1018646304208297e-05,0.007288156643075555
5.509323152104149e-06,0.003848049683328555
0.8403122684362611,0.24520594452876757
0.8954716118351279,0.24961645114874084
0.79942482666292,0.24020014079536717
0.734618658424719,0.23368361017654876
0.7832219072725818,0.23835872829289922
0.6860154095768562,0.2279610715537051
0.8487993807520774,0.24577934819100647
0.8102203453794682,0.24175465458316175
0.8329793593208105,0.2443457996586985
0.5328727539178175,0.2020611187978827
0.23850410857774068,0.1253976555578928
0.8584406962682597,0.24691497252962535
0.7419488128785935,0.23405855521650468
0.7569892650838379,0.23581160638000379
0.8731010051760091,0.24756563329839582
0.679070907743629,0.22708997995804187
0.783607559893229,0.2384248811669935
0.6721264059104018,0.22616376096730004
0.7053035499323729,0.23054119115022612
0.7839932125138762,0.23850205952010353
0.652452612934238,0.22330800439538606
0.11233234440982758,0.07503145608539896
0.7222750199024296,0.23108151837541785
0.1922092661306095,0.11033637870189317
0.15516182259428518,0.09289336211823396
0.8306681982585027,0.24412536883180572
0.8916150856286551,0.24945106896350508
0.8538101101589162,0.2467274606329366
0.025888309491737392,0.035646791219403014
0.6474391288658231,0.22253622086428582
0.1420441241691252,0.08754584728876776
0.692185851507213,0.22855644742055387
0.17715779527906098,0.10413974448137367
0.6177383677528298,0.2177951073806841
0.8391553105743192,0.2445333903088088
0.7512044757741284,0.2355139184465794
0.6894862831626819,0.22842414167236524
0.8221810859426862,0.24337555750531534
0.8264232647698065,0.24383862762397548
0.7488905600502447,0.2349516190167778
0.6663416166006925,0.22529274812505834
0.812537015764928,0.24212959962311772
0.009674371455094881,0.021974724719383838
0.6597827673881125,0.224112943116955
0.04556761179105341,0.0436957059145631
0.6582401569055233,0.2239806373687664
0.8113800579029862,0.242041395790992
0.6844700444326911,0.22781766157307923
0.6686555323245762,0.22562351249552987
0.05830516691871822,0.05092873516256006
0.6169670625115353,0.21750844492627547
0.6381834659702882,0.2210918831132268
0.6752116268755801,0.22642837246367725
0.6647990061181033,0.22507223854474398
0.6539952234168271,0.22352851397570042
0.6416543395561137,0.22166520802204412
0.6647990061181032,0.22492890731753964
0.7438770759818298,0.2347641858735106
0.6613281325322777,0.22449891363592667
0.6701981428071654,0.22584402207584423
0.5471474102049194,0.20478456962160801
0.7033752868291365,0.2302214522587703
0.6755972794962274,0.2265717036908816
0.624680114924481,0.21925047061075886
0.6528382655548852,0.2234513356225904
0.020098010858875935,0.03024414899485827
0.6397260764528774,0.22111393407125826
0.6605540726294071,0.22444370748742654
0.636640855487699,0.22087137353291245
0.7257458934882554,0.23227227010911536
0.5668212031810833,0.20902953654950243
0.8430118367807921,0.24564696368939626
0.6455108657625866,0.22221648197283
0.6489817393484123,0.22275673044460018
0.7284454618327862,0.23287867145497979
0.13586817291561645,0.08472316715390095
0.6821561287088075,0.22735459145441908
0.669812490186518,0.2257006908486399
0.05135791042391487,0.04729016958053014
0.6420399921767611,0.22178648829121703
0.8781144892444237,0.24873433407406187
0.6956567250930387,0.22921797616149692
0.5834042658689168,0.21174180438736895
0.6875580200594454,0.22819260661303517
0.6404973816941719,0.22142264748369833
0.7855358229964655,0.2387005181423865
0.6856297569562091,0.22787286772157936
0.7947914858920005,0.2401669068514769
0.8028957002487456,0.24107115363760884
0.28866649587764887,0.14232255338123492
0.7720352266122342,0.23635201235861703
0.5255398448023668,0.1999550947990375
0.805980921213924,0.2416775549834733
0.6694268375658707,0.22568966536962418
0.6987419460582168,0.22964796984310992
0.23503323499191509,0.12494561091824838
0.7720352266122342,0.23715687232676444
0.6478247814864705,0.22265750113345872
0.6485960867277651,0.22272365400755303
0.7504331705328339,0.2352713579082336
0.8055925139317007,0.24150106856580025
0.643196950038703,0.22186366664432705
0.5853325289721532,0.2124364095653592
0.606163279810259,0.21626240829065627
0.21844466298092946,0.11905784761701205
0.5780051291798547,0.2108156641500487
0.6617110304913489,0.22469729350478804
0.5737629503527345,0.21045182334253
0.6809991708468655,0.22726638762229334
0.45340076744871516,0.184926736873242
0.47346021304552643,0.18985528350011088
0.6806135182262183,0.227123056395089
0.6817704760881602,0.22734356597540337
0.6223661992005972,0.2185779163908001
0.5355723222623485,0.2024470105634328
0.6925715041278603,0.228589523857601
0.1424297767897725,0.08967376473880129
0.47153194994229,0.18859837889231906
0.6242944623038337,0.21910713938355453
0.4858066062293918,0.19273309103005629
0.6215948939593027,0.2182802284573757
0.8136967282884459,0.24246044274701078
0.645896518383234,0.2223377622420029
0.18950969778607848,0.11022612391173599
0.6782996025023345,0.22679229202461748
0.6636420482561615,0.22481865252738248
0.6158101046495934,0.21745331753119687
0.8734866577966562,0.2480507543750874
0.6277653358896593,0.21949303114910468
0.5760768660766182,0.2107715622339858
0.6536095707961798,0.2235174884966847
0.5903515223637201,0.213031942939051
0.5845612237308586,0.21218282354799767
0.3488503419912347,0.15851961208269655
0.4198379708060967,0.17709833175839626
0.11425785285148797,0.07607879783847057
0.10306841752956444,0.07119435312766456
0.6520669603135906,0.22329697891637035
0.6451252131419394,0.22207315074562567
0.7866927808584074,0.23926281757218806
0.13123758680627293,0.08385207555823772
0.620823588718008,0.2182140755832814
0.6898719357833293,0.22851234550449098
0.5926654380876037,0.2137044971590098
0.47230325518358446,0.18894016874180633
0.15593863715873188,0.0968626920707354
0.6204379360973608,0.2182030501042657
0.8021243950074511,0.24039859941765007
0.6771398899788165,0.22660478012792876
0.5799333922830912,0.2116977024713061
0.6123337217406156,0.21676958032537927
0.6659559639800452,0.225149416897854
0.6655703113593979,0.2251383914188383
0.6439682552799976,0.2219628959554685
0.657854504284876,0.22396961188975067
0.6512956550722961,0.22305441837802456
0.6493673919690597,0.22287801071377308
0.24545136507254403,0.1283195650039011
0.5070230096881448,0.19620627442685043
0.6080915429134954,0.21644984143392348
0.30602637312992914,0.14678802988944364
0.6578517496233,0.22389235478321912
0.1215907619669386,0.07775482815570275
0.17600359207869512,0.10382008434333945
0.6030780588450806,0.21581036365101186
0.0864826001801549,0.06722510192858468
0.10114290908790403,0.0689893360779426
0.1069332077207655,0.07391788270481149
0.6505243498310015,0.22298826550393025
0.34075163695764166,0.15716347816376328
0.5212976659752467,0.19974561069773888
0.46227628704675494,0.18783762084023456
0.6266083780277174,0.21942687827501034
0.633935777820016,0.22066173192477073
0.12351902507017504,0.07894557988940026
0.6416543395561138,0.2216431570640127
0.5972932695353713,0.21445422973207856
0.7758945074802832,0.23829257541880491
0.6933428093691548,0.22892028822807256
0.0378490500549555,0.038557675186395565
0.2496935438996642,0.12909134853500134
0.6717407532897545,0.22584402207584423
0.7056864478914441,0.23057418883385175
0.509722578032676,0.19727574589137503
0.8518818470556798,0.24628644147230788
0.6489817393484124,0.22273467948656875
0.36312499827833655,0.16281970640566953
0.6196666308560662,0.21813689723017138
0.12892367108238925,0.0809744255351354
0.7758945074802833,0.23818232062864772
0.5726059924907926,0.2096800398114298
0.895471611835128,0.2501456741414953
0.5506182837907451,0.2063612131208557
0.6894862831626818,0.22836901427728667
0.37199500855322415,0.16482634358653014
0.7496618652915393,0.23523828147118647
0.7049151426501495,0.2302434244633802
0.6412686869354666,0.22163213158499698
0.5602595993069273,0.2073094043162074
0.6933428093691549,0.2287659315218525
0.21921596822222406,0.11988475854319086
0.4379691532996714,0.18119996745908631
0.04325369606716967,0.042185215289409765
0.46536150801193327,0.18833376739594185
0.6239088096831864,0.21879842597111446
0.6293079463722485,0.2200112286628434
0.2790196710383146,0.1399298669279811
0.2612686318422351,0.13270786315899982
0.38858908988736185,0.16960069101402206
0.25239311224419525,0.1300174887723216
0.528239413146898,0.20103559174257785
0.35618325110668536,0.16101152784709186
0.30024158382021976,0.14553112528165185
0.47037499208034805,0.18833376739594185
0.49352516796548973,0.19368143973225108
0.2624255897041769,0.1335127231271472
0.5174411397687737,0.19830127294667987
0.48387834312615535,0.19221489351631754
0.6015354483624915,0.21550165023857173
0.5417427641927052,0.2031857176574859
0.5425140694339997,0.2031967431365016
0.6208235887180082,0.21822510106229712
0.6516813076929433,0.2231977496052289
0.05482878400974049,0.047951698321473196
0.6775255425994637,0.2267481113551331
0.2705298040609221,0.1365448873633127
0.6339357778200159,0.22040814590740923
0.722660672523077,0.23200765861273812
0.39707344754160223,0.17095682493295533
0.6455108657625868,0.22219443101479858
0.6266083780277174,0.21936072540091606
0.25432688467058384,0.1318919777118367
0.5193694028720103,0.19844460417388415
0.8040526581106875,0.24131371417595462
0.10577624985882363,0.07341071067008845
0.6362496935438996,0.22072788479886504
0.23310497188867862,0.12254205649282192
0.5560174204798072,0.20709992021490875
0.2635880568892709,0.13495721838504932
0.3010128890615143,0.14636906168684638
0.4595712093790717,0.18627184531315952
0.6296935989928958,0.2200222541418591
0.5722203398701454,0.2093382499619425
0.5992215326386078,0.21460858643829864
0.3372752540486638,0.1540541355744878
0.6740546690136383,0.22635119411056723
0.5891945645017782,0.2127783569216895
0.6293079463722484,0.2199009738726862
0.5000812625164937,0.19522500679445157
0.4028582368513116,0.17256654486925013
0.6188953256147717,0.21804869339804564
0.39977301588613323,0.17151912436275696
0.5957506590527821,0.2139470576973556
0.6674985744626343,0.22536992647816836
0.10229986694984591,0.0701911132906558
0.21072610124483154,0.11391981688884449
0.2635880568892709,0.13624719942988828
0.5374950760424329,0.20310838179753274
0.5209120133545994,0.19919433674695297
0.6971993355756277,0.22941643478377985
0.346536426267351,0.15796833813191066
0.24815093341707506,0.1286282784163412
0.6088628481547901,0.216703427451285
0.43411262709319853,0.17956819656476014
0.6289222937516011,0.2198899483936705
0.5787764344211492,0.2115984731601646
0.16018081598585204,0.09740294054250555
0.3673726864286089,0.1634372907373928
0.5081799675500868,0.19691190508385636
0.24120918624542378,0.12774624009508379
0.2469939755551332,0.12838571787799538
0.5182124450100685,0.19834537486274273
0.6150387994082986,0.21743126657316544
0.4607336765641657,0.18742967811665298
0.6377978133496409,0.22094855188602247
0.602306753603786,0.21556780311266605
0.7245889356263133,0.2321840662769896
0.562573515030811,0.20805913688927619
0.16982764082518642,0.10099740420847263
0.200699133108002,0.11352289964427865
0.3129736296247325,0.15085658915308658
0.5506127744675929,0.20490569238393783
0.6501386972103542,0.22297724002491454
0.5922797854669565,0.21310912129216106
0.28905214849829625,0.14239973173434495
0.2979221587731839,0.14394329879654544
0.31258246768093306,0.14880569254932
0.24005222838348195,0.1264783100082762
0.2732293724054531,0.1366992440695327
0.7755088548596359,0.23747668997164179
0.534801017021054,0.20243598508441707
0.4094198407254676,0.17436385545565516
0.5899603604199205,0.2128553777679564
0.37508573884155466,0.16533367312809624
0.5027808308610247,0.19597473936752036
0.42755653254219456,0.17952409464869726
0.6555378338994162,0.2235615904127476
0.3523267249002124,0.16036102458516452
0.6628679883532909,0.22477447185789806
0.6748259742549328,0.22641734698466154
0.41713840246156564,0.17658013424465754
0.6968136829549804,0.2293282309516541
0.2894378011189435,0.14345817771985384
0.27362053434925254,0.1385847584880635
0.06833764437869988,0.05468858101376288
0.6574660970026527,0.2237600490350305
0.40363505141575834,0.1727982374354233
0.50200952561973,0.19548961829082878
0.6038493640863752,0.21582138913002755
0.47963616429903505,0.19196130749895604
0.6304649042341904,0.22008840701595342
0.4368121954377295,0.18010844503653028
0.32145798727897285,0.15245528361036567
0.7033725321675605,0.2299457365299558
0.6833130865707492,0.22756407555571773
0.1250616355527642,0.07980556725262625
0.6821588833703833,0.2274649249979978
0.6566947917613581,0.22369389616093618
0.1192796009046309,0.07703825077310265
0.4989243046545517,0.19395707670764398
0.3581115142099219,0.161044604284139
0.6574660970026527,0.22372697259798335
0.6316218620961321,0.2203309675542992
0.4398974164029079,0.18176226688888794
0.6412686869354665,0.22152187679483978
0.41327636693194053,0.1753671740460855
0.7026012269262659,0.22991266009290867
0.4553290305519516,0.1856213420512322
0.022797579203406967,0.03174361414099588
0.27979097627960914,0.14048114087876698
0.6466678236245286,0.22243699155314436
0.6227518518212445,0.21866612022292584
0.2091807361006663,0.11357794828593573
0.3515499103357657,0.1593465230088754
0.6134961889257097,0.21712255316072535
0.3750857388415547,0.16675595992112385
0.3588773101280643,0.1619044341405219
0.5120364937565597,0.19817983517066393
0.47346021304552627,0.18967887583585938
0.6215948939593027,0.21847868707965865
0.5290107183881926,0.20109071913765642
0.18372215381479304,0.10903529342461696
0.5729916451114399,0.20999977870288558
0.3990017106448388,0.17114425807622258
0.07373678106776195,0.0563865047821834
0.3920599634731875,0.17014093948579226
0.3102685519570492,0.1475487879415282
0.28364750248608206,0.14103241482955284
0.32261494514091466,0.15294040468705725
0.38588401221967866,0.16854208752167005
0.607705890292848,0.216350612122782
0.5961363116734294,0.21424474563077994
0.5637304728927529,0.2081363152423862
0.5259254974230142,0.20010945150525755
0.527082455284956,0.20067175093505915
0.5992215326386077,0.214906274371723
0.5841755711102113,0.2120284668417776
0.5428997220546471,0.20469620828263924
0.4406742309673546,0.18416597882115748
0.41636158789711886,0.1760838301821072
0.2280914878202638,0.12183642583581598
0.4240801496332168,0.17869702621567535
0.40826288286352597,0.173669250277665
0.5891890551786261,0.21264589366665784
0.3789477743711797,0.16783661437150724
0.3372752540486639,0.15481489362657233
0.3338043804628383,0.15396593174236206
0.4730745604248791,0.18901734709491633
0.5841755711102113,0.21202846684177765
0.6177383677528296,0.21751947040529115
0.21227422105057284,0.11656608935945982
0.3928312687144821,0.17038350002413802
0.5297820236294872,0.20148763638222225
0.14127281892783064,0.08701662429601333
0.5687439569611676,0.20917271026986364
