0.4088860146137586,0.31488332115364953
0.3837993841758285,0.3065569611625855
0.17022036466829468,0.16181309423288814
0.43112518218936113,0.3209567551807831
0.44463856526481405,0.322849970276523
0.2040713892723043,0.21371369286750141
0.5344639530506461,0.35392141642780595
0.4031042171407612,0.31034339135406525
0.490024227565371,0.339517835979417
0.21081842839354833,0.21408854945645792
0.17410063609424617,0.19286939466340525
0.47071939460043827,0.3364886918262332
0.35962973330373255,0.29291066675249244
0.37218752714742137,0.29821545545075556
0.4909991216301001,0.345958553735124
0.5045221571220355,0.3501274133759433
0.5383345720601153,0.35392520285799745
0.5537977432650265,0.36756392440770763
0.22630090443142437,0.22697755782825507
0.19827028696634202,0.20159332982457467
0.2021216011428461,0.2065119026433069
0.17894614916844426,0.19590611167697203
0.40018918736305636,0.30957853245538636
0.4166176002162142,0.31526575060298895
0.4243395334021873,0.3179162517370248
0.37991911274987694,0.3012483860341309
0.45237015086726967,0.32285375670671446
0.43109622493991373,0.31867353777532076
0.24758448277526277,0.2319188492281362
0.23692821497861985,0.2307677744499263
0.4987210548160733,0.346337196754272
0.4571770542755379,0.33155497328673494
0.2968504165017713,0.2660118666722201
0.31423441858669326,0.27813222971514684
0.27366531211088696,0.25313043116080586
0.32099111012441967,0.2788895157534428
0.3345237980328375,0.28722723503508124
0.327786411328076,0.2815551626082446
0.2862231059545758,0.26411486514628874
0.29686006891825373,0.2698020832938913
0.34516076099651555,0.2921571671443879
0.2920145558440556,0.2644935081654367
0.2485304195905445,0.23645499259752895
0.2997654462794761,0.27662144406874645
0.273665312110887,0.2622178636203574
0.2726904180461579,0.2512334296348745
0.2649588324437023,0.250851000185535
0.248540072007027,0.23910928016175625
0.2572562040906941,0.24745078587358618
0.2562523527765176,0.24024142278900873
0.17992104323317343,0.20045361433693926
0.21083773322651325,0.21561069439343278
0.21470835223598225,0.22394462724487976
0.4204882192256832,0.3156481800523285
0.3239061399021245,0.2804116606904177
0.32776710649511104,0.28079030370956565
0.3606046273684617,0.2959435973358677
0.23306724838563334,0.22849591633503846
0.29395469155703136,0.26525458063392415
0.45525622339552707,0.32663640046800274
0.3789538711016303,0.298976527919243
