0.562893055773633,0.1591151454563883
0.5567253685048524,0.1579685743921752
0.5737051024596375,0.16315086454324867
0.5177772084810521,0.15789147479248672
0.43367463590260624,0.14067983576131446
0.34340162139380365,0.11813186488653483
0.37696992735957424,0.12691964418259108
0.31716897920505976,0.10910176131239742
0.37581021483605637,0.1259493232757864
0.39240980549334614,0.13505684146329847
0.34109321499307205,0.11680896491149179
0.36462904349886094,0.12449403879913318
0.3379997300431655,0.1136995435687948
0.33066406626613887,0.11117447261393082
0.3507400398324064,0.12438362650213292
0.5131466223717086,0.15720781634009068
0.5656119067491964,0.16285333411666741
0.42017954884152714,0.13548691389833298
0.42056520146217446,0.13621459551337037
0.4209480994212456,0.136909121937939
0.44178711424407957,0.1458070772707309
0.4232647698067054,0.137868417365728
0.43290883998446367,0.13826541336371537
0.4680142471096713,0.148012251827296
0.500420085890348,0.1550909243690729
0.38430283647502483,0.13140717164883126
0.47573280884576924,0.15327156282463636
0.43676812085251265,0.14263158180736113
0.45220524432470843,0.1470090119902872
0.47225918059836763,0.15184919727818727
