0.22888240644898217,0.23550378258298751
0.49010382359399013,0.33081713739424523
0.45368714908566227,0.3193174219859528
0.19497506351745553,0.2164886356728798
0.3858724632226091,0.2985284121993137
0.34067312819547696,0.2830499389371191
0.2916784291584329,0.2620398870474854
0.23267777045889404,0.23993015069545376
0.2075217214014617,0.22510927768966796
0.526520498102318,0.3416537264935539
0.4423951569900567,0.3157807483380397
0.569210501552649,0.35160614718088434
0.5365578244095228,0.343643105420505
0.5114645086415107,0.3383380949486354
0.4185251403657351,0.30649145395969307
0.43358112982654246,0.3133437591525246
0.31683447821586525,0.2742082548173363
0.3620338132429974,0.2907919385945038
0.3181205106489759,0.27421378086991116
0.373325805338603,0.2910129806974984
0.2954737931683448,0.2664662551599516
0.21131708541137356,0.22953564580213418
0.25278378971801385,0.24568277142588735
0.27536777390922496,0.2587242555025669
0.29547379316834477,0.2644768762330005
0.2527837897180139,0.2476721503528385
0.5114645086415106,0.3376749686396517
0.5478811831498385,0.3491746840479441
0.47504783413318286,0.326838379540343
0.4913584893823908,0.3325854742182017
0.45494181487406293,0.3210857588099093
0.46999780433487026,0.324843474560817
0.46375584203757725,0.32352274799542446
0.48759449201718896,0.3290488005702886
0.4072331482701295,0.30627041185669845
0.47379316834478225,0.3250700427163864
0.3770898027038048,0.2945496543454115
0.5579185094570434,0.3513851050778898
0.5102098428531101,0.3365697581246788
0.5378124901979235,0.34563248434745614
0.43988582541325555,0.3142334536170777
0.3946864903861234,0.2987549803548832
0.6533672093096201,0.37262172512309294
0.6520811768765095,0.37217411486452895
0.6056271760609768,0.362442736280193
0.6596405382516233,0.37372693563806575
0.532825193689031,0.34232237885511246
0.5001725165459051,0.3343593370947332
0.5441171857846366,0.3463011367090147
0.36077914745459677,0.2888025596675527
0.41855650701044506,0.30738114842424613
0.3821398325021173,0.29654455932493745
0.39719582196292463,0.3003022750758451
0.308020451052351,0.26668729726294615
0.3205671089363571,0.27530793927973435
0.5805338602929645,0.3571377258083234
0.4436498227784574,0.3177701272649908
0.42228913773093696,0.3100281276076061
0.35823844923308557,0.28636557048203765
0.3117844484175528,0.2680135498809136
0.33694049747498517,0.27996087554777
0.5077005112763088,0.33480142130072227
0.1987704275273674,0.22091500378534606
0.2464790941313008,0.2436878664463614
0.24271509676609893,0.24125640331342116
0.2665851133904207,0.2514298661037462
0.19124243279696373,0.2151679091074873
0.5905711866001694,0.35934814683826904
0.5240111665255168,0.34054851597858105
0.11332768733728553,0.15900111073656753
0.17486904425833572,0.2076414255005222
0.23142310467049343,0.2372776454595189
0.1660863837395314,0.20145224661667432
0.17740974247984692,0.21052049889202648
0.5742605313509614,0.35205375743944833
0.4273391675292494,0.31202303258713204
0.3532511527241931,0.2857079702256287
0.31303911420595343,0.26978188670487013
0.37335717198331303,0.2914605909560624
0.3368777641855651,0.2786235708246529
0.2715724098993131,0.2542978873901007
0.28794579843794116,0.2591718657611308
0.27411310812082434,0.2560717502666321
0.2540070888617045,0.24832975060924734
0.7073805715002666,0.3850111349959384
0.22013111257488788,0.23020429816369276
0.67344186192403,0.37991611452191365
0.19622972930585614,0.21803593039384178
0.17113641353784387,0.20742590945010253
0.19252846523007436,0.21517343516006215
0.1724224459709545,0.2074314355026774
0.16988174774944326,0.20477340421416773
0.17866440826824753,0.21206779361298847
0.2628211160252188,0.2489984029708059
0.42862519996236004,0.3120285586397069
0.3382265299080958,0.27996640160034486
0.31557981242746463,0.2722188758903852
0.2967598256014555,0.26647178121252646
0.11583701891408678,0.1647482054144263
0.13597440481791664,0.18575825730405998
0.40851918070324017,0.3062759379092733
0.36331984567610803,0.2907974646470787
0.3318904676766727,0.277965970568244
0.35453718515730376,0.2857134962782036
0.44493585521156803,0.3177756533175657
0.5227565007371162,0.33878017915462455
0.39845048775132524,0.30229165400279623
0.3997365201844359,0.30229718005537104
0.29293309494683356,0.26203988704748543
0.2942191273799442,0.2620454131000603
0.22762774066058153,0.2328512773470527
0.14475706533672095,0.19305264670288075
0.3746432044164235,0.2914661170086372
0.6194284997333835,0.3642110731041496
0.640789184780904,0.37195307276153433
0.48006649728678524,0.3286067163642995
0.7010758759135536,0.3808058089864668
0.6646592014052258,0.3748321461530386
0.7437972460085944,0.39098479782936657
0.7211818951726734,0.38655842971690035
0.3105297826291522,0.2675714656749245
0.6269878611084972,0.3701847359375778
0.7098585364323579,0.38588977735534186
0.16486308459584076,0.2007946463602655
0.11586838555879678,0.17801625764667525
0.13217904080800477,0.17934251026464265
0.49264452181550145,0.3325910002707766
0.5390985226310342,0.345638010400031
0.4712838367679809,0.3248490006133919
0.20002509331576804,0.222462298506308
0.16611775038424142,0.2034471515962003
0.20378909068096987,0.2248937616392483
0.14977572849032342,0.19703140455678295
0.13722907060631725,0.18841076253999484
0.29042376337003234,0.25982946601753976
0.2703177441109125,0.2516453821541658
0.38342586493522784,0.2965500853775123
