0.5135735949159966,0.1934938490821407
0.5151189600601619,0.19653696004390034
0.5081744582269346,0.19203848585206598
0.5347927530363258,0.1990068248502642
0.47268615314265566,0.18817933193630015
0.23773831265959824,0.12602626536863176
0.44722481619520643,0.18312942628683684
0.47268339848107965,0.18716490911343261
0.47924500235523565,0.1913547486462484
0.4703667280956199,0.18527947344832332
0.46651020188914694,0.1851802441371819
0.4341098724316225,0.17961221972740138
0.4140476721732352,0.17468359434711092
0.45185540230454996,0.18430923129494023
0.4167499951793423,0.17650287713812587
0.3935998192942006,0.17113315384378522
0.4383520512587427,0.18083604789814603
0.5131879422953494,0.19250155597072613
0.4240773949716408,0.17721953327414752
0.3839585037780184,0.16971086705075766
0.37663110398571986,0.168994210914736
0.2161224832723176,0.11514356630616764
0.3511697670382705,0.16323867460826672
0.35387209004437764,0.16487052425601448
0.3862751741634782,0.17055990768838947
0.28866374121607286,0.14477013096930266
0.2763201026937836,0.1407016504590813
0.47191209323978506,0.1854780108240278
0.4298649389429262,0.17823395609701512
0.45764019161425934,0.18445256252214454
0.39938460860391,0.1721915998292941
0.41752130042063684,0.1770872275259589
0.3314932194005306,0.1578690300673476
0.2905947589808854,0.14480328615977134
0.2327165646064553,0.12208993309975595
0.23889527052154008,0.1268421508157949
0.23155960674451342,0.12197967830959879
0.23349337917090196,0.12471415461233984
0.2172904597805637,0.12094328328212131
0.236192947515433,0.12496774062970134
0.21689378851361218,0.11537510136549771
0.3924483707554109,0.17060408835787388
0.3831844438751477,0.16903823407737734
0.42523710749515875,0.17769370762524495
0.40208968627159314,0.17341558550688188
0.36196804041639474,0.1652232608310959
0.31798711369314725,0.15303963399819862
0.3735431283589656,0.16825542506726135
0.40594621247806606,0.17433070026518646
0.43217885466681,0.1794136823516969
0.2809534434647032,0.14263126679367494
0.36814399166990347,0.16698749498045384
0.2948369378080056,0.1458948085823274
0.2709182113431455,0.14006209392274813
0.2585745728208561,0.13711821227212997
0.26281675164797635,0.13957689409263502
0.2851928676302473,0.14377783785788806
0.2952308544133811,0.15103291806391647
0.32185190388434837,0.15464959019475805
0.3226232091256429,0.15702006818313735
0.3114337738037194,0.15240023496870855
0.2948452017927338,0.1501288287846276
0.3507813597560472,0.16080196499237154
0.3206894366992543,0.15431866831744342
0.34036598433699433,0.16014035749800695
0.2767057553144308,0.14161676521738586
0.2882780885954256,0.1441527041444225
0.28249329928571626,0.14305015624285072
0.24893325730467386,0.13553054329386663
0.24043788100412924,0.13005056520936875
0.24699673021670926,0.13096575872109487
0.3179898683547233,0.1536791905345318
0.35078411441762325,0.1631394452971253
