0.33336363461067,0.10657684786437653
0.12772263863523048,0.04706981750705887
0.5389991212629573,0.1614750704862812
0.33644610091427224,0.10684138060733221
0.6933180174149703,0.2039468694766781
0.026246415496624164,0.013517867300642212
0.005021748053142931,0.005711434390406385
0.21800116246718504,0.07799730994062701
0.9004878505651187,0.2465293957777614
0.2010214285124001,0.06913250979830382
0.1940769266791728,0.06802988314331053
0.06830458843978723,0.02969287504407239
0.8079009203324324,0.2257896034615595
0.4159318606912548,0.12843044982143056
0.5463237663936799,0.16247831032328997
0.2916938689497302,0.09797642295816596
0.39895212673646974,0.12421840182374025
0.450274226559896,0.14719636638013292
0.16283080042201417,0.06294690105680004
0.8279576112676678,0.22988013492981227
0.4417816049209276,0.13904830112725286
0.7156941333972413,0.20545759636209604
0.022001482007927915,0.012106527233208807
0.38351775792585,0.12231075769375649
0.7604408560386311,0.21293318614843884
0.0015508744673173177,0.0049396508593061465
0.718005294459549,0.2085887536491383
0.7947804672456964,0.2234960675660256
0.5424644855256309,0.16214746719939685
0.4093647474939467,0.12716220472093687
0.7519564983843907,0.2116873070196627
0.6605237713520704,0.1945748185462103
0.8626856297569561,0.24048719701688354
0.09917057139945075,0.03919723172272873
0.9078152503574173,0.24686016014823295
0.8985540781387299,0.2436405627688003
0.7654626040917742,0.21706797703959754
0.5035135708402546,0.15827752406487997
0.6068987744510649,0.18233598556481292
0.9332765873048666,0.25213057537801065
0.41978563223615173,0.13410849276110365
0.9193903382999881,0.24935207591262823
0.8302742816531273,0.2304535385920512
0.00038840728222334247,0.002194149077549361
0.005795807956013564,0.006207659699535222
0.08373620258883094,0.03539320520204151
0.28128124819225325,0.09580440359206957
0.5798975816826025,0.1769333433402682
0.07987967638235807,0.03089480976362869
0.7673881125334345,0.21761917223696192
0.6038163081474625,0.1820494018638258
0.8136884643037178,0.22878861250725624
0.5625266857840179,0.16735172955508026
0.5509598618261753,0.16685566175279457
0.7839794392059962,0.22150037711075912
0.893154941449668,0.2434641551045488
0.4024257549838716,0.12605973557278666
0.9000994432828954,0.24521728502146947
0.6844452524785068,0.19880891750193208
2.7546615760520743e-06,0.0018964611441249831
0.43599681561121817,0.13838677238630984
0.10650898983805347,0.046474362886788564
0.2670093465667276,0.09346692328731586
0.08025706501827719,0.03144584745414996
0.8005652565554057,0.22479707408988028
0.6856104743251766,0.20019836411817715
0.594951807195727,0.18060522161960987
0.0953112905314018,0.037157439351399424
0.7940064073428257,0.2228675365087081
0.7789659551375813,0.21955989280399288
0.04206368226631517,0.01954896182908287
0.8337479099005288,0.23112617156543153
0.008878274259615836,0.006483217921506622
0.8391470465895912,0.23234999973617612
0.6601381187314234,0.19026385625106476
0.8800427523476602,0.24128111025943674
0.0227727872492225,0.013021641991513375
0.6165483539519753,0.18350492260074364
0.05788370369758224,0.026263714809919562
0.0328025100476281,0.01553552996051855
0.3676949818330069,0.11676462673516431
0.9220899066445191,0.2497159167201469
0.8835136259334858,0.24300108498588865
0.18288749135724933,0.06302415816333161
0.013894512989606663,0.009162488075747563
0.2465559843645409,0.08470127370271259
0.050933692541202856,0.02109252889128334
0.23265871671335817,0.07810764348420574
0.06521110348988075,0.027950613099324367
0.8476369135669837,0.23555857163659305
0.37927282443715377,0.12138453870301463
0.487305142126764,0.15436316400061406
0.3044286694158189,0.1018025004368846
0.5301236016649176,0.15885084897369725
0.32448536035105396,0.10228770026699771
0.35612264855201214,0.11464765601072498
0.8121430991595526,0.22774111324734153
0.13543844570975236,0.05259366124735497
0.069456036978577,0.030398348194235238
0.6389244699342461,0.18877533783052136
0.8206302114753691,0.22908630044068065
0.8912266783464318,0.2433759512724231
0.05942906884174746,0.02759787652424294
0.14122874434261384,0.056254277787416325
0.3287192751934461,0.10250797358704745
0.32872753917817427,0.10468022921340847
0.9078180050189933,0.24690434081771737
0.8094352668302934,0.2261973099248764
0.12154393272014567,0.04659548564911838
0.036278892956605815,0.019174095542548467
0.3781186212367879,0.11894798659396252
0.9116745312254664,0.2487566212923579
0.009649579500910416,0.00774012252929844
0.028945983841155192,0.014421956579931061
0.5864564308951824,0.17909441598077036
0.6840540905347072,0.19489471494450927
0.056343847876569125,0.02609841137810534
0.8507193798705859,0.23676027009588477
0.3503351045807268,0.10930021993468034
0.23768597408965317,0.08233079571433331
0.736530393558499,0.210739115824311
0.0513276091465783,0.025436803883740734
0.5725591632439997,0.16966723765522404
0.2071946251043328,0.06972796441857411
0.761606077885301,0.21645055021471735
0.0003939166053754466,0.0048514470271804055
0.5644604582104067,0.1688844286451081
0.13119351222105607,0.05020105354752268
0.21414188159913616,0.07246244072131518
0.7727927585456487,0.21818162917360656
0.795554527148567,0.22451049038889315
0.9305742642987594,0.25116025447120593
0.021995972684775808,0.009791019133065012
0.02045336220218665,0.009305898056373434
0.8414637169750508,0.23427953731734827
