0.0874479476502082,0.2718630089914667
0.11183819155264722,0.3051371628199988
0.07555026769779892,0.26155432105835863
0.12373587150505651,0.3120096214420709
0.14812611540749554,0.34528377527060305
0.14872099940511602,0.351068094610847
0.2444973230220107,0.41641372200904875
0.3646638905413444,0.486398258977149
0.25698988697204045,0.42677968043067405
0.09994051160023795,0.3005555237386175
0.24509220701963116,0.4244888608899834
0.20880428316478286,0.407250443846286
0.28078524687685896,0.4565603344596529
0.0761451516954194,0.26733864039860256
0.06365258774538965,0.25697268197697726
0.08804283164782867,0.2902468358055094
0.03926234384295063,0.23286180631120781
0.20880428316478283,0.3935055266021419
0.12433075550267697,0.33382967756714965
0.10053539559785842,0.3006127942271347
0.1124330755502677,0.31092148216024285
0.173111243307555,0.38434224843937914
0.13622843545508628,0.3407021361892217
0.16061867935752527,0.37397629001775384
0.13682331945270673,0.34419563598877495
0.19690660321237358,0.39121470706145123
0.31707317073170727,0.47379875150335027
