0.20201948827382507,0.1260725422115699
0.24953187159502827,0.13665926002958662
0.2829050105638032,0.15264659778367137
0.5396654913405077,0.22548445776828457
0.2500900926364285,0.1370942933322299
0.5029076956776732,0.21786075776376548
0.3462454335398987,0.17625709107005672
0.25744589142247437,0.1379224355766859
0.49498660976109554,0.21502895775494504
0.263119960995188,0.14598225782828544
0.37340041407282304,0.18597210886613116
0.3377731926710523,0.172380993346005
0.26424346916712005,0.1493356622225029
0.336635552320857,0.17233689109630024
0.31118349926865974,0.16301443776982
0.4429660615739007,0.20522736887611678
0.4723609923615577,0.2100187243995969
0.23425498689240465,0.13591768886788436
0.4661499000148388,0.20940945998700888
0.34963715632308984,0.17843497994436586
0.3355049780597933,0.1717270822114937
0.3049582747436776,0.16253475774525344
0.278368581341285,0.1525148355067757
0.4955518968916274,0.2160743444146134
0.34342606397637104,0.17525580666009305
0.41016527582478923,0.19764722664908382
0.3439913511069029,0.1753864799925516
0.362652892503586,0.18296607774736598
0.4412702001823051,0.20213476667459782
0.2925290239611082,0.16022674001070433
0.3202422255354329,0.16785044001522342
0.4588011673179246,0.20927878665455035
0.40223712381907983,0.19337747551100076
0.2698963404724387,0.1501632599947404
0.3190975190961059,0.16719598440849354
0.4045053384303389,0.19385715553556734
0.22689918810635878,0.12716203112094307
0.3332367634485341,0.17124740218692713
0.2834632316052035,0.15682759995012635
0.36435581998431327,0.18488316442897657
0.32250337405756035,0.17076881110679767
0.37906035146727335,0.18662602000064246
0.31119056535779144,0.1657155644461819
0.3558694469372037,0.1811366510929463
0.35134008380381715,0.18052629773592116
0.2840426509139986,0.15704647778199443
0.3343673377095978,0.17159586440681657
0.3394619879735163,0.17473256885804028
0.4537065170540061,0.2059678510933819
0.48367380106132657,0.21315542885082056
0.423732166957554,0.2009576177380337
0.5130828640272468,0.21942883775326805
0.5509783000402766,0.22687885112006104
0.3179669448350421,0.1664990599687146
0.44182135513457366,0.20261281328250863
0.45596766557613355,0.20805862441271866
0.5374043428183803,0.2219562777919038
0.30100126482995454,0.16118446664318176
0.47575978123388046,0.2105855199791358
0.39319252973057006,0.19285478218116658
0.47802799584513955,0.21176212444348133
0.40620119982193453,0.19459763775283245
0.4231598137378905,0.19843072217161653
0.2902608093498491,0.15769984444428714
0.3456872124984985,0.17564782665746873
0.33097561492640665,0.17120384440944092
0.3813144339002692,0.18828067107289884
0.405628846602271,0.19450997772564152
0.4344796885267911,0.2016986444275174
0.303262413352082,0.16166360219552978
0.3824450081613329,0.18893403773519157
0.2829191427420665,0.15404153560766642
0.2738604164752934,0.15238525111875428
