0.24260383587031012,0.139469369672966
0.33543112518218937,0.23305856471577158
0.4320228569222305,0.27246394371850163
0.40981264659607536,0.26261543879046273
0.2532890609164004,0.1743310324459203
0.2996592696981689,0.19857933139215675
0.49287169042769857,0.2948190275689982
0.403036650225384,0.25844279271945203
0.2726131987142982,0.1974358294743299
0.40882810011486387,0.26033600781519184
0.30252603739346146,0.2004611871973222
0.3093213385971178,0.21486476764571125
0.3267149930985222,0.22926077523371735
0.3257400990337932,0.21751905520993858
0.39723554791942167,0.2542739330786328
0.431019005608054,0.26941965384455185
0.26872327487186415,0.19060889583909185
0.33928243935869346,0.24289949678342754
0.421395546375035,0.2667805120010905
0.5015588652619183,0.30239188795195776
0.5933340411772087,0.33119904884873586
0.5691643903051129,0.30581482084505546
0.46387583131436955,0.2913960946759005
0.2532504512504705,0.15765559388264336
0.3286261715620506,0.23114641746907433
0.32186948002432414,0.21675798274145117
0.5189428673468404,0.3031529604204452
0.5768959759075684,0.3133914676582065
0.37404079111205496,0.2500975005774306
0.3044468682734722,0.20310790190116657
0.43783361164467527,0.2781511618661042
