0.5302844954675199,0.29346654804073813
0.7034911075562248,0.3323810102729318
0.7550265048147801,0.35914368289299914
0.5402904551300147,0.29942915876901655
0.75499513817007,0.33526560971701097
0.30667168532982025,0.1996949618978675
0.25011762491766254,0.19061565751736562
0.2702236441767824,0.19835765717475035
0.3593990150873561,0.24103536121042654
0.21997427935133781,0.16541133172341002
0.3129450142718233,0.2244516774332591
0.4523697500078417,0.27907670713579175
0.24014303189987765,0.16808041511706945
0.14714093033468212,0.1276020800061892
0.13961293560427843,0.1200866485043739
0.1860983030645212,0.14573858455689345
0.17606097675731627,0.1384441951580727
0.39343182459772286,0.266040749111687
0.35952448166619627,0.2463624758925956
0.51020984285311,0.2806461060670532
0.542862519996236,0.3073977265819708
0.5239484332360967,0.290581948596659
0.5076064113421788,0.27996640160034486
0.5389730560521941,0.2949972646039755
0.6118377717135598,0.31756013726714605
0.618111100655563,0.31800222147313517
0.3418336940497475,0.22733075082476337
0.3531884194347731,0.22800492923889676
0.6231611304538754,0.3217654632766177
0.6018004454063549,0.30827636894137417
0.5139424735736019,0.28705080100132074
0.601863178695775,0.308729505252513
