0.2175075530158975,0.16180930780269667
0.24072161465622915,0.1815176769493489
0.26968851652011083,0.19363803999227563
0.3035395411241205,0.2175190552099386
0.2813003735485179,0.20614461891473335
0.28902230673449103,0.20879512004876918
0.2957789982722175,0.2133388362785449
0.3701894769355509,0.25237314512250997
0.37307554946380833,0.25426257378805833
0.3131823051901044,0.2247094861435587
0.32091389079256,0.24667456768433285
0.320894585959595,0.2345504182112146
0.47452244669453003,0.29065016792817894
0.3837221648439687,0.26790508176795996
0.38660823737222616,0.27055179647180433
0.3924382969276358,0.27094558521171824
0.37697512572272474,0.2656370100832636
0.46002451713786546,0.2845843067614284
0.4339533402187237,0.27700765994827736
0.31706257661605586,0.23191127636775322
0.3750156851767841,0.25918871946717353
0.31123251706064614,0.22318734120658382
0.27068271541780486,0.20084361664666164
0.21365623883939341,0.15689073498396444
0.2754992712425556,0.2053835464462459
0.43975444252468604,0.28004059053165264
0.22040327796063744,0.16748895308991635
0.2397370681750176,0.1739372437060064
0.24170616113744076,0.19326318340331916
0.3547166533141572,0.24857535564045571
0.29578865068869997,0.2171290529002162
