0.22070196311719215,0.4095412633869766
0.02617489589530042,0.16516808888379816
0.06305770374776919,0.24431590401466127
0.0874479476502082,0.2775900578431934
0.026769779892920884,0.20416929156405703
0.31707317073170727,0.47379875150335027
0.13622843545508628,0.34986541435198437
0.013682331945270675,0.13074852528492067
0.19690660321237358,0.39121470706145123
0.2325996430696014,0.4232861806311207
0.07555026769779893,0.27300841876181203
0.11183819155264724,0.3165912605234522
0.1969066032123736,0.3935055266021419
0.09994051160023795,0.29139224557585475
0.14872099940511602,0.3602313727736097
0.26888756692444976,0.44281541721550877
0.16061867935752527,0.37397629001775384
0.173111243307555,0.38434224843937914
0.0761451516954194,0.2765019185613653
0.10053539559785842,0.3006127942271347
0.4009518143961927,0.5036366760208464
0.5925044616299822,0.5426951491896226
0.24509220701963116,0.4336521390527461
0.29327781082688875,0.46692629288127824
0.2212968471148126,0.4176164022679113
0.4134443783462225,0.504839356279709
0.5211183819155265,0.5289502319454784
0.6049970255800119,0.5530611076112478
0.20880428316478286,0.407250443846286
0.28078524687685896,0.4565603344596529
0.001189767995240928,0.08945650306397113
0.02617489589530041,0.15256858140999943
0.001784651992861392,0.12845770574423
0.437239738251041,0.5117118149017811
0.5086258179654967,0.5254567321459251
0.544913741820345,0.53353187102686
0.08804283164782867,0.2902468358055094
0.05116002379535991,0.2374434453925892
0.11183819155264722,0.3017009335089628
0.0511600237953599,0.2282801672298265
0.06365258774538965,0.26613596013973995
0.2082093991671624,0.3991753049653513
0.12433075550267697,0.33382967756714965
0.2688875669244497,0.4405245976748181
0.36585365853658536,0.49223984880591026
0.1124330755502677,0.3200847603230056
0.48483045806067815,0.5208750930645438
0.5812016656751933,0.5335891415153772
0.12373587150505651,0.32117289960483364
0.6412849494348603,0.553118378099765
0.000594883997620464,0.04816448084302159
0.3771564544913742,0.49676421739877435
0.4497323022010708,0.5140599049309891
0.2575847709696609,0.4348548193116087
0.593694229625223,0.5439550999370024
0.01427721594289114,0.13882366416585534
0.32956573468173705,0.4841647099249756
