0.33185910103196264,0.26491896043898966
0.40346915090492774,0.2852714120722145
0.41347511056742264,0.2883604754615636
0.579247827859854,0.3283967263664547
0.3607791474545968,0.27996087554777
0.32059847558106713,0.25365133923884153
0.3745491044822935,0.2837130652461028
0.28286440199491864,0.2450141190643288
0.42730780088453946,0.29168163305905703
0.32558577208995954,0.26094020258508743
0.36074778080988684,0.2673559496245048
0.2188137134970672,0.20786799365609165
0.26906307832251186,0.22666762451577965
0.2966657256673254,0.24899287691823102
0.18230293905460934,0.1603218373019601
0.6658511339042062,0.3520537574394484
0.6232552303880055,0.34698084117572303
0.5905398199554593,0.3301650631904112
0.41730184122204445,0.2892556959786916
0.4863398262287883,0.3095970955067667
0.4311345315391613,0.299208116666022
0.21495561619773537,0.19790452086361152
0.2136382171199147,0.1702632058841408
0.6194284997333835,0.3438751996286494
0.4373451271917443,0.30295478031177997
0.3996737868950159,0.2848238018136505
0.232615037169474,0.21096258309801563
0.35576048430099433,0.2655931388531231
0.5943038173206612,0.334364863147308
0.559110441956024,0.326838379540343
0.5591731752454441,0.3281756842634601
0.738684482920862,0.36797984096020697
0.7009817759794236,0.3580218942203017
0.6620871365390044,0.3489591679975244
0.7726231924970985,0.37661153508214484
0.4712524701232709,0.306939064218257
0.5942724506759512,0.33192787396179296
0.4875944920171889,0.3263962953343539
0.6043411436278662,0.3379015367952211
