0.7199272293842728,0.3492023143108184
0.5516138138703303,0.3286122424168744
0.45748251309557414,0.3060604218588536
0.47881183149838463,0.3082708428887993
0.45117781750886105,0.2976552958924852
0.5968131488974625,0.33768049469222655
0.5553778112355322,0.3365697581246789
0.6056271760609767,0.3412226943927145
0.444904488566858,0.29721321168649606
0.552931212948151,0.3299495471399916
0.5264891314576079,0.32507004271638645
0.36959317461811114,0.27532451743745895
0.4964085191807033,0.31999160040008623
0.6131865374360904,0.3487436519471047
0.4901351902387001,0.31866534778211886
0.4147925096452432,0.29190820121462635
0.4549418148740629,0.30119196954039823
0.4436498227784573,0.2967711274805069
0.2075217214014617,0.20587861472914054
0.1334337065964054,0.17447958399876215
0.3092751168407516,0.25430893949525035
0.2527837897180139,0.23816733992407205
0.3306358018882721,0.2733240864053581
0.24522442834290015,0.2313095086786656
0.21128571876666352,0.2116257094069993
0.2690944449672219,0.24325130829294708
0.1321476741632948,0.15701173180961642
0.18867036793074246,0.20543100447057655
0.16988174774944326,0.19681588850636325
0.38085380006900665,0.2828344228866994
0.4009598193281265,0.28858704361713305
0.28167246949593805,0.2532037289802775
0.24396976255449954,0.23108846657567103
0.31429377999435404,0.26027707627610375
0.26031178444841757,0.24280922408695796
0.3180891440042659,0.2647034443885699
0.16232238637432955,0.18796867833400566
0.21257175119977417,0.21339957228353074
0.24274646341080894,0.22844148739231104
0.22006837928546782,0.2160465514668907
0.4160785420783539,0.2919137272672012
0.41730184122204445,0.2958869590685286
0.22888240644898214,0.2279883510811722
0.4575138797402842,0.3065080321174176
0.4813838963646059,0.31844983173169916
0.3947178570308334,0.2841717276098165
0.39343182459772286,0.28416620155724165
