0.48614395613941946,0.31527710989356345
0.23107885059024527,0.1940166830114236
0.478393065703999,0.31034339135406525
0.4475053329601066,0.3042851030476976
0.5460275479966409,0.320214614863253
0.489030028667677,0.31792382459740776
0.48613430372293703,0.313380108367632
0.34125153232111666,0.2656332236530721
0.47938726460169306,0.31186932272123163
0.2571693323423519,0.21258155024024897
0.32674395034796966,0.260320862094426
0.22430285421955384,0.19060132297870883
0.2784239534367429,0.2326572031154747
0.21852105674655645,0.18038174789190495
0.26008436212005676,0.21864741140699956
0.24557678014690976,0.21219912079090952
0.4349475391164178,0.3031453875600622
0.39533402187237576,0.2963146674946327
0.31033484232777675,0.2535052877497624
0.3557301570448162,0.27434201309347556
0.42336463933745816,0.29860167133028653
0.33543112518218937,0.26448593530505377
0.27845291068619027,0.24251328090389662
0.29199525101109064,0.2474469994433947
0.4552272661460797,0.3080715332391774
0.3412611847375991,0.27169529838963125
0.3074101601335894,0.25122207034430005
0.329649327709192,0.2607032915437654
0.2397949826739124,0.2031154747615495
0.2784336058532254,0.2326609895456662
0.3141958089207633,0.2584276469986861
0.49192575361241686,0.3198170396931477
0.24365594926689896,0.2069019049530293
0.3740987056109497,0.2883631640925252
0.2678256001389948,0.23115020389926577
0.36637677242497657,0.2830621618244535
