0.31529305467176827,0.15563077907373538
0.30873696012076435,0.153965931742362
0.30718884031502314,0.1517276019953282
0.2906002683040375,0.1478464758749525
0.3033295594469742,0.1492467904633702
0.3245542268904554,0.1590378095964352
0.486192258850039,0.193405645250015
0.363521669545288,0.17055990768838947
0.372780087102399,0.17275405676593883
0.3565771677120607,0.1688619051665474
0.36660689051046635,0.17082451918476668
0.31529580933334433,0.15679955860282302
0.36892356089592615,0.1722468847312158
0.3870519887279248,0.17583024416474555
0.3604336939185337,0.1694903574704433
0.36043369391853364,0.1691816440580032
0.3492442585966102,0.1660061485946334
0.36583558526917176,0.1706591369995309
0.34230251142495893,0.16514616123140743
0.3392145357982046,0.16349226062562824
0.3176097250572282,0.15785800458833188
0.35040397112012805,0.16740646318305108
0.34693034287272645,0.16536667081172177
0.32609683737304457,0.15918114082363954
0.3882117012514428,0.17623826564174866
0.38898300649273737,0.1765249280961573
0.3966988135672592,0.1781567777439051
0.4877348693326282,0.19352692551918785
0.4453048170766981,0.18756190511141999
0.4395172731054126,0.1859741573797351
0.4198462347908248,0.18277668971175545
0.42215739585313256,0.1830412224547111
0.4001696871530849,0.17890651031697388
0.3689208062343501,0.1717175829850398
0.4078854942276067,0.1800863153250772
0.43720335738152893,0.18593005546367225
0.3407599009423698,0.16410976620392997
0.32841350775850436,0.16116580579989023
0.3461617922930079,0.1652895712120333
0.5556262585360077,0.20241393412638556
0.5876436900344609,0.20630616447919853
0.4098165119924192,0.18024075078471882
0.48156442740227157,0.19330641593887352
0.32764220251720977,0.16028376747863282
0.36352166954528803,0.17061503508346804
0.3500183184994808,0.1669654440224224
0.3191523355398172,0.1583541511440392
0.3087342054591883,0.15220177634642562
0.317609725057228,0.15719647584738883
0.31259348632723727,0.1554543714094839
0.36159065178047556,0.16982112184091483
0.3299561182410935,0.16168400331362898
0.3380575779362627,0.16296303763287381
0.35348919208530644,0.1679026097387584
0.35618876042983744,0.1679136352177741
0.363518914883712,0.17003060594221345
0.40325490811826314,0.179292402082524
0.43296117855440874,0.18507006810044624
0.4048002732624284,0.17962324520641706
0.4051859258830757,0.18000913697196722
0.4275592872037706,0.18414384910970444
0.4102021646130665,0.1809243304836933
0.41946058217017756,0.1827105368376611
0.3847408276656171,0.17556571142178987
0.4121304277163029,0.18132124772825914
0.39245388007856297,0.17680056507155026
0.37586530806757734,0.17347071290196048
0.38126719941821546,0.17466154338907947
0.38203850465951006,0.17530102117199112
0.4661355679148038,0.19096893563411982
0.4414482908702252,0.1868672999334298
0.41019940995149046,0.18084707337716174
0.4298759575892304,0.1849598133102891
0.41328738557824485,0.18150868087152633
0.4402913330082834,0.18665781583213115
0.42563102410053416,0.1840225688405315
0.4186865222673069,0.18256712685703524
0.3789505290327557,0.17417634355896638
0.4456904696973454,0.18757293059043573
0.43681770476088166,0.18572057136237363
0.4294903049685831,0.184728278250959
0.45186366628927804,0.18832274191692602
0.5378807286630801,0.20164199308844225
0.4927483534010429,0.19447511671453957
0.4923627007803956,0.1943758874033981
0.5556235038744316,0.20228154962477543
0.5286250657675452,0.2008481585993106
0.5182096903484923,0.19955809880105005
0.42524537147988684,0.1839343650084058
0.3874403960101482,0.1759626286663557
0.3403714936601464,0.16380097403806831
0.373937044964341,0.1730737956573946
0.34963266587883346,0.16644724650868367
0.3338153991091425,0.16227945793389928
0.360822101200757,0.16954556361894343
0.33728627269496814,0.16263227326240223
0.3102823252649296,0.155355220851764
0.33111583076461143,0.161706133025082
0.4136730381988922,0.181718164972825
0.39091126959597383,0.17667928480237738
0.408268392186678,0.18018546588279713
0.35927673605659183,0.1691154911839089
0.3673781957517609,0.17112220711819104
0.4078854942276068,0.18015246819917152
0.3951562030846701,0.1777267840622921
0.45147525900705465,0.18826753576842592
0.4599651259844472,0.1903515088092396
0.4761652907132095,0.19310795731659056
0.4904344376771593,0.1943648619243824
0.4595767187022239,0.19013092047550373
0.41675825916407044,0.18224738796557943
0.4723060098451606,0.19164148985407858
0.4429909013528144,0.18725319169897992
0.45224931890992537,0.18895119422082193
0.42254580313535584,0.18329488722549417
0.3986270766704957,0.17888445935894245
0.4229314557560031,0.1835043713267928
0.424088413617945,0.1836366770749814
0.4283305924450652,0.18447461348017594
0.43643205214023434,0.18533467959682348
0.49429371854520815,0.19559979432756433
0.4765509433338568,0.19327333950182635
0.43604639951958707,0.1852023738486349
0.449164097944747,0.1880030030254702
0.45649149773704556,0.1898001561050322
0.4973816941719626,0.19690087960484057
0.4730800697480312,0.19253463240777327
0.4665212205354512,0.19158636245900001
0.4989243046545518,0.19693395604188774
0.4591938207431526,0.18986638773254805
0.4202318874114721,0.1830192502501012
0.42871899972728855,0.18459597250277038
0.5536924861096191,0.2020499358120238
0.5564003184388783,0.20583191137467957
0.5070257643497209,0.19790427694869242
0.45533453987510364,0.18909452544802627
0.34847570801689165,0.16594007447396067
0.3345867043504371,0.16258817134633938
0.37818197845303714,0.174055142043215
0.40209795025632133,0.1792372746874454
0.3804958941769209,0.17419847327041935
0.41907492954953024,0.18256720561045678
0.39361359260208095,0.17758345283508775
0.4603480239435184,0.1903624555348338
0.44877293600094764,0.18800284551862717
0.4757768834309861,0.1925786555704146
