0.005695267840108534,0.02121590446908242
0.9445806629404818,0.30446777568397965
0.04247426177033797,0.03864173782464837
0.0028688321874492124,0.019430035592148932
0.03342260159269649,0.03528724448599373
0.0022964789677856995,0.01672890891578703
0.9338402074603764,0.3029432534719632
2.119826739494492e-05,0.008669631136406081
0.0005935514870584577,0.013417973354618569
0.9180051017163525,0.3015053023427006
0.9536323231181233,0.3049474557085462
1.4132178263296614e-05,0.005053791132834343
0.8818125931840499,0.2973662245370761
0.9389277916351632,0.3032481579143665
0.031161453070569035,0.034198300048839156
7.066089131648307e-06,0.003615840003571738
0.04248132785946963,0.04413056226012596
0.8354378502130422,0.2915278489372719
0.9016047088417969,0.3005029289882999
0.9033005702333925,0.3009385067631617
0.8620204775263031,0.29536202230049313
0.8280820514269962,0.2903512444729264
0.9230926858911394,0.3029427089997447
0.8529688173486616,0.2948823422759266
0.8885960387504324,0.299239208968982
0.8671080617010899,0.2967994289575372
0.836003137343574,0.2918327533796752
0.8501423816960023,0.2937498400612858
0.8405254343878289,0.2926167933744265
0.8642886921375622,0.2953625667727117
0.8552370319599207,0.29488288674814517
0.8320461274298511,0.2914407333822996
0.8314808402993191,0.2907873667200068
0.8405254343878289,0.2926167933744265
0.025494449586987097,0.030189895575673198
0.8105581503805085,0.28721508449392125
0.8416560086488927,0.29270390892939885
0.8382642858657015,0.2923118889320232
0.7998106288112715,0.2856900178096863
0.8608899032652395,0.2950571178580899
0.8150804474247635,0.2883911444860482
0.832046127429851,0.291310060049841
0.014174574798086502,0.023001773346015907
0.8524035302181298,0.2942289756136338
0.8258209029048688,0.29004634003052315
0.8145151602942317,0.2880862400436449
0.88181259318405,0.2984987267517169
0.762487546017905,0.27902458890986315
0.7913242557641619,0.2839471622380204
0.8235597543827413,0.28956720447817513
0.8173415959468909,0.2888702800383962
0.8246903286438051,0.28965432003314745
0.7811490874145882,0.28229196669354545
0.8269514771659325,0.29013345558549547
0.8343143420411102,0.2914412778545182
0.786236671589375,0.2833373533532138
0.7291214731382618,0.27244627556501244
0.7941577575059529,0.2848188622599626
0.7596611103652458,0.27815343336013953
0.7794532260229927,0.2822484089160593
0.802071777333399,0.2858206911421448
0.11941690632485637,0.0795038333566549
0.8229944672522095,0.28926230003577186
0.7890631072420344,0.28364225779561714
0.8026370644639308,0.2861255955845481
0.7851060973283114,0.28311956446578296
0.8082899357692495,0.28699675113427175
0.0005864853979268094,0.011065308898146126
0.8111234375110404,0.287868451156214
0.793592470375421,0.28451395781755934
0.05435942368977042,0.04665745782654313
0.7839755230672476,0.2830324489108106
0.7511747373181361,0.2768461555633354
0.8207333187300822,0.28926230003577186
0.7958536188975484,0.28486242003744877
0.8727609330064084,0.29688654451250956
0.7986800545502077,0.2856029022547139
0.8173415959468908,0.2887396067059377
0.8439242232601518,0.29270445340161744
0.7771920775008652,0.28155148447628037
0.8235597543827413,0.2895672044781751
0.015319281237413527,0.028752488918629172
0.7325131959214529,0.2729254111173604
0.7828449488061839,0.28264042891343494
0.8196027444690184,0.2891751844807995
0.7619222588873732,0.27871968446745987
0.8196027444690184,0.2891751844807995
0.0752891796977127,0.0581578000273325
0.7918966089838253,0.2843397267076146
0.41864458278276734,0.19516443333237143
0.801506490202867,0.28573357558717244
0.08944255622840425,0.0703120533626332
0.8128192989026359,0.28791200893370017
0.8230015333413413,0.28926284450799045
0.7749309289787377,0.28129013781136325
0.7896354604616979,0.28377347560029426
0.8744567943980041,0.29732212228737137
0.38074208068060583,0.1816593444227805
0.8212986058606139,0.28926230003577186
0.11489460928060144,0.07932960224671017
0.802071777333399,0.2858206911421448
0.7879325329809707,0.2835551422406447
0.12564213084983852,0.08250986447542007
0.8105581503805085,0.2873457578263798
0.06058464821475258,0.05092666449240761
0.7986800545502077,0.2856029022547139
0.74326071749069,0.2754087489062914
0.165233428254464,0.09949903111168705
0.7698362787148194,0.28006997556953156
0.7387384204464351,0.2744069200241092
0.050960634817447586,0.04456614003498778
0.4802891443672672,0.21319953110052536
0.8461853717822794,0.2933578200639102
0.7104599317415787,0.2690046666713854
0.8258209029048688,0.2900463400305231
0.10245122631976879,0.07070461783222742
0.8840808077953092,0.2984992712239355
0.7766267903703334,0.281464368921308
0.6855731658199132,0.2639944333160372
0.8071593615081857,0.2869096355792994
0.13356321676641628,0.09148331110979227
0.7817143745451202,0.2825533133584625
0.7879325329809707,0.28355514224064476
0.7336508362716484,0.2731437444770099
0.7234615357438114,0.2717052488755287
0.17656036913249623,0.11200174666687718
0.8767250090092632,0.29732266675958996
0.08829784978907723,0.0646484533449923
0.7161128030468972,0.2704420733284294
0.8048982129860582,0.2866047311368961
0.8145151602942315,0.2879555667111864
0.6776591459924672,0.26242635332653463
0.725722684265939,0.27218438442787674
0.5826485115283243,0.24060063997264572
0.7387384204464351,0.2742762466916507
0.8229944672522095,0.2892623000357718
0.7048070604362602,0.2679157222342308
0.7726697804566103,0.28072388670404286
0.8252626818634687,0.2897855378378246
0.74326071749069,0.2752780755738329
0.7155475159163653,0.2701371688860261
0.33549084588152994,0.16667329107865936
0.7641834074095007,0.2791988200198079
0.6635269677291707,0.2578963444679717
0.7443912917517538,0.2754958644612638
0.7115905060026423,0.26939668666876104
0.7319549748800529,0.2727517244796343
0.6499459444181426,0.2566756377539214
0.4367479031380503,0.19947774224794065
0.2874202415189265,0.14977123999736472
0.08887020300874074,0.06473611337218324
0.3089152846574006,0.1585274422165246
0.6001865447530754,0.24626423999028657
0.1522318242522311,0.09893278000436667
0.6454236473738878,0.25645784886649053
0.7127210802637061,0.2694838022237334
0.7726697804566103,0.2805932133715843
0.17485744165176897,0.10925706221302912
0.7721044933260784,0.2804189822616396
0.6674839776428937,0.26024846445222555
0.7704086319344828,0.2802447511516949
0.7873672458504388,0.2834244689081862
0.7873672458504388,0.28342446890818623
0.6900954628641682,0.26473491553330236
0.6239286042354137,0.25005376663158446
0.3462524996290303,0.17055156669158533
0.7138516545247697,0.27009361110853997
0.15958055694914536,0.09915056889179757
0.3292797535348111,0.16554133333623716
0.3954395460744343,0.18536175550910602
0.7771920775008652,0.28176927336371127
0.7540011729707955,0.2774124066706558
0.8495770945654705,0.2934449356188825
0.037944898636951406,0.03859763557494361
0.5752997788314101,0.2390325599831431
0.605839416058394,0.24713539554001024
0.41920986991329917,0.1984748244213213
0.14884010146903992,0.09627575557770954
0.7449565788822856,0.2755829800162361
0.7387384204464351,0.2746247089115401
0.8026370644639307,0.28599492225208956
0.44069078087351005,0.2010447332930061
0.07528211360858104,0.05637138667818044
0.18617025035153792,0.11296001777157319
0.7788879388924609,0.281943504473656
0.35981232467266344,0.17603930218262578
0.5849096600504519,0.24251718218203772
0.7579581828845185,0.27810933111043473
0.7749309289787377,0.2812030222563909
0.12790327937196597,0.08394727113246411
0.7477830145349449,0.27645413556595977
0.6097964259721171,0.2490083799719161
0.7285561860077299,0.2721849289000953
0.06397637099794375,0.054324171136329855
0.7472177274044131,0.2761492311235565
0.6392054889380373,0.25432351776966755
0.6703104132955532,0.2615116399993248
0.5543700228234678,0.23293338219064041
0.7534358858402636,0.27732529111568344
0.5662551847429003,0.2361141888915689
0.82921262568806,0.29043836002789875
0.5571964584761272,0.23480636662254625
0.8869001773588367,0.2988036311941202
0.7901936815030981,0.283860046683048
0.6646575419902345,0.2601613488972532
0.6951830470389551,0.26547539775056744
0.6555988157234613,0.25732900441621415
0.3909172490301794,0.18475194662429945
0.48595614785084906,0.21694658890877422
0.21389051801499415,0.12306705556502333
0.7771920775008653,0.28155148447628037
0.17485744165176895,0.10956196665543239
0.49613131620042267,0.2173386089061499
0.4446619229654964,0.20522736887611678
0.2755492117777573,0.1458510400236083
0.34568014640936684,0.17020255999947728
0.674832710339808,0.2620778911066452
0.6748327103398081,0.2617729866642419
0.5374114089075119,0.22984077998912145
0.2608305481165339,0.13948997109396993
0.5837790857893881,0.24125400663493843
0.7455218660128174,0.27588788445863943
0.6397707760685691,0.25484621109950173
0.20879586775107575,0.12141131554832979
0.7404342818380308,0.27466826668902633
0.6929360306950909,0.2647360044777395
0.7494788759265406,0.2766283666759045
0.7409995689685626,0.27471182446651243
0.575865065961942,0.24051352441767335
0.7534358858402636,0.27732529111568344
0.47237512453982106,0.21293818443560825
0.7087640703499831,0.2687868777839545
0.7036764861751963,0.26756726001434133
0.7070682089583874,0.26861264667400975
0.7964189060280803,0.28529799781231063
0.5176263593388968,0.2239169222510006
0.6878343143420407,0.2643428955359267
0.2574317592442111,0.1370501910825251
0.7523053115791998,0.27723817556071106
0.3196698723157694,0.1644088311215964
0.16581284756325915,0.10551109334921743
0.17203100599910964,0.10690494222877524
0.4593593883593248,0.20945247329227648
0.759654044276114,0.2781528888879209
0.23367556758360944,0.13003629996281255
0.25800411246387456,0.1375298711070917
0.7743656418482059,0.28098523336896
0.3688639848503049,0.17752081108937456
0.5272221083796752,0.22696487773059623
0.33607026519032507,0.16758909335030633
0.7981147674196758,0.2853415555897968
0.24047314532825514,0.13369624221608906
0.5747344917008783,0.23803073110096093
0.5260915341186114,0.2266164155107068
0.0690710212618622,0.05550077560067536
0.6759632846008715,0.2623827955490485
0.4084552822549305,0.19080756663931603
0.7726697804566103,0.2805932133715843
0.49950890680535054,0.2201252177208284
0.8105510842913768,0.28699675113427175
0.3728280608531597,0.18083174665054302
0.3043929876131457,0.1575256133343424
0.19069961348492445,0.11566114444793513
0.6623963934681071,0.2577656711355132
0.5102634944637192,0.22173794443225434
0.7042417733057282,0.26782860667925845
0.7132863673942381,0.2695709177787058
0.7376078461853716,0.2740584578042198
0.6748327103398081,0.2617729866642419
0.7421301432296263,0.27510384446388814
0.6335526176327186,0.2534523622199439
0.6555988157234612,0.25732900441621415
0.3592541036312632,0.17386195778053523
0.7771920775008652,0.28150792669879415
0.0798256089202309,0.06377784226748723
0.44351721652616943,0.20226435106261922
0.05436648977890207,0.050273297830114874
0.3083499975268688,0.1582660955516075
0.7647486945400325,0.27950372446221117
0.3643487538951816,0.17691154667678657
0.5928236798778979,0.2440852621715403
0.7019806247836008,0.2675237022368552
0.5204386628132928,0.22622439551333112
0.6968930406088141,0.26608629557981117
0.2766656538605578,0.1487683221707454
0.6804855816451266,0.26342818220871683
0.7573999618431183,0.2779356444727086
0.701415337653069,0.26726235557193806
0.5125246429858467,0.22361092886416017
0.19070667957405613,0.11858006001172791
0.657294677115057,0.25754679330364505
0.6295956077189956,0.2523198600053031
0.24500250846164168,0.13556977112021348
0.7002847633920053,0.26713168223947953
0.1245115565887748,0.08107245781837605
0.367175189547841,0.1773471244516484
0.6691798390344893,0.26068404222708735
0.678789720253531,0.262992604433855
0.5549353099539998,0.2334996332979608
0.7817143745451202,0.28255331335846257
0.609796425972117,0.2490083799719161
0.6646575419902345,0.25868038446272296
0.7477830145349449,0.27623634667852887
0.4440966358349645,0.20348505777666948
0.7342161234021803,0.27344864891941323
0.1963524847902431,0.12128009774365268
0.592258392747366,0.2436061266191923
0.3858367309445242,0.18331508443947403
0.7409995689685626,0.27497317113142955
0.6341179047632505,0.25349591999743004
0.10584294910295998,0.07357943114631549
0.12055454667505176,0.08028841782362477
0.25348181541961967,0.13696361999977133
0.6465542216349516,0.25658852219894906
0.3287144664042792,0.16532354444880626
0.5108287815942512,0.22313179331181215
0.7121557931331742,0.2694402444462472
0.7602263974957776,0.27845833780254275
0.3875255262469882,0.18401146440703436
0.5068717716805281,0.22117169332493394
0.5447601416044262,0.23267203552572333
0.7455218660128174,0.27575721112618085
0.10979289292755137,0.07466783111125146
0.5164816528995697,0.22361092886416017
0.16579871538499585,0.09954258888917322
0.6329873305021868,0.2528861111126235
0.7545664601013273,0.2777173111130591
0.4146805067799126,0.1941185022004845
0.3157057963129147,0.16066231778556614
0.7019806247836008,0.2673059133494243
0.34738307389009404,0.1733828222281872
0.7115905060026423,0.26926601333630246
0.6850078786893815,0.26373308665112016
0.6759632846008717,0.2621650066616176
0.7935854042862893,0.2844262977903684
0.2902466771715858,0.15377855552609354
0.0730350972647169,0.0558497822927834
0.4978271775920183,0.21820976445587353
0.21445580514552604,0.12968783774292308
0.6985889020004096,0.26647831557718676
0.13299792963588442,0.0851238755968096
0.2749697924689622,0.14502235330693367
0.3999759752969525,0.1895443910922167
0.8048982129860581,0.2864740578044376
0.7353396315741122,0.2737094511121117
0.5509783000402767,0.23275915108069567
0.7330855491411165,0.2730130711445513
0.3965842525137613,0.18714871333047664
0.3349184926618665,0.16615005327660656
0.22181160393157198,0.12990617110257258
0.08265204457289023,0.06447476670726614
0.6182757329300951,0.24996665107661212
0.537411408907512,0.2294052022142596
0.7602263974957776,0.27871968446745987
0.10979995901668303,0.07649780223788971
0.5283668148190022,0.22761933333732615
0.33437440379872957,0.16571610891840047
0.7771920775008652,0.28150792669879415
0.7121557931331743,0.26944024444624726
0.48198500575886266,0.21502895775494504
0.6974583277393459,0.26634764224472823
0.8461853717822793,0.2932271467314516
0.7189392386995566,0.2709212088807774
0.7376078461853715,0.2739277844717612
0.3371937733622572,0.17020201552725872
0.7364772719243079,0.27392778447176125
0.4293850382628728,0.19943309552601735
0.7681404173232237,0.2798957444595868
0.705937634697324,0.2680028377892032
0.3688710509394367,0.180352611098195
0.4090276354745939,0.19237619110103718
0.24839423124483287,0.1363102533374786
0.44408250365670127,0.2033097377222876
0.6867037400809769,0.2642557799809543
0.5560800163933268,0.23402341557223214
0.23990785819772326,0.13278152888887923
0.5673857590039642,0.2371595755512373
0.5012047681969461,0.22016877549831457
0.74326071749069,0.2754087489062914
0.011913426275959043,0.022087060018806066
0.38527144381399225,0.18261815999969508
0.23651613541453204,0.13247662444647593
0.6510765186792065,0.2571983310837556
0.42824739791267735,0.19851783772658893
0.4848114414115221,0.21677126885439232
0.26140290133619737,0.1439769666472653
0.730824400618989,0.2726646089246619
0.7918966089838253,0.2841219378201837
0.6250591784964774,0.25162184662108705
0.3965842525137613,0.18749717555036613
0.5617187555203822,0.2352419443974081
0.7670098430621599,0.27950372446221117
0.4118540711272532,0.19289888443087136
0.3965771864246296,0.18571076220121405
0.21104995018407158,0.12306596662058618
0.6759632846008717,0.2621650066616176
0.7556970343623911,0.27780442666803146
0.6148840101469039,0.24987953552163975
0.6329873305021868,0.2533652466649715
0.6595699578154478,0.25767855558054076
0.29817482917729515,0.15425878002287868
0.5430642802128307,0.22992789554409382
0.6273344591968681,0.2520149555628998
0.19353311522671549,0.11901563778658976
0.439001985571046,0.20056614221287666
0.45030772818168335,0.20679490439340079
0.38640201807505603,0.18335864221696016
