0.9332765873048666,0.25213057537801065
0.7230435704821481,0.22629638172917485
0.7994165626781919,0.23884377061616918
0.554852198633137,0.19706649805034102
0.07991273232127069,0.0595840512035846
0.9197759909206354,0.25210844566655766
0.91398844694935,0.2518327299377432
0.809834692758821,0.2391526415354524
0.8831307279744146,0.24919748294614355
1.3773307880260371e-05,0.008589241920351784
0.0034929108784340305,0.015270918464141324
0.1644202401513962,0.0948339251784218
0.05136066508549092,0.04741152860312458
0.8908410257257843,0.24990303484972792
0.6489762300252603,0.2150387376267547
0.7658647846818776,0.23609842634125555
0.8229468818608286,0.24085056530387294
0.06487228011602636,0.05850355426004426
0.0818492594092353,0.0603781219529809
0.48078210351467277,0.18057167266203347
0.7905520617264564,0.23797291528077064
0.4649620820834057,0.1748602382716271
0.34845918004743526,0.15211365126772144
0.8580550436476124,0.24673856486537388
0.17290459780563658,0.09529699529708192
0.5266995573258847,0.1963608673933351
0.0019530550574209209,0.014951258326107053
0.004269725442880715,0.017895139976725215
0.033223973268764063,0.04014542291808045
0.8252635522462887,0.24100500076351453
0.668647268339848,0.21809287406753003
0.7361612689073082,0.2289757306368373
0.42522884351043055,0.1683548906386675
1.1018646304208297e-05,0.007288156643075555
0.174830106247297,0.09659792306751508
0.4541638087052815,0.17472793252343852
0.21573132132851816,0.10705070720178778
0.8792714471063656,0.24888869078028192
0.4966021249459399,0.18499312600760093
0.6798394583233477,0.21978000861719946
0.0034956655400100816,0.01573406733622301
0.3141195688403701,0.13956618362730544
0.01933496960230951,0.03520585081219585
0.2161197286107416,0.1104686844500818
0.42407188564848874,0.16803515174721173
0.39127763958558875,0.16093434949398178
0.43255899796430514,0.17151928186960005
0.8113828125645621,0.2400899647586315
0.32376914834128057,0.149489351001716
0.8734839031350802,0.24711350990532982
0.8738723104173036,0.24777511739969443
0.845325752504676,0.2439710908790072
0.300621727117715,0.13935669952600682
0.6802196016208429,0.2203642014981894
0.6107883565964503,0.2061299143217902
0.00040218059010360284,0.010783390997901144
0.0011762404929742361,0.013561890463283542
0.013150754364072599,0.02578969796566524
0.0065836411667644585,0.01983562428349153
0.1879615779803372,0.10351144968432086
0.8761862261411871,0.2485579264098104
0.8453285071662519,0.24434603591896314
0.4765316607028244,0.17916017508775697
0.8318251561204446,0.242670005601731
0.4676588957663605,0.17818985418095232
0.3226066811561865,0.14009548537348146
0.7234292231027957,0.22795020358153245
0.48271036661790917,0.18175139891671532
0.8341418265059045,0.24323238378495413
0.5610226405634935,0.20132233295040805
0.21805350103713003,0.1119131797079839
5.509323152104149e-06,0.004068559263642909
0.8399238611540378,0.2438607573354285
0.8738723104173035,0.2480617798541031
0.3901206817236469,0.15844259123642954
0.23193975004200856,0.11745907440631144
0.37507747485682646,0.15452846743242823
0.8518846017172558,0.2453162780723463
0.36889876894174173,0.15417541584366065
0.9004850959035426,0.2507631009663755
0.6563063844791349,0.21676981658564395
0.2280777145123836,0.11496715864191615
0.013927568928519287,0.02769726334222749
0.05252588693216095,0.05292450437124804
0.11039306266028691,0.06978301306023117
0.881199710209602,0.2490099710494548
0.7326876406599064,0.22798335877200118
0.33765264268458306,0.15082343396261785
0.169433724219811,0.09498828188464183
0.6146421281413472,0.2080262179590721
0.46573614198627633,0.1776828396530724
0.13394266447395606,0.08532964725318697
2.7546615760520743e-06,0.0021720981195179254
0.24968803457651212,0.12136233023814014
0.10422262072993028,0.06723612740760039
0.8877585594221821,0.2493518396523636
0.6929571567485074,0.22432266347851823
0.042099492866803846,0.04208606473168985
0.0007878332107508932,0.011367741385734181
0.0011789951545502879,0.014168370562569556
8.263984728156224e-06,0.0057445108274535375
0.6177328584296776,0.21194042051649495
0.1532280501678966,0.09100784769970313
0.8214097807013918,0.2405640603563073
0.6744375669727094,0.2197358279477151
0.8395409631949665,0.2435190462393628
0.10190870500604653,0.06604537567390285
0.7986535214216255,0.2384360641528523
0.08608592891320342,0.06165692001196106
0.0019503003958448687,0.01448810945402537
0.8349131317471989,0.24350802076034703
0.30061897245613894,0.13889355065392514
0.5023841595940731,0.18951349365062362
0.47614600808217716,0.17892864002842693
0.13201440137071963,0.08412787004047376
0.8912294330080076,0.25037720920082535
0.07606171543794991,0.05907703667570467
0.6914117916043424,0.22255850808258187
0.903573071530297,0.25113804600633144
0.40864302616102105,0.16693252509221837
0.8322108087410919,0.24287948970302958
0.20339043746780486,0.10674199378934769
0.37623167805719226,0.1554986308323899
0.8268089173904538,0.24255967205815224
0.6871613487924941,0.2215439277528712
0.007365965054363246,0.02518329661980077
0.8518818470556798,0.2444231355186516
0.01508452679046116,0.029957486540449614
0.13934731048617024,0.09042357606529164
0.38587574823495074,0.15720765883324764
0.714944865448555,0.22535921601283881
0.9016448084270606,0.2510718931322371
0.029750345021362402,0.04005714033253317
0.8754149208998926,0.24833741682949603
0.6536040614730274,0.21658230468895523
0.6902520790808244,0.2216322890918401
0.8557411279237288,0.24560294052675496
0.14975717658207102,0.09077631264037306
0.2523903575826192,0.12202393773250474
0.44066321232105043,0.17393401928088525
0.3588690461433361,0.15269792290213297
0.3912803942471649,0.16262132653680814
0.9074323523983461,0.2513476088610516
0.583789918489564,0.20380345949605225
0.007360455731211142,0.020585514363403414
0.23695874343357548,0.11856177981472626
0.7438743213202541,0.23017750784955052
0.7535183914980123,0.23064065672163225
0.1613350191862179,0.09392983589913295
0.09341608336707796,0.06527335588253799
0.5004586511524126,0.1870548905835401
0.11195495577390842,0.0814044192167484
0.8970169769792932,0.25065292492963986
0.7558350618834719,0.23330890139685745
0.05020095256197301,0.045570194854078185
0.474603397599588,0.17868607949008117
0.6103944399910748,0.20508225755503237
0.8572864930678941,0.24573532502836515
0.006586395828340511,0.019868779473960218
0.2801683649155283,0.13379946433497739
0.6686527776630001,0.21948224193035362
0.6335501251993686,0.2125469793692025
0.9105175733635243,0.25144683817219304
0.4067147630577847,0.16668996455387258
0.2531644174854898,0.1252103799214687
0.0007905878723269453,0.01170960998864297
0.004266970781304663,0.015987653353584517
0.8260376121491593,0.24236121343586933
0.8102203453794682,0.23941725303182967
0.10653929111539004,0.06873567130715952
0.6424173808126803,0.21446533396451584
0.7222722652408538,0.2261971524180334
0.81369397362687,0.2404206503756815
0.6150277807619946,0.2095477340632412
0.17676663333526157,0.10123988599339684
0.5957396404064776,0.2049499518068438
0.2766947366681266,0.13038148708668337
