0.42482034468382784,0.16623880224823467
0.47966732852368205,0.18300963552485217
0.5011623716621562,0.18462236223627806
0.4400760311190565,0.1665431622184194
0.4570417111241441,0.17259823776121735
0.45364998834095294,0.16745842001784778
0.3699450964874471,0.140667120030534
0.3201644985549848,0.12363330667234369
0.3671115947456561,0.13535252670500117
0.6131316200422552,0.20688365336502887
0.5803379003822754,0.20117704004212036
0.5746850290769567,0.20074146226725856
0.5825919828152712,0.2039641933290175
0.6120010457811914,0.2051413422655816
0.46044756608559856,0.1764324111244386
0.42028391546130967,0.15878933335366027
0.4038835225867539,0.1582660955516075
0.4214144897223734,0.16205616666512399
0.31225754481667034,0.1193216311734302
0.3015170893365649,0.11479162231486721
0.29303071628945526,0.11204693786101912
0.352407063262696,0.13295630447104254
0.31792454830025224,0.12184907121206594
0.31338811907773406,0.11958297783834729
0.3179174822111206,0.12102092896760991
0.30716996064188357,0.11845047562370657
0.3054811653394196,0.11644736233156071
0.6560863758735451,0.21219715774612458
0.32865793769122603,0.1305600822370839
0.3563570070872874,0.1338704733260338
0.42084920259184155,0.1588328911311465
0.35466821178482344,0.13321765113595962
0.36881452222638333,0.14053644669807544
0.3557987860458872,0.13343544002339053
0.3258315020385667,0.12594295782354853
0.38467082623780224,0.1477256578721699
0.36769808014358285,0.13910012898546859
0.380713816324079,0.14585267344026404
0.3733650836271648,0.1439796890083582
0.5492541742921545,0.19908681119500218
0.5469788935917637,0.1929005178475271
0.5147433949731842,0.18684489783251051
0.5198380452371025,0.18771659785445277
0.5311508539368716,0.19198580452031727
0.5220991937592301,0.18871842673663497
0.5181280516672436,0.18706214224772286
0.39428777354597544,0.15582794895681845
0.2364737388797422,0.08922048456938508
0.29076956776732776,0.1087801045495554
0.23024144826562842,0.08708506452812498
0.2670133761067262,0.09971899788799227
0.27153567315098115,0.10808209116533933
0.2556935013178256,0.09309712676565535
0.35806700065714625,0.13487339115265312
