0.33945492188438464,0.16745787554562924
0.32079338048770145,0.16209972444261017
0.2693169211636436,0.14179907777295614
0.2546265218589467,0.13700826672169467
0.2687516340331117,0.14084080666826015
0.27328099716649823,0.14284500890484314
0.2642222708997251,0.1397077599814008
0.2636640498583249,0.1391856111237852
0.2823255912550081,0.14785415331575416
0.35697882293087246,0.17386086883609808
0.333802050579066,0.1667609511058503
0.3722557076334961,0.17878398663647385
0.3620734731947909,0.1759521866276534
0.36999455911136864,0.17691100220456799
0.2834773637834667,0.15238579559097287
0.34681778675956215,0.17320859111824247
0.34398428501777123,0.16989765555707403
0.3230615950989606,0.16541066000377863
0.29818189526642686,0.1577875044714781
0.31288642674938705,0.1612291133651051
0.33323676344853415,0.16597691111109902
0.31740872379364193,0.161446902252536
0.297616608135895,0.15735192669661627
0.2755492117777574,0.14476209558645373
0.35529709371754015,0.17351349556064577
0.35359416623681295,0.1732516044235101
0.29251489178284495,0.15264659778367137
0.3117487863991916,0.1592684689060083
0.274411571427562,0.14336770223467732
0.3456872124984985,0.17116137557639188
0.35699295510913576,0.17425397777791088
0.29760247595763173,0.15277727111612993
0.3083499975268688,0.15822253777412135
0.39035902798877903,0.1863205710860206
0.3841338034637969,0.18231271108507324
0.3739515690250917,0.1817023577280481
0.5424777948149038,0.22165028440506337
0.5029076956776732,0.217033159991528
0.4774485765363444,0.21014939773205543
0.5243815405487524,0.21746819329417127
0.3926201765109065,0.18632057108602063
0.34059256223458,0.16976698222461548
0.39714953964429306,0.18902169776238253
0.4067594208633348,0.19176583774401204
0.3813144339002692,0.18192123555991616
0.40393298521067544,0.19124314441417783
0.3462454335398987,0.1717706399889799
0.3898008069473789,0.18488370890119515
0.3875325923361197,0.1830537377745569
0.3643487538951816,0.17682443112181423
0.37056691233103217,0.17699866223175895
0.3716974865920959,0.17708577778673132
0.3869602391164562,0.18248694219501796
0.3892284537277153,0.18422979776668383
0.4180722295631037,0.19424917553294302
0.4548300252259382,0.20374585996936798
0.47858621688653985,0.21115177108645616
0.48989902558630877,0.21333020443298392
0.45935938835932477,0.2061856399808128
0.3965771864246296,0.1871046110807719
0.4491771539206195,0.20365874441439563
0.46387461931444796,0.20858077327033425
0.4231527476487588,0.19529401772039282
0.43390733530712755,0.19877972886372458
0.4174998763434402,0.1940308421732935
0.4576564608785975,0.20500903551646726
0.49102959984737243,0.21341731998795627
0.41015114364652594,0.19272410884870805
0.4718027713201574,0.20971436442941216
0.48367380106132657,0.21150023330634565
0.47179570523102576,0.20862487552003903
0.4378643452208506,0.2016980999552988
0.5300414779432028,0.22051778219042262
0.4265586026102133,0.19812636220143182
0.46275111114251594,0.20679544886561935
0.5000741939358821,0.21603078663712724
0.5006394810664141,0.21633569107953052
0.5266497551600116,0.22003864663807463
0.5368319895987167,0.22056188444012736
0.4474812925290239,0.20243912664478253
