0.5650680817687834,0.19507840672183618
0.5475441807222956,0.19163734230042778
0.5288826393256124,0.1884135222942317
0.5096628768875291,0.18501601565030945
0.5322814281979353,0.19128888008053832
0.5696115770804333,0.19564629124581234
0.5170186756735748,0.18680242899946153
0.5379484316815172,0.1915077579124064
0.5571752602087322,0.19233590015686247
0.4768691572275492,0.18466700895820143
0.3060252542025565,0.11283043338355181
0.3167727757717936,0.11522665561751044
0.2850954981946142,0.10660058225859054
0.29980002967757435,0.11117469336685828
0.2890595741974689,0.10895324671506297
0.33549084588153,0.1539979778301802
0.38185852276340615,0.16253639116190916
0.34622423527250373,0.15613176445478455
0.3507535984058903,0.1577875044714781
0.3773220935408879,0.16079299111802473
0.3886561005080518,0.16780797118217441
0.4497141766946249,0.18052738668035834
0.40957172433773076,0.1686355689544119
0.3841196712855336,0.16754553557282018
0.4406625165169834,0.17429808002761565
0.32190275648137023,0.1479418133429451
0.3292514891782845,0.149117873335072
0.41916747337850924,0.17116083110417332
0.3677122123218462,0.1605316444531076
0.41465224242338594,0.1701159889167235
0.36375520240812315,0.1585279866887432
0.3168081062174518,0.13936038670594852
0.3818514566742745,0.16131622892007746
0.3931642653740435,0.16785044001522342
0.5141569095752574,0.18649480219596534
0.6425406830081755,0.2144637955920618
0.6001088177726274,0.19978210221812537
0.6278290854360837,0.2063174022577085
0.5876866330791897,0.1986071311704356
0.6329237357000022,0.20958478004139075
0.6102910522113325,0.2016120733447636
0.6176468509973786,0.20418252668866702
0.627822019346952,0.20453098890855645
0.6052034680365458,0.20056668668509522
0.6165162767363147,0.20183040670441313
0.6674203828407091,0.21611953560875533
0.6227415012612969,0.20422662893837173
0.5984200224701635,0.19904216447307882
0.6023840984730181,0.1998703067175349
