0.4735475526298009,0.282316235076732
0.619376260846903,0.31604575522243383
0.5700910222874297,0.30049867285621784
0.5585177749249526,0.2944441709800417
0.39430121330875184,0.24782185603235124
0.3972162430864567,0.24972264398847407
0.28993928630032534,0.19097996599785685
0.37886699935328816,0.23987413906043517
0.342149207053986,0.227363773707786
0.34890589859171245,0.23304341899500566
0.39044989913224776,0.24176735415617506
0.3363481047480237,0.2220589850095228
0.31220741112537526,0.21940469744529548
0.5218289398750977,0.29292581247325833
0.2648526558623952,0.17508074562383324
0.23200548257256204,0.15575859235671197
0.27064410575187503,0.18038174789190492
0.27935058541905966,0.1872048950969515
0.2667927915753709,0.1777350331880606
0.23684134323027767,0.16068473803582714
0.22331830773834224,0.155379949337564
0.2590708583893978,0.1747058890348768
0.25614617619521046,0.1682575984187867
0.24263279311975747,0.16371388218901095
0.38659858495574373,0.24101385454807062
0.5749847974440402,0.3058261801356299
0.5585563845908823,0.3001389619880273
0.36341348056485945,0.23419070734302402
0.4397061804422738,0.27282744101688367
0.41169486781015635,0.25918871946717353
0.41845155934788275,0.2633537926778013
0.4010675572629608,0.2580490039795381
0.4348703197845581,0.2686585813760644
0.4889721141687821,0.2879883075035687
0.37496742309437175,0.2387230642822253
0.45516935164718486,0.28078651727937415
0.3904209418828003,0.24175599486560065
0.4947732164747445,0.29177852412523997
0.43293983648806483,0.26411486514628874
0.4155461819866604,0.26107814813272195
0.44648217681296515,0.27851465916448626
0.3392438296927636,0.2239522001052627
0.29672493508749914,0.20272925888201862
0.3305470024420614,0.2194046974452955
0.29866507080047494,0.20765540456113377
0.33538286309977705,0.22054441293293087
0.2899682435497727,0.19970011472883478
0.2851227304755746,0.18946918035145638
