0.3048225860211944,0.10567267983166614
0.34226670082447014,0.13246561763434017
0.42521782486412635,0.1586631795701654
0.38124240746403104,0.15483702333802524
0.3607862906002683,0.14038214782789007
0.37699471931375866,0.1491477186590718
0.37815443183727665,0.15101110336614965
0.3704331154396027,0.14608247798585922
0.3677280377719195,0.14168315435174475
0.4263775373876443,0.15965555143500154
0.4283030458293046,0.16010751732122444
0.44913379666741043,0.16585194939525644
0.5718016313105854,0.181255409867851
0.5779720732409421,0.18134361369997673
0.5216585266417095,0.17731907759897514
0.4209728913754301,0.15716363567060626
0.4136454915831315,0.15584057818872016
0.4232868070993138,0.15842054027839808
0.43177942873828234,0.16032818440838187
0.5486569647485959,0.18058269814104913
0.5656284347186528,0.18086943934887934
0.4819225334071583,0.1689944471750006
0.48462485641326536,0.1701632267040882
0.46147743518969975,0.16743969712694132
0.48501050903391263,0.1721588384059331
0.46958164954644505,0.1682447146019318
0.32411348103828713,0.11285050293116297
0.33531944432966687,0.13123060647773668
0.3484371427548269,0.13350201266181763
0.5459573964040648,0.180042449669279
0.5008305304651798,0.17596286492662033
0.4329308772770722,0.1608351989362618
0.4433434980345489,0.16225748572928939
