0.0015618931136215262,0.013054718428560529
0.9332765873048666,0.25213057537801065
0.9197759909206354,0.25210844566655766
0.9105175733635243,0.25144683817219304
0.011608143881483441,0.026594557933812633
0.0034956655400100816,0.0163514941611032
1.3773307880260371e-05,0.008589241920351784
0.8985568328003063,0.25069694809228116
0.0065836411667644585,0.01887640760912409
0.863842587618898,0.24630864993718243
0.8653851981014871,0.24706940798926694
0.00039942592852755076,0.009107439434090514
0.91398844694935,0.2518327299377432
8.263984728156224e-06,0.0057445108274535375
0.00040218059010360284,0.010783390997901144
0.8777315912853526,0.2471026419331572
1.1018646304208297e-05,0.007288156643075555
0.8800455070092362,0.24839262297799616
5.509323152104149e-06,0.003848049683328555
0.8106087526616914,0.2417326823785519
0.8403122684362611,0.24520594452876757
0.8526559069585505,0.24622036735163516
0.756992019745414,0.23572348130129958
0.803281352869393,0.24113730651170315
0.8055925139317007,0.24156722143989456
0.6860154095768562,0.2279610715537051
0.009288718834447592,0.02198575019839956
0.6914145462659185,0.22874388056382106
0.6891006305420347,0.2282256830500823
0.7311450301773172,0.23327558869954562
0.808677734896879,0.24166645075103602
0.7342330058040717,0.2339151452358788
0.6821588833703833,0.2274649249979978
0.6952710724723914,0.22924002711952834
0.6898719357833293,0.22851234550449098
0.7311477848388934,0.23336387128509292
0.6740546690136383,0.2263401686315515
0.7053035499323729,0.23054119115022612
0.6713551006691072,0.22586607303387565
0.6721264059104018,0.22616376096730004
0.7022155743056185,0.23016624611027017
0.8210268827423205,0.24290154066106104
0.6971993355756277,0.22941643478377985
0.6825417813294548,0.22749792268162342
0.6732833637723437,0.22618581192533146
0.7365469215279554,0.2339592471519417
0.7377038793898973,0.23416873125324034
0.6809991708468655,0.22726638762229334
0.8318224014588685,0.24440092705377708
0.8507248891937379,0.246165161203135
0.6740546690136383,0.22635119411056723
0.6840871464736198,0.22764133266224928
0.7002873112023822,0.22984650721881436
0.005423928643246535,0.016704309489606165
0.8939290013525388,0.2502779798896839
0.79942482666292,0.24016706435831997
0.00349291087843403,0.013925810024223767
0.7145592128279078,0.23124682180723208
0.8264232647698064,0.24348581229547253
0.8028957002487457,0.241104230074656
0.7157161706898497,0.23166579000982931
0.6755972794962274,0.2265717036908816
0.6929599114100836,0.22888729054444693
0.7114739918627295,0.2310814396219963
0.680227865605571,0.2271120309160733
0.6875580200594454,0.22819260661303517
0.6617110304913489,0.22469729350478804
0.6987419460582168,0.22964796984310992
0.6748259742549328,0.22641734698466154
0.7766658127215778,0.23828154993978917
0.003490156216857978,0.013286253487890599
0.028598896482572633,0.04013447619248628
0.6941141146104495,0.22898644110216684
0.6628679883532909,0.22477447185789806
0.024742370276099733,0.03978166086398331
0.6582401569055234,0.22412396859597072
0.8221810859426862,0.24337555750531534
0.7515901283947758,0.23542571461445366
0.6806135182262183,0.227123056395089
0.6385663639293595,0.22126821202405675
0.679070907743629,0.22708997995804187
0.7091600761388458,0.23066247141939902
0.6647990061181033,0.22507223854474398
0.6462821710038813,0.22242596607412865
0.6655703113593979,0.2251383914188383
0.07065706942573573,0.05702614007193809
0.6412686869354666,0.22163213158499698
0.6856297569562091,0.22787286772157936
0.040559637045790735,0.04466610557478934
0.6933428093691548,0.22892028822807253
0.6536095707961798,0.2235174884966847
0.6663416166006925,0.22529274812505834
0.6493673919690597,0.22287801071377308
0.8487966260905014,0.24583439683266348
0.7751232022389888,0.23688131410479307
0.780907991548698,0.2383918047299464
0.6613281325322777,0.22449891363592667
0.6659559639800452,0.225149416897854
0.15555022987650852,0.09536314817117622
0.6509100024516488,0.22304339289900885
0.2284826497640632,0.1277131636580366
0.6428112974180558,0.22185264116531134
0.6435826026593502,0.2219518704764528
0.6829274339501019,0.22758612651374915
0.7249745882469608,0.2319415057386438
0.6624823357326436,0.22476344637888235
0.7866927808584074,0.23926281757218806
0.7461909917057137,0.2346980329994163
0.6863983075359275,0.22799406923733073
0.7110883392420824,0.23101528674790198
0.6381807113087121,0.22114693175488384
0.9093606155015825,0.2514137617351459
0.657854504284876,0.22400268832679782
0.6485960867277651,0.22272365400755303
0.6752116268755801,0.22642837246367725
0.6416543395561137,0.22166520802204412
0.6501386972103542,0.22297724002491454
0.6489817393484124,0.22273467948656875
0.620823588718008,0.21855586543276864
0.6752143815371562,0.22653870600725598
0.7755088548596362,0.23780745434211334
0.6489817393484123,0.22275673044460018
0.8133110756677986,0.2422730096037436
0.6474391288658231,0.22250314442723867
0.6420399921767611,0.22178648829121703
0.6377950586880647,0.22113590627586813
0.7820649494106399,0.23889897676466937
0.5490756733081558,0.2062068564146356
0.6416543395561138,0.2216431570640127
0.6154244520289459,0.21757459780036978
0.8391553105743192,0.2445333903088088
0.6408802796532432,0.22158795091551256
0.6775255425994637,0.2267481113551331
0.636640855487699,0.22087137353291245
0.6204379360973608,0.21834638133147002
0.8148536861503878,0.24275813068043517
0.6443539079006448,0.22210622718267284
0.25317543613179405,0.13611489368169966
0.6686555323245763,0.2254581303102941
0.7955683004564471,0.23934015343214113
0.6694268375658707,0.22568966536962418
0.6674985744626343,0.22536992647816836
0.6520669603135906,0.22329697891637035
0.6478247814864705,0.22265750113345872
0.7959539530770945,0.23946143370131404
0.6894862831626819,0.22842414167236524
0.6385663639293594,0.22129026298208818
0.6605540726294071,0.22444370748742654
0.04133094228708532,0.04484251323904081
0.6632536409739381,0.2249178030851024
0.6771398899788165,0.22660478012792876
0.6516813076929433,0.2231977496052289
0.17137300596935162,0.10431615214562515
0.6539952234168271,0.22352851397570042
0.6528382655548852,0.2234513356225904
0.8264232647698064,0.24412529007838416
0.2612796504885393,0.14035986060959407
0.6296935989928958,0.2200222541418591
0.8920007382493024,0.24887774405468774
0.6293079463722485,0.2200112286628434
0.06024444866825887,0.05584641381725631
0.624680114924481,0.21925047061075886
0.6894862831626818,0.22836901427728667
0.6767542373581693,0.22659375464891301
0.6134961889257097,0.21712255316072535
0.7971109109390363,0.24010091148422566
0.5922797854669565,0.21364936976393117
0.5945937011908402,0.21428884754684283
0.6593998694290413,0.22417917474447085
0.6185096729941243,0.21823612654131283
0.694885419851744,0.2291518232874026
0.6358667955848284,0.22081616738441232
0.6404973816941718,0.22141162200468262
0.7504331705328339,0.23517212859709216
0.673669016392991,0.22625196479942578
0.6686555323245761,0.22542505387324693
0.618124020373477,0.21822510106229712
0.6474391288658231,0.22253622086428582
0.049049504023183234,0.049098505645950925
0.6686555323245762,0.22562351249552987
0.6212092413386554,0.21867714570194155
0.6258370727864229,0.2193276489638689
0.6701981428071654,0.22584402207584423
0.6466678236245286,0.22243699155314436
0.6273796832690121,0.21969148977138758
0.6057776271896117,0.2164608669129392
0.6231375044418919,0.21899688459339736
0.27092647532787356,0.1410105213783645
0.633935777820016,0.22066173192477073
0.6150387994082986,0.21743126657316544
0.6254514201657756,0.21931662348485317
0.7812936441693453,0.23879974745352792
0.578390781800502,0.21178590630343183
0.06448662749537906,0.05649691707918364
0.7265199533911259,0.23286772472938566
0.1798683822698962,0.11143892660346492
0.615424452028946,0.21775100546462126
0.4510868517248314,0.18712080719736982
0.2728547384311101,0.14184845778355903
0.6192809782354189,0.21830227941540714
0.652452612934238,0.22330800439538606
0.7010586164436766,0.22991266009290867
0.6304649042341904,0.22008840701595342
0.6177383677528298,0.21808176983509278
0.6844700444326911,0.22781766157307923
0.3585026761537211,0.1655321317503792
0.6254514201657756,0.21931662348485317
0.5922797854669565,0.21373757359605694
0.41636709722027104,0.17932547851957129
0.5953650064321347,0.21432192398388997
0.01971235823822864,0.030365429264031157
0.12391569633712651,0.08222046217075459
0.4688323815977588,0.1909909078387298
0.6131105363050623,0.21711152768170963
0.13587092757719252,0.08749064114026764
0.1439751419339377,0.09106305384820328
0.6512956550722961,0.22305441837802456
0.6968136829549804,0.2293282309516541
0.643196950038703,0.22186366664432705
0.14860848270485727,0.09437085505976164
0.5749199082146764,0.21103617373036299
0.643196950038703,0.22186366664432705
0.6289222937516011,0.2198899483936705
0.458419760840282,0.18874171011952343
0.014313221549166576,0.030189021599779677
0.6439682552799976,0.2219628959554685
0.23118221810859427,0.1290141701818913
0.7793653810661089,0.23830360089782063
0.2338872957762774,0.13137378019809798
0.6401117290735246,0.22137854556763548
0.593051090708251,0.21375962455408837
0.6227518518212445,0.21887560432422445
0.7072318130356093,0.23056324210825757
0.24777629944273197,0.1350784986542222
0.4711518066447947,0.19118952396785582
0.6169670625115352,0.21797151504493562
0.11156103916853298,0.07720347545149535
0.41444434344018666,0.17887359138676992
0.5953650064321349,0.2145314080851886
0.1169629305191711,0.08050017243061647
0.6559262411816396,0.22382628066254634
0.7959539530770945,0.24004578408914706
0.06795750108120469,0.056750503096545155
0.32454871756730325,0.1575492124224703
0.6721264059104018,0.22603145521911142
0.5143559188035954,0.1999991967151004
0.5972932695353712,0.21511575847302164
0.21613625658019783,0.1231594833177021
0.19838521738411827,0.11518774697565205
0.669812490186518,0.2257006908486399
0.10770726762363614,0.07688381531346106
0.6458965183832339,0.22228263484692432
0.8009674371455092,0.2410380772005617
0.5915084802256618,0.21362731880589977
0.5992215326386077,0.21522601326317883
0.6451252131419394,0.22217238005676715
0.39052286231375044,0.17334951138620922
0.5938223959495457,0.2142226946727485
0.14629456698097357,0.09295959374574979
0.11619162527787652,0.0774681657012941
0.18796708730348935,0.11168148714181071
0.2948424471311577,0.148022883539204
0.08300897193275324,0.06408276165568359
0.13201440137071963,0.08567143710267423
0.4375890100021762,0.18411085142607891
0.6374094060674175,0.22103667696472667
0.5965219642940767,0.21478499410255011
0.28018213822340854,0.14521122888335294
0.4225430484737799,0.18093535596270913
0.4603480239435185,0.1895575955666865
0.8920007382493024,0.24920850842515926
0.6161957572702406,0.2179053621708413
0.5023951782403773,0.19750728095070513
0.2593513873853028,0.1382650195966077
0.2211497406486126,0.12447151532057252
0.5008525677577881,0.19720959301728075
0.3114365284652954,0.15296261315193174
0.3554119458653908,0.16507992960389165
0.2855867842356228,0.14555317623968328
0.6404973816941719,0.22142264748369833
0.296390566936899,0.1489491812833674
0.4939053112629848,0.19558869009512714
0.3739342903027649,0.17006376113268223
0.6350954903435339,0.22071693807327086
0.4896686417590167,0.1952580832314987
0.09535536511661863,0.07097384354735023
0.6227518518212445,0.2188425278871773
0.07451910495536072,0.06094034262936096
0.5081854768732388,0.19857690992207286
0.6439682552799976,0.2219628959554685
0.5841755711102112,0.21262384270862636
0.5313301434352283,0.20321879409453303
0.512422146377207,0.19948084169451857
0.5475330628255667,0.20605249970841558
0.7033752868291365,0.2302214522587703
0.5089512727913813,0.19896264418077986
0.42717087992154734,0.18232456631868957
0.346541935590503,0.16243381464011944
0.15362196677327208,0.09454726272401315
0.3230061070847142,0.15731767736314023
0.7041438374088549,0.23034265377452168
0.7755088548596359,0.23747668997164179
0.5344153644004067,0.2041228833738219
0.6003784905005495,0.21524806422121026
0.6647990061181032,0.22492890731753964
0.6111767638786737,0.21699008990569363
0.5548604626178651,0.2075629903335689
0.44028857834670726,0.18471725277194337
0.39360808327892877,0.17448513572482807
0.1663540125777847,0.1010304018920982
0.42678522730089996,0.1818173942839665
0.4923682101035478,0.1955667966439388
0.19954217524606013,0.11576107188446937
0.43218987331311415,0.18369188322348165
0.4954534310687262,0.1957321788291746
0.1570983496822498,0.09975144632627496
0.6397260764528774,0.22132341817255688
0.6146476374644994,0.21743110906632238
0.6242944623038337,0.21910713938355453
0.62622272540707,0.21941585279599463
0.44415061387633226,0.1855002192889024
0.28867200520080105,0.14792365422806258
0.8923863908699496,0.24969362950185087
0.527082455284956,0.20233659826643252
0.5104993925971225,0.19921638770498445
0.7149448654485551,0.23165476453081363
0.6312362094754849,0.22018763632709487
0.5911228276050147,0.21357219141082118
0.6281509885103066,0.2197576426454819
0.47269441712738375,0.19125567684195013
0.4248569641976635,0.18127714581219634
0.6266083780277174,0.21953713306516753
0.3897515570724559,0.1732723330330992
0.6142674941670041,0.21732101178300828
0.5849468763515059,0.21262384270862636
0.5047090939642611,0.19790419819527094
0.6034637114657279,0.21613010254246767
0.6200522834767135,0.2183353558524543
0.6269940306483647,0.21957020950221467
0.5895747077992733,0.21330742240760084
0.48040746954032953,0.19360410387229798
0.6158101046495933,0.21776203094363697
0.24044339032728132,0.1320794108551039
0.593051090708251,0.21406833796652847
0.6393404238322301,0.22131239269354117
0.6019211009831388,0.21555677763365036
0.45263497153057264,0.18776044248712453
0.5170554871481265,0.2004732923127763
0.4495442412422422,0.18676799186886686
0.628536641130954,0.2197686681244976
0.4672897711151696,0.1903734810138496
0.6204379360973608,0.21854483995375293
0.48272138526421327,0.19371435866245515
0.44569322435892145,0.18616174802984548
0.5583313362036908,0.20847810509187345
0.7758945074802833,0.23818232062864772
0.5934367433288984,0.21421166919373277
0.49043994700031135,0.1955116692488602
0.1760063467402712,0.10718293419655482
0.620823588718008,0.21866612022292584
0.1686734376248206,0.1027725850834247
0.47423702760997294,0.19232514830647474
0.5263111500436615,0.20219326703922819
0.5803190449037383,0.21198436492571474
0.5324815919740181,0.2033068404198157
0.3511697670382705,0.16484839454456157
0.45186366628927815,0.1875619838648416
0.4148299960608339,0.17923743219428862
0.5027808308610245,0.19768368861495658
0.5633448202721056,0.20923886314395795
0.22076408802796532,0.1240304961599438
0.5224546238371885,0.20121199940682938
0.6586258095261707,0.22412396859597072
0.09883174802559634,0.0751416321221346
0.5618022097895164,0.20869861467218778
0.4383603152434708,0.18452981962867618
0.45957671870222383,0.1888850413467277
0.6219805465799499,0.218776375013083
0.3133592822453798,0.1533042454945759
0.5907371749843673,0.21338475826755396
0.304489271970492,0.15219067211398843
0.3588828194512165,0.1659178660090862
0.39167982017569236,0.17347079165538207
0.29792766809633603,0.14910338048274438
0.5822473080069749,0.21256871531354776
0.6053919745689642,0.21624035733262487
0.5849468763515058,0.21281127585189358
0.5691351189049669,0.20994465130780696
0.5020150349428821,0.19741923462542246
0.44453075717382745,0.18594108094268802
0.5097280873558279,0.19896280168762295
0.5000812625164935,0.19697805795795068
0.6038493640863752,0.2161411280214834
0.6011497957418441,0.21528114065825743
0.2732403910517573,0.14429611412504836
0.41212491839315085,0.1787080516946911
0.21883582492472892,0.12364460439439368
0.4233143537150744,0.18116689102203917
0.5155128766655372,0.20038508848065054
0.5880320973166842,0.213263320491538
0.6335528798609447,0.2204964284929565
0.6239088096831864,0.21909611390453881
0.5945937011908402,0.21428884754684283
0.45803410821963464,0.18853222601822478
0.07143388399018243,0.05708142497385977
0.6786880097845579,0.22675929434099187
0.6393404238322301,0.22131239269354117
0.32532002280859795,0.15813356281030336
0.4449219191176269,0.1861176461137826
0.5776194765592074,0.2117307789083532
0.5390431958481742,0.20502697265311076
0.5259254974230142,0.2018073752736781
0.32069219136083044,0.15643563904188282
0.3446081631641146,0.16212494372083625
0.6320075147167795,0.22034199303331492
0.28597243685627,0.14751571150448103
0.15632704444095522,0.09709430588348701
0.6173527151321825,0.21798254052395133
0.5918886235231571,0.2136381867780724
0.7130166023453188,0.23120271989116917
0.6555405885609923,0.223682949435342
0.7130166023453186,0.23115861797510634
0.5000812625164935,0.19720959301728075
0.49738169417196254,0.19691190508385636
0.4468446728977112,0.18620569243906526
0.3855038689221836,0.1725885958272816
0.18835824924728872,0.11391981688884449
0.38705198872792484,0.1726879826452661
0.5498414692262984,0.20650438684121689
0.0502064618851251,0.04978208534492541
0.8040526581106875,0.24131371417595462
0.3639018128427832,0.168740546143953
0.5872607920753895,0.2129546070790979
0.6455108657625866,0.22221648197283
0.6138818415463568,0.21717768055580394
0.47886485905774046,0.19261181076088338
0.4071114343247361,0.17827805801307806
0.2053324738789216,0.12051321084708677
0.09651232297856051,0.07170152516238759
0.4568771503576929,0.18828966547987896
0.3581115142099218,0.16515710795700167
0.4726944171273838,0.19179592531372028
0.5189837502513629,0.20077098024620063
0.3461507736467037,0.16216904563689913
0.5880320973166842,0.21302075995319222
0.5305588381939337,0.20304238643028152
0.6111767638786737,0.21704521730077225
0.527087964608108,0.20271162205981003
0.5432853746752944,0.20552311920881802
0.12815236584109463,0.08378592268414342
0.27478300153434654,0.1450568721771329
0.62198054657995,0.21874329857603586
0.44839279270345245,0.18669097102259993
0.25510369923503046,0.1363243777829983
0.5564030731004544,0.20766221964471035
0.3303390162001647,0.15901575863840384
0.6316218620961321,0.2203309675542992
0.12584120477878694,0.08225345985438022
0.5452136377785308,0.2058649090583053
0.6015354483624914,0.21554575215463465
0.6505243498310015,0.22298826550393025
0.5124276557003591,0.19976766165577034
0.5340297117797593,0.2035826349020517
0.5872607920753896,0.21288845420500357
0.581090350145033,0.21223795094307626
0.4800218169196824,0.19265591267694623
0.34731324083179765,0.16309534338106246
0.6451252131419395,0.22218340553578286
0.053688354117254936,0.05441310154521301
0.36775833904925614,0.16879567353903158
0.23311048121183067,0.12946621482153572
0.35888832877436844,0.1664913484247466
0.3125934863272373,0.1530177405470103
0.47847920643709324,0.1923251483064747
0.4834926905055079,0.1941223013860367
0.2720834331898155,0.14131923479080458
0.24352861129245965,0.13317093327765994
0.6084771955341426,0.21650496882900208
0.5486900206875085,0.206151729019557
0.4638188975293441,0.18986630897912662
0.13895890320394694,0.08933197488931405
0.228096997143416,0.1273272718924865
0.6107911112580264,0.21691291155258363
0.25626065709697243,0.1368756517337842
0.5780051291798547,0.2117859063034318
0.5201407081133048,0.20095841338946785
0.5062517044468502,0.19832316639786823
0.5911228276050147,0.21339578374656967
0.6046206693276698,0.2162072808955777
0.5706777293875561,0.21025336472024708
0.38511821630153625,0.17246731555810868
0.5228402764578358,0.20137738159206509
0.1439696326107856,0.09014778158305561
0.3380520686131106,0.1614193130638303
0.48002181691968226,0.1929205241733235
0.5386575432275269,0.2047733866357492
0.6235231570625391,0.21899688459339736
0.2500902151666157,0.13581720574827527
0.6462821710038813,0.22228263484692432
0.08339737921497657,0.06677305728894024
0.6084771955341426,0.21690188607356792
0.557174378341749,0.2077614489558518
0.4024836028769686,0.17764960570918215
0.5814760027656802,0.21224897642209195
0.12275322915203256,0.08193364220950286
0.6011497957418441,0.2154024209274303
0.5610309045482218,0.20856630892399922
0.557174378341749,0.20790478018305614
0.550618283790745,0.20658172270117
0.5633448202721055,0.20887502233643926
0.5236115816991304,0.20155378925631656
0.38318995319829985,0.1713537421775212
0.6030780588450807,0.21568908338183898
0.6327788199580741,0.22040814590740923
0.3361238055098741,0.15989779695966128
0.5502326311700976,0.20653762078510712
0.31683566515435746,0.15588436509109693
0.429484795645431,0.1831625027238841
0.5760768660766182,0.21114642852052018
0.34924150393503406,0.16310636886007818
0.4549488872544564,0.18815735973169037
0.4873492167119809,0.1948830594381212
0.5243828869404249,0.20165301856745807
0.5957506590527821,0.2145424335642043
0.4958390836893734,0.19653703879732196
0.46575266995573267,0.1901751798984098
0.3357381528892268,0.15957805806820546
0.4410598835880018,0.18541185794993356
0.39515069376151796,0.17516871542380258
0.5371149327449377,0.20442057130724625
0.5517752416526869,0.20705581829884584
0.5548604626178651,0.207088894735893
0.3627448549808414,0.16696544402242244
0.07143388399018241,0.0599039476018835
0.5664300412372839,0.20948142368230377
0.6030780588450806,0.21598677131526334
0.48927747981521724,0.19525792572465564
0.602306753603786,0.2156560069447918
0.5394288484688214,0.20510415100622073
0.43450378903699793,0.18372495966052876
0.5791620870417965,0.21186308465654186
0.2257830814195322,0.12730522093445507
0.571834687249498,0.21077156223398577
0.2836530118092342,0.14550891681677733
0.48619776817319116,0.19435399395220987
0.6933428093691548,0.22892028822807256
0.39206547279633963,0.17379053054683788
0.3997785252092854,0.17575306581163566
0.42524261681831077,0.18165201209873075
0.339980331716347,0.16157366977005036
0.3758625534060013,0.17126553834539548
0.2987044826607827,0.15202528992875264
0.24391977323625905,0.13446107182934203
0.550618283790745,0.20665890105428003
0.31992088611953584,0.15634743520975708
0.1790915677054495,0.10931085164658835
0.076067224761102,0.06379609920127492
0.3079601455563177,0.15288527729197862
0.48542646293189645,0.1941886117669741
0.08918492318626196,0.06945232744318118
0.5602595993069271,0.20848913057088916
0.6289222937516012,0.21986789743563906
0.517826792389421,0.20060559806096487
