0.040764268200479084,0.03319592669443838
0.15729821015962295,0.08677852666906596
0.1273238600631708,0.07083529116468597
0.3909172490301793,0.16763374007222967
0.9016047088417969,0.3005029289882999
0.24440895697458329,0.12106285332844034
0.22800149801089586,0.10307240228220975
0.22971149158075474,0.10908446451974012
0.640901350329633,0.24578619338237576
0.8320461274298511,0.2914407333822996
0.8529688173486616,0.2948823422759266
0.6041294224885351,0.23837919332085042
0.8501353156068706,0.29340083336917777
0.8744567943980041,0.29732212228737137
0.40561471442400776,0.17699866223175892
0.8461853717822793,0.2932271467314516
0.24045194706086018,0.11169793116891108
0.8354378502130422,0.2915278489372719
0.8382642858657015,0.2923118889320232
0.6341037725849872,0.24447837111335313
0.6770938588619354,0.2593337511250157
0.346782456313904,0.15656679775742782
0.10808996544682414,0.06778515779621602
0.7783226517619289,0.2814208111438218
0.8105581503805085,0.2873457578263798
0.8071593615081856,0.28529799781231063
0.7941648235950844,0.28338200007513714
0.8671080617010899,0.2967994289575372
0.8133845860331679,0.28747643115883836
0.794150691416821,0.2833373533532138
0.691226037125232,0.26068404222708735
0.505727065241201,0.20823394446710053
0.8173415959468909,0.2888702800383962
0.4339073353071277,0.18305537119121265
0.10016181344111474,0.058201357804818686
0.7438260046212218,0.27353576447438555
0.8461853717822794,0.2933578200639102
0.6092311388415853,0.24112442224691708
0.6493806572876109,0.250621106683342
0.14599246754898565,0.07527927341271375
0.8258209029048688,0.2900463400305231
0.8343143420411102,0.2914412778545182
0.1850114117339476,0.09196299113435888
0.7048070604362598,0.26382129115052966
0.7426883642710264,0.2727947377849018
0.7670027769730283,0.27732529111568344
0.7975424142000124,0.284339182235396
0.606404703188926,0.24068884447205527
0.8145151602942317,0.2880862400436449
0.4299220610368781,0.17895876221863713
0.22743621088036403,0.09684364010168564
0.6985889020004096,0.2629936933782922
0.7873672458504387,0.28290177557835194
0.5566311713455954,0.2232635555887079
0.4497353749620199,0.19019884669894657
0.3083287992594738,0.14802838442569885
0.3908889846736527,0.1658892510839081
0.7110252188721106,0.2656507178049493
0.713286367394238,0.26861264667400975
0.7856713844588431,0.2823790822485178
0.5334402668155256,0.21934226667051426
0.557761745606659,0.2251800977980999
0.3428254464001809,0.15443246666060487
0.7624804799287734,0.27680259778584926
0.7251715293136703,0.2686137356184469
0.6544541092841342,0.2515347310661147
0.7127210802637062,0.26808995334417557
0.8145151602942315,0.2879555667111864
0.7443912917517537,0.2750602866864019
0.5600228941287866,0.2252672133530723
0.635234346846051,0.24539308444056293
0.7330855491411166,0.2707045089377837
0.2783403169847585,0.13548156662080396
0.39938242380989397,0.17625709107005672
0.679355007384063,0.2601613488972532
0.8212986058606139,0.28926230003577186
0.7364772719243077,0.27079162449275607
0.7098946446110469,0.2656507178049493
0.6720062746871487,0.25667672669835856
0.8099928632499767,0.2865617178316285
0.7743656418482059,0.2789380178271094
0.43956020661244627,0.1836651800760192
0.6459889345044197,0.24870456447395
0.5340055539460575,0.2207361155500721
0.23819079853873273,0.11047831339929796
0.7771920775008652,0.2805496555940981
0.5498477257792131,0.2219132644866362
0.8885960387504324,0.29832449564177216
0.730824400618989,0.26931066005822585
0.16860395277026022,0.09035026442293294
0.7930201171557574,0.28329379557572765
0.7494788759265404,0.2761492311235565
0.7788879388924607,0.281464368921308
0.5040312038496054,0.20588182448284667
0.4666939888779758,0.19956376885847588
0.6697451261650212,0.25654605336590003
0.5210039499438247,0.2165110111339124
0.47066513096996215,0.20331082666672473
0.5854749471809837,0.2338056266848012
0.8173415959468908,0.2887396067059377
0.6013029868358757,0.23776938443604384
0.7387384204464351,0.2715321067100212
0.8377060648243013,0.2915283934094905
0.5899972442252386,0.2360270733365965
0.38467082623780224,0.1655407888640186
0.5860402343115156,0.23441543556960778
0.8196027444690183,0.28904451114834095
0.5617187555203821,0.22635615779022683
0.36940807371344186,0.1612721266703727
0.5634146169119777,0.2292309711043149
0.289660191773659,0.14240834218554416
0.695748334169487,0.2624263533265347
0.7766267903703333,0.2800705200417501
0.44521307791776493,0.18967615336911242
0.8501423816960023,0.2937498400612858
0.614318723016372,0.24190846224166834
0.770401565845351,0.277325835587902
0.6261897527575412,0.24417346667094983
0.39146840398244787,0.17551660885279158
0.4191957377350358,0.17713042450865465
0.5266568212491434,0.2182097644558735
0.5057129330629376,0.20718746886299502
0.7754962161092696,0.27946071115694354
0.7081987832194512,0.2651715822526013
0.457649394789466,0.19276875557063136
0.35073946622762703,0.16079190217358755
0.580387363006197,0.23258600891518807
0.07810148317210874,0.049880733360520645
0.7025459119141326,0.26355994448561254
0.6731368489482124,0.2578527866904855
0.8032094176835942,0.2850807533970983
0.4304873481674098,0.18261761552747655
0.5085535008938604,0.21123943111364715
0.8150804474247635,0.2883911444860482
0.7709739190650148,0.2784153244972752
0.4667081210562391,0.2014378422348189
0.518163382112902,0.21385289776281813
0.7788879388924608,0.28172571558622506
0.7641904734986322,0.2772828222826344
0.7257226842659389,0.2686997622289821
0.1533412002458999,0.08124668892832079
0.6652086969425028,0.25175360889798276
