0.0005864853979268093,0.008887420023836995
0.005695267840108534,0.02121590446908242
0.9445806629404818,0.30446777568397965
0.0028688321874492124,0.019430035592148932
0.0022964789677856995,0.01672890891578703
2.119826739494492e-05,0.008669631136406081
0.0005935514870584577,0.013417973354618569
0.9180051017163525,0.3015053023427006
0.9536323231181233,0.3049474557085462
1.4132178263296614e-05,0.005053791132834343
0.8818125931840499,0.2973662245370761
0.924788547282735,0.30246357344739666
7.066089131648307e-06,0.003615840003571738
0.9298761314575217,0.30276847788979994
0.04248132785946963,0.04413056226012596
0.8885960387504324,0.299239208968982
0.9033005702333925,0.3009385067631617
0.9321443460687808,0.30342238902431123
0.9146204450222931,0.30141873125994684
0.836003137343574,0.2918327533796752
0.8744567943980041,0.29732212228737137
0.8620134114371714,0.29505657338587127
0.8671080617010899,0.2967994289575372
0.8405254343878289,0.2926167933744265
0.8529688173486616,0.2948823422759266
0.8461853717822794,0.2933578200639102
0.8354378502130422,0.2915278489372719
0.8320461274298511,0.2914407333822996
0.832046127429851,0.291310060049841
0.8416560086488927,0.29270390892939885
0.88181259318405,0.2984987267517169
0.8552370319599207,0.29488288674814517
0.8382642858657015,0.2923118889320232
0.8405254343878289,0.2926167933744265
0.7472177274044131,0.2761492311235565
0.8235597543827413,0.2895672044781751
0.8003759159418034,0.2858206911421448
0.8246903286438051,0.28965432003314745
0.8212986058606139,0.28926230003577186
0.8111234375110404,0.287868451156214
0.8196027444690184,0.2891751844807995
0.7647486945400325,0.27950372446221117
0.8150804474247635,0.2883911444860482
0.12791034546109764,0.08521099115178196
0.8105581503805085,0.28721508449392125
0.7896354604616979,0.28377347560029426
0.8727609330064084,0.29688654451250956
0.8128192989026359,0.28791200893370017
0.7404342818380308,0.27466826668902633
0.82921262568806,0.29043836002789875
0.8071593615081857,0.2869096355792994
0.7477830145349449,0.27645413556595977
0.8524035302181298,0.2942289756136338
0.7771920775008652,0.28176927336371127
0.7981147674196758,0.2853415555897968
0.8173415959468909,0.2888702800383962
0.7964189060280803,0.28529799781231063
0.7839755230672476,0.28303244891081053
0.7918966089838253,0.2843397267076146
0.8942489100557509,0.29932632452395436
0.8207333187300822,0.28926230003577186
0.8269514771659325,0.29013345558549547
0.8145151602942317,0.2880862400436449
0.7771920775008652,0.28155148447628037
0.11660460285046034,0.08107300229059462
0.8314808402993192,0.2907873667200068
0.8620204775263031,0.29536202230049313
0.7794532260229927,0.2822484089160593
0.8258209029048688,0.29004634003052315
0.8105581503805085,0.2873457578263798
0.11206817362794214,0.07815354225458324
0.8280820514269962,0.2903512444729264
0.8150804474247634,0.28826047115358966
0.7749309289787377,0.28129013781136325
0.8314808402993191,0.2907873667200068
0.7986800545502077,0.2856029022547139
0.7817143745451202,0.2825533133584625
0.8495770945654705,0.2934449356188825
0.678789720253531,0.2630797199888274
0.6753979974703399,0.2626005844364794
0.7958536188975484,0.28486242003744877
0.8082899357692495,0.28699675113427175
0.7839755230672476,0.2830324489108106
0.8258209029048688,0.2900463400305231
0.82921262568806,0.29043836002789875
0.7127210802637061,0.26939668666876104
0.74326071749069,0.2754087489062914
0.74326071749069,0.2754087489062914
0.806028787247122,0.2866918466918685
0.8196027444690184,0.2891751844807995
0.7817143745451202,0.28255331335846257
0.7115905060026423,0.26939668666876104
0.6889719546922364,0.26495324889295185
0.7828449488061839,0.28264042891343494
0.8869001773588367,0.2988036311941202
0.7178086644384928,0.27083409332580505
0.7274256117466662,0.27244627556501244
0.011355205234558829,0.022697413375831206
0.48481850750065375,0.21563931111197018
0.7319479087909211,0.27323031555976374
0.4243045201772176,0.19956431333069444
0.7743585757590742,0.280897573341769
0.5815179372672606,0.24121044885745224
0.6131881487553084,0.24839857108710955
0.7749309289787377,0.2812030222563909
0.13923022024999823,0.09009055117467159
0.7313826216603893,0.2731867577822775
0.8461853717822793,0.2932271467314516
0.7602263974957776,0.27871968446745987
0.13753435885840262,0.08974208895478213
0.869376276312349,0.2967999734297558
0.7726627143674787,0.28085401556428286
0.7998106288112715,0.2856900178096863
0.6397707760685692,0.2540186133272642
0.7048070604362602,0.2679157222342308
0.7319479087909211,0.2732303155597637
0.751740024448668,0.2769332711183078
0.11715575780272891,0.08146393334353311
0.7941577575059529,0.2848188622599626
0.6821814430367223,0.26360241331866163
0.7811490874145882,0.28229196669354545
0.793592470375421,0.28451395781755934
0.762487546017905,0.27902458890986315
0.7065029218278557,0.26830774223160647
0.6386402018075055,0.25393149777229185
0.05493177690943394,0.05284320670179965
0.7851060973283114,0.28311956446578296
0.7658792688010962,0.27959084001718354
0.7059376346973237,0.2679157222342308
0.18335088078801026,0.10978084448730045
0.7986800545502077,0.2856029022547139
0.7788879388924609,0.281943504473656
0.08377555274482232,0.06521470445231267
0.7890631072420344,0.28364225779561714
0.8235597543827413,0.28956720447817513
0.017015142629009123,0.02822979558879498
0.7596611103652458,0.2784147800250566
0.7873672458504388,0.28342446890818623
0.7545664601013273,0.2777173111130591
0.7494788759265406,0.2766283666759045
0.7500441630570723,0.27675904000836304
0.7619222588873733,0.2788939155774046
0.6589976045957843,0.25933320665279713
0.7523053115791998,0.27723817556071106
0.7138516545247697,0.27009361110853997
0.7426954303601582,0.2753651911288052
0.556638237434727,0.23515537331465433
0.809985797160845,0.2870838666892441
0.7234686018329431,0.27161867779277493
0.12395333554737459,0.08416560449211359
0.8037676387249946,0.28621271113952046
0.786236671589375,0.2833373533532138
0.6844425915588497,0.26395087553855107
0.7901936815030981,0.283860046683048
0.8082899357692495,0.28699675113427175
0.6420319245906966,0.2551075577644188
0.3581376615484628,0.17856728669348007
0.7743656418482059,0.28098523336896
0.7217656743522158,0.27131322887815307
0.7477830145349449,0.27645413556595977
0.8003759159418032,0.2856900178096863
0.7766267903703334,0.281464368921308
0.7579652489736501,0.27802276002768095
0.7059376346973238,0.2680463955666894
0.7036764861751964,0.2675672600143414
0.7743585757590742,0.280897573341769
0.8343143420411102,0.2914412778545182
0.6997124101723415,0.2671746955447471
0.7296867602687936,0.27275118000741566
0.35587651302633533,0.1769992067039775
0.7636181202789688,0.2791117044648355
0.8026370644639308,0.2861255955845481
0.4486259989683511,0.20618618445303136
0.1737268673907052,0.10620801778899634
0.762487546017905,0.27902458890986315
0.6442930731128241,0.2557173666492254
0.6872690272115088,0.26490914664324705
0.7070682089583876,0.2686126466740098
0.8145151602942315,0.2879555667111864
0.03342966768182814,0.04134232002879169
0.701415337653069,0.26726235557193806
0.17939387087428715,0.1083869956077426
0.7811490874145883,0.28224840891605923
0.6420319245906966,0.2548897688769879
0.7573999618431183,0.2779356444727086
0.5696398414369599,0.23829153329365943
0.6776591459924673,0.2628183733239103
0.6420319245906967,0.25441063332463987
0.09905950353657761,0.07262116004161945
0.7879325329809707,0.28355514224064476
0.7325131959214529,0.27331743111473605
0.7579652489736501,0.27815343336013953
0.3847061566834604,0.18457825998657326
0.5362737685573167,0.22936109996455487
0.04983712664551551,0.04918380892074173
0.7500441630570723,0.2766719244533907
0.379632704686937,0.18423088671112098
0.7455218660128174,0.27588788445863943
0.5062994184608646,0.2220858621799252
0.6126228616247764,0.24783231997978916
0.7596611103652459,0.2781969911376257
0.47067219705909374,0.21141311775137328
0.7715321401064149,0.2807669000093105
0.7449565788822856,0.2756700955712085
0.713286367394238,0.2697887066661367
0.6358137661548462,0.2536701511073748
0.8071593615081856,0.28677896224684085
0.5425060591714304,0.2301026711262571
0.579822075875665,0.2403392933077286
0.6957554002586185,0.2662164244400511
0.7935854042862893,0.28442629779036843
0.5277944615993386,0.22801080886248318
0.5012118342860777,0.21995153108310223
0.7918966089838254,0.28412193782018375
0.7019806247836008,0.2675237022368552
0.7115905060026425,0.26939668666876104
0.8048982129860582,0.2866047311368961
0.8048982129860582,0.2866047311368961
0.7042417733057282,0.26782860667925845
0.7766197242812017,0.28137670889411703
0.20938235314900258,0.12476689783142163
0.7681404173232238,0.28006997556953156
0.8048982129860581,0.2864740578044376
0.7556970343623911,0.27780442666803146
0.736470205835176,0.2742757022194321
0.6114922873637126,0.24730962664995498
0.5588993859568545,0.23541671997957142
0.7647486945400325,0.27950372446221117
0.15223182425223108,0.09906345333682523
0.33551204414892494,0.1713791644638228
0.8048982129860581,0.2864740578044376
0.7704015658453512,0.28037488001193484
0.47123748418962563,0.21145667552885947
0.6917983903448955,0.26560661555524456
0.7573999618431183,0.2778485289177362
0.7935854042862893,0.2844262977903684
0.6997124101723415,0.2669569066573162
0.7443912917517538,0.2754087489062914
0.21333936306272563,0.12711901781567547
0.4469301375767555,0.20466166224101495
0.762487546017905,0.2789374733548908
0.7455218660128174,0.2757572111261809
0.7161128030468972,0.2704420733284294
0.5249680259466794,0.226529844427953
0.39829424608362024,0.1911571178036426
0.5866125875311791,0.24212570665688068
0.6703104132955532,0.2615116399993248
0.6827537962563858,0.2637771889008249
0.4848185075006537,0.21572642666694253
0.6148840101469039,0.2490083799719161
0.7212074533108158,0.2712702155728855
0.6550335285929294,0.25815660218845166
0.5843443729199199,0.24151535329985552
0.3813285660785326,0.1844922333760381
0.7127210802637063,0.26948380222373347
0.5198804417718925,0.22557157332325695
0.7387384204464351,0.2746247089115401
0.7426954303601582,0.2751474022413743
0.3275980243214787,0.16767675337749727
0.7081987832194513,0.2687433200064683
0.7494788759265406,0.2766283666759045
0.8501423816960023,0.2937498400612858
0.1465860190360441,0.0965376467148452
0.6612587531179116,0.2597252266501728
0.4638887514927114,0.21102109775399763
0.7036764861751964,0.2675672600143414
0.5634216830011094,0.23811730218371474
0.7540011729707955,0.2774124066706558
0.47860034906480314,0.2132871911277163
0.8620134114371714,0.29505657338587127
0.3722698398117594,0.18322796888450163
0.7449565788822856,0.2756700955712085
0.7240268228743433,0.2717923644305011
0.8439242232601518,0.29270445340161744
0.7330784830519848,0.27362233555713933
0.8456200846517474,0.29270445340161744
0.7036764861751964,0.26761081779182755
0.8196027444690183,0.28904451114834095
0.7048070604362602,0.2679157222342308
0.7449495127931539,0.2755824355440175
0.4056359126914027,0.1929859999858437
0.6425972117212285,0.2554995777617945
0.504603557069269,0.2203435510804779
0.8173415959468908,0.2887396067059377
0.6980165487807459,0.26682623332485766
0.47406391984228496,0.2116309066388042
0.7579652489736501,0.2779792022501948
0.08378261883395396,0.06687044446900618
0.7879325329809705,0.2834244689081862
0.7641834074095007,0.2791988200198079
0.6906678160838319,0.2653452688903275
0.4616276029705839,0.20967080665192597
0.725722684265939,0.27218438442787674
0.5029076956776733,0.22012576219304694
0.7308173345298573,0.2731432000047913
0.7127210802637061,0.2694838022237334
0.14544837868584873,0.09283469115630108
0.1041470877113644,0.07479904891592859
0.7353396315741122,0.27418858666445967
0.475208626281612,0.21215468891307554
0.7443912917517538,0.2754958644612638
0.025508581765250393,0.03520012893102136
0.6974512616502142,0.2665213288824544
0.7353396315741123,0.27397079777702876
0.15789176164668142,0.10111121335089439
0.8088552228997812,0.28699675113427175
0.56059524734845,0.23598297108689176
0.5193151546413607,0.2251359955483951
0.2863179316143893,0.15325804008513366
0.5735968513506828,0.2395982666182449
0.7489135887960087,0.27654125112093214
0.7104599317415787,0.26909178222635777
0.6081076306696531,0.24713594001222883
0.7104599317415787,0.2690917822263578
0.7087640703499831,0.2690046666713854
0.5871778746617109,0.24260484220922868
0.0911313515308682,0.06791583112867458
0.7692709915842875,0.28028776445696246
0.760219331406646,0.27858846666278275
0.7421301432296263,0.27510384446388814
0.6148910762360356,0.24927027110905176
0.6143257891055036,0.24883469333418995
0.7664445559316282,0.2796779555721559
0.29874011630782704,0.1583096533290937
0.2517930201171557,0.14140705777558055
0.16637813469379098,0.10394301335971483
0.144317804424785,0.09283469115630108
0.29366666431130356,0.15735247116883486
0.6951901131280868,0.26612930888507874
0.7771920775008652,0.28150792669879415
0.7664445559316282,0.2796779555721559
0.5385349170794441,0.22970956218444433
0.7127210802637063,0.2694838022237334
0.7579652489736501,0.278022760027681
0.8026370644639308,0.2861255955845481
0.31853929805470566,0.16580268000115425
0.011362271323690476,0.025703444494596384
0.6211092346718861,0.2511868133184438
0.6561711689431249,0.2581571466606702
0.7443912917517538,0.2754087489062914
0.7342090573130485,0.2737094511121117
0.5900043103143702,0.2429533044291181
0.019276291151136583,0.02836046892125353
0.7262950374856024,0.27235916001004
0.19975833975169757,0.12054070447082472
0.717243377307961,0.27052918888340177
0.7873672458504388,0.2834244689081862
0.7381660672267717,0.27444993332937684
0.701415337653069,0.2672623555719381
0.6697451261650212,0.26125029333440775
0.6697451261650214,0.26125029333440775
0.09226899188106358,0.07061695780503648
0.6199786604108223,0.2500978688812892
0.6844425915588496,0.2640815488710096
0.08831198196734052,0.06787281782340697
0.062294641784611464,0.056808053397479415
0.07190452300365316,0.05863748005189909
0.6895372418227681,0.2652581533353551
0.38472028886172377,0.1854505044807341
0.21955752149857619,0.127728826700482
0.6714409875566169,0.2615987555542972
0.5962224687502207,0.24565388663326146
0.23087739628747675,0.13513473781757024
0.0792673878788307,0.0609906889805901
0.07586153291737621,0.059857097821512203
0.48255029288939455,0.2149418421999727
0.674267423209276,0.2617729866642419
0.41412935182764404,0.1949471889171591
0.7794532260229926,0.28207417780611455
0.06850573413133033,0.05737376003258122
0.24614014881183707,0.13809666668663065
0.365486394245377,0.17943844224320374
0.6929289646059593,0.26573728888770315
0.6974512616502142,0.26660844443742676
0.652772380070802,0.25780813996856217
0.7726627143674787,0.28085401556428286
0.3541806516347398,0.17682497559403282
0.1154598964111333,0.07989585335403054
0.09848715031691407,0.07144455557727396
0.37622684972548254,0.18414268221171148
0.3999830413860841,0.19276821109841283
0.6838843705174495,0.26390786223328344
0.539100204209976,0.2300144666268476
0.48934080454490864,0.21777364220879308
0.3072335554440683,0.16170824891745308
0.6329802644130551,0.2532340288602944
0.7918966089838253,0.2841219378201837
0.6782244331229992,0.2630797199888274
0.6205439475413541,0.2501414266587754
0.6114922873637125,0.24717895331749642
0.6431624988517604,0.255630251094253
0.7104599317415787,0.2690046666713854
0.7766197242812017,0.28137670889411703
0.37396570120335504,0.1835764311043911
0.6459889345044197,0.25680631108637997
0.6211092346718861,0.2509690244310129
0.6160145844079675,0.24944395774677794
0.6324149772825233,0.2529726821953773
0.6228050960634816,0.25131748665090237
0.7641834074095007,0.2791988200198079
0.09737070823411367,0.07092295119187692
0.6974512616502142,0.26647777110496823
0.7087640703499831,0.2687868777839545
0.802071777333399,0.2858206911421448
0.1912790327937196,0.11905974003629452
0.5385349170794441,0.2297966777394167
0.7296867602687936,0.2728382955623881
0.802071777333399,0.2858206911421448
0.5102705605528509,0.22230474001179326
0.6007447657944758,0.24587167552069236
0.7704015658453512,0.28037488001193484
0.8252626818634687,0.2897855378378246
0.44523427618515987,0.20453098890855642
0.7189392386995566,0.2709212088807774
0.7189392386995566,0.2709212088807774
0.17994502582655572,0.10938773554548767
0.45258300888207403,0.20688310889281028
0.5340126200351891,0.22888196441220685
0.18393030009680536,0.11104510897883692
0.644858360243356,0.2562400599790596
0.44239370835423725,0.20287470441964434
0.6318496901519914,0.252667777752974
0.3858508631227875,0.18684435336029195
0.3649211071148452,0.17900286446834193
0.7285561860077299,0.2727076222299295
0.6324149772825234,0.25275489330794637
0.34286077684583915,0.17455888222031413
0.3915037344281062,0.18758483557755706
0.5255333130772112,0.22657340220543917
0.2529377265564827,0.14258420671214464
0.7285561860077299,0.2727076222299295
0.5164887189887014,0.2247004177735333
0.7110252188721106,0.26935312889127483
0.23709555472332725,0.13565743114740444
0.706495855738724,0.26817652442692935
0.6041435546667985,0.24696116443006552
0.11830046424205594,0.08312021783244522
0.3236410144077557,0.1661522311654809
0.45201772175154226,0.2067959933378379
0.7042417733057282,0.26782860667925845
0.5555076631736633,0.23454556442984772
0.721200387221684,0.2712261133231807
0.4163905003497715,0.19808334889616425
0.453148296012606,0.20736224444515827
0.01929042332939988,0.031279928957264926
0.27215748899456615,0.14576392446863592
0.5843514390090516,0.24169012888201888
0.6324149772825233,0.25275489330794637
0.6765285717314036,0.2627312577689379
0.6765285717314037,0.26273125776893796
0.10527766197242812,0.07789165111744756
0.6041364885776668,0.24600234885315092
0.668042198684294,0.2602043622025208
0.7472177274044131,0.2761492311235565
0.4559747316652653,0.20954013331946744
0.2885649479582535,0.15343118225064126
0.2218186700207036,0.13056008223708387
0.20823764670967557,0.1213683022430622
0.26309876272779303,0.14537081552682315
0.40676648695246653,0.19451052219786014
0.2563294493396739,0.143150457819465
0.2840285187357353,0.15225403331407714
0.18561202931013765,0.11513845111810092
0.7573928957539866,0.2778479844455176
0.705937634697324,0.2680028377892032
0.8767250090092632,0.29732266675958996
0.370008691289632,0.1807451755677892
0.7002776973028734,0.2672182533222333
0.5611605344789818,0.2370719155240463
0.6499459444181427,0.2575467933036451
0.500081260025014,0.21986441552812985
0.07472389256718084,0.059333860019459436
0.7330784830519848,0.27349166222468074
0.7070682089583874,0.26861264667400975
0.487644943153313,0.21720739110147272
0.7534358858402636,0.27732529111568344
0.7302520473993255,0.27288185333987425
0.6194133732802904,0.24953161777396884
0.6680421986842939,0.2602043622025208
0.6437277859822922,0.255630251094253
0.6539029543318657,0.25780813996856217
0.5232721645550837,0.22587647776566025
0.6646575419902344,0.25981288667736374
0.39376488295023354,0.18958849334192143
0.16467520721306378,0.1028535244503417
0.5900043103143702,0.24386801775632796
0.6278926802382685,0.2524064310880569
0.5470283562156852,0.2331952733277761
0.4135640646971122,0.194685842252242
0.7409925028794309,0.27505974221418333
0.7155475159163653,0.2701371688860261
0.4774697748037394,0.21302584446279918
0.8230015333413413,0.28926284450799045
0.7302520473993255,0.27309964222730515
0.487644943153313,0.2158135422219149
0.4983853986334184,0.2194723955307542
0.5871778746617109,0.24286618887414577
0.5888737360533065,0.2428661888741458
0.4995159728944822,0.21951595330824042
0.7466524402738812,0.2759750000136118
0.43279089322432723,0.20196053556465307
0.7913242557641619,0.28394716223802036
0.7670098430621599,0.27980862890461444
0.5425060591714304,0.2301026711262571
0.5521159403904721,0.23432777554241682
0.3705739784201639,0.18165988889499907
0.6488153701570789,0.2569805421963247
0.6991471230418097,0.26691334887983004
0.27441863751669365,0.15125220443189497
0.3343814698878611,0.16972396891934785
0.7387313543573034,0.274493491106863
0.3355120441489249,0.17320859111824247
0.3909384472975743,0.18693146891526433
0.6646504759011028,0.259768784427659
0.4424078405325006,0.20370339113631897
0.24331371315917774,0.137704646689255
0.6160216504970992,0.2494880599964827
0.5849167261395835,0.24186435999196357
0.32477158866881944,0.16667492449531507
0.5922654588364976,0.24404224886627268
0.7229033147024114,0.27135733112785787
0.479730923325867,0.2135049800151472
0.20825177888793886,0.12450555116650451
0.6861384529504453,0.2643428955359267
0.76700984306216,0.2799828600145592
0.6578670303347205,0.25876695554547674
0.33042445997413805,0.16920127558951364
0.6855731658199133,0.2640815488710096
0.6261968188466728,0.25153527553833327
0.7511747373181361,0.2768461555633354
0.5939613202280932,0.24491340441599635
0.5283597487298705,0.22866417552477591
0.5114011348139146,0.2245261866635886
0.6652157630316347,0.26007368887006227
0.727990898877198,0.27253339111998476
0.549847725779213,0.23349963329796078
0.7229033147024113,0.27135733112785787
0.4299573914825362,0.20030479554795957
0.27385335038616165,0.14676575335081815
0.45484415740420153,0.20954013331946744
0.6278926802382683,0.25227575775559835
0.6799202945145948,0.26316683554379977
0.48029621045639875,0.21389700001252285
0.03229202733163276,0.03546147559593846
0.5441877883847627,0.2322359132786429
0.48877551741437675,0.21733806443393128
0.2489665844644964,0.13814022446411683
0.44466898905462804,0.20400829557872224
0.7234615357438116,0.2714874599880978
0.3032624133520819,0.160051964428541
0.08263791239462694,0.061293960006337654
0.6114993534528443,0.24770219111954922
0.20710707244861187,0.120845608913228
0.7511747373181361,0.2768461555633354
0.5515506532599402,0.23402287110001355
0.543057214123699,0.23045004440170946
0.13242557641622094,0.08878218443343039
0.6946248259975549,0.2658679622201617
0.3507889288515486,0.175910262266823
0.5227068774245519,0.22583291998817406
0.21277407593219377,0.12611718893349325
0.7302520473993255,0.2730996422273051
0.7523053115791999,0.27702038667328016
0.32701860501268354,0.16728364443568447
0.7534358858402636,0.27732529111568344
0.4486259989683511,0.2054021444582801
0.6199715943216906,0.24957463107923647
0.1397955073805301,0.09191997782909124
0.5769956402230056,0.24029573553024242
0.7913242557641619,0.2839471622380204
0.6742674232092762,0.26203433332915904
0.5803944290953286,0.24081897333229518
0.5577688116957907,0.23524248886962665
0.7749238628896061,0.28115892000668613
0.5244027388161475,0.22622493998554968
0.6601281788568479,0.2594638799852557
0.6816161559061904,0.2635588555411754
0.8229944672522095,0.2892623000357718
0.7879325329809707,0.2835551422406447
0.8642886921375622,0.2953625667727117
0.49047137880597236,0.21868835553600297
0.31629228171084145,0.1653681911707296
