0.0294161290550519,0.011239540008090857
0.011878095830300802,0.004922573328157217
0.052048812543721415,0.017469935605270707
0.16064753640802423,0.06660800885965193
0.04864295758226694,0.014419802236800767
7.066089131648307e-06,0.002352664456472441
0.01866154139668318,0.005358151103019044
0.0033987888723228353,0.004356322220836843
0.02319090453006974,0.008886875551618417
0.9559005377293824,0.3049480001807648
0.032242564707711224,0.012894735552565798
0.4604404999964671,0.1779563888642364
0.9230926858911394,0.3029427089997447
0.9129245836306975,0.30098315348508503
0.37504681284049723,0.14785524226019123
0.5792355904777382,0.21572751561137968
0.7692709915842875,0.27776141336276383
0.4304802820782782,0.1716840689062261
0.8744567943980041,0.29732212228737137
0.3133881190777341,0.12263202226238004
0.6425760134538336,0.23955579778519587
0.5204033323676345,0.19878027333594314
0.5339843556786625,0.20705734000275502
0.8320461274298511,0.2914407333822996
0.6323937790151284,0.2339363000172598
0.6555917496343298,0.2447402622504888
0.7087570042608515,0.2584195822700245
0.8524035302181298,0.29340137784139636
0.688392535383441,0.2528430978073559
0.8015064902028669,0.2849495355924212
0.8343143420411102,0.2914412778545182
0.6646363437228395,0.2477021911195492
0.631256138664933,0.2336744088801241
0.34789889839670446,0.13905548226354522
0.8439242232601518,0.29270445340161744
0.6024194289186763,0.22539788668553082
0.7834102359367157,0.27880734449465083
0.1849690151991577,0.07505930663640852
0.7918966089838253,0.2820311645008469
0.832046127429851,0.291310060049841
0.6414454391927699,0.23820550668312424
0.849004741345807,0.2930088133718021
0.5826202471717977,0.2203005377752103
0.5237950551508258,0.2004354688804181
0.8111234375110404,0.28569056228190487
0.8529688173486616,0.2948823422759266
0.11145342387348874,0.044697357839664914
0.7489206548851404,0.2709228422974332
0.7257156181768074,0.26360295779088017
0.7918824768055622,0.28072334223182427
0.09164010994834688,0.040034497759769055
0.6454024491064928,0.24243061109928396
0.8382642858657015,0.2923118889320232
0.20309353382183565,0.08625637781145035
0.7064958557387241,0.2582017933825936
0.7319337766126579,0.2642998822306591
0.2375689826951477,0.08734477777638634
0.8218638929911457,0.28865249115096525
0.7941577575059529,0.2848188622599626
0.1312526056203673,0.053714906723741886
0.7811490874145882,0.27845888227476134
0.35583411649154534,0.14271596898904032
0.6374884292790468,0.23511290448160527
0.6391842906706424,0.2375085822433453
0.4457642328700335,0.17464763119194224
0.8026370644639308,0.2852544400348244
0.19685417711859018,0.07636712890543118
0.7053652814776605,0.2579840044951627
0.7472106613152815,0.27039906002316183
0.7330784830519849,0.26987636669332765
0.7302520473993256,0.26382183562274825
0.2754856169755725,0.10982385779256805
0.47065099879169886,0.1884565355994993
0.8671080617010899,0.2967994289575372
0.7687057044537556,0.2752786200460514
0.7200627468714887,0.2627318022411565
0.8297849789077236,0.2900904422802279
0.2850954981946142,0.11309069110403175
0.07126150889267317,0.025309791080565008
0.7901936815030981,0.27902513338208174
0.6946106938192917,0.25597925778636105
0.28852255142346367,0.11971419564302441
0.7098875785219152,0.25889871782237245
0.5826131810826662,0.21655402443918
0.47066513096996215,0.19751764226106247
0.6697380600758897,0.25175415337020135
0.8354378502130422,0.2915278489372719
0.836003137343574,0.2918327533796752
0.39710714310950324,0.15412865116263874
0.3326078815158175,0.13225829108682646
0.6035641353580034,0.23167129558797828
0.6211021685827545,0.23289200230202858
0.8767250090092632,0.29732266675958996
0.647670663717752,0.24447837111335313
0.8501353156068706,0.29340083336917777
0.4208704008592365,0.16972396891934785
0.8405254343878289,0.2926167933744265
0.39936829163163073,0.1630579955473062
0.12333858579292119,0.05084009340965382
0.5385278509903124,0.21311350448999017
0.25171529313670765,0.10189416440120849
0.23928604235413822,0.09396719337094184
0.7138445884356382,0.2610330489191954
0.5888525377859116,0.22173903337669149
0.8416560086488927,0.29270390892939885
0.7551388133209908,0.2748866000486758
0.5153157481928478,0.19773488667627478
0.12162152613393067,0.04913970667103697
0.16915510772252884,0.06918009562021102
0.33488316221620823,0.1349599622354069
0.8263861900354008,0.2892623000357718
0.5990418383137484,0.22457137785773046
0.6029988482274715,0.22770753783673564
0.8116816585524407,0.2862562689170066
0.3320425943852856,0.12572462446389904
0.27547148479730915,0.10869026663349013
0.7500441630570722,0.27235970448225866
0.6997124101723418,0.2568079445030357
0.6346478614481242,0.2349375844272234
0.8150733813356318,0.28651761558192373
0.6702962811172899,0.25284255333513733
0.7562693875820545,0.27501727338113435
0.6618099080701801,0.2474408444546321
0.8642886921375622,0.2953625667727117
0.5622699104726506,0.2148122578119513
0.7161128030468973,0.2618611911636515
