0.33305103353094323,0.21097363520316534
0.395784322950974,0.23661451915053522
0.3430256265487281,0.21140466730400476
0.3505849879238418,0.22688314056619938
0.38957372729839096,0.23640452915269036
0.23129763809165335,0.18398439442752856
0.26520498102317996,0.20145224661667432
0.1785075750446975,0.15390609026254276
0.1634515855838901,0.13600167991998277
0.16084815407295883,0.1021656600040893
0.1722028794579844,0.13931178541232642
0.25134092406135317,0.18530512099292112
0.2099683196888429,0.17934251026464265
0.19105423292870363,0.1618636059703472
0.2865656660707004,0.20654174103812425
0.2187509802076472,0.18310022601555032
0.2024089583137292,0.16651654223838286
0.43223236410401183,0.2598349920701146
0.5125937078510712,0.27797149662081894
0.48003513064207515,0.27510900138703925
0.47743169913114397,0.26691386541851564
0.44989178507575045,0.26559866490569795
0.3720084062607823,0.231983687092799
0.4134751105674226,0.2498991495405087
0.3343370659640538,0.21097916125574018
0.3870957623662997,0.2350838025872978
0.34813838963646065,0.2171683401395881
0.5955584831090619,0.29258790568133464
0.6344531225494809,0.31071335812688927
0.6055958094162668,0.3065135581699925
0.6645964681158057,0.31845535778427403
0.7148458329412504,0.32156099933134774
0.59176311909915,0.2912561270107924
0.6445218155013959,0.3171291051663066
0.6771744926445219,0.318902968042838
0.5177378375835138,0.2852879902299391
0.40848781405853024,0.24327341250324655
0.47504783413318274,0.2664938854228259
0.5955271164643519,0.2919192533197761
0.4486371192873499,0.26007261233083373
0.34437439227125877,0.21208437177071307
0.36698974310717986,0.2280049292388968
