0.5906848364144224,0.16890647960313948
0.42942970241391,0.13703032345369037
0.324107971715135,0.10669812813354942
0.4155517173937597,0.13610434072321317
0.431754636784098,0.14210235881460667
0.3696425275672758,0.12510044014499766
0.4471862509331417,0.1460937397251396
0.4618465598408908,0.14846437522036193
0.5089071982061644,0.1584868506593355
0.5386052046575819,0.15993126716381603
0.5027367562758078,0.1579355767085496
0.5301180923417653,0.15975478074614302
0.5575021830692991,0.16123227368767076
0.3792810884218819,0.1263352150413365
0.3553678712801739,0.12313774737335684
0.33800248470474165,0.11669855261449155
0.3962525583919388,0.13108727525053238
0.4776555626258536,0.14984248134390513
0.49925761870525404,0.153833862254438
0.5231790998316902,0.15867436255602424
0.2955641684640834,0.10277290009711086
0.40898735885802756,0.13271928240512323
0.32836116918855934,0.11183631636856005
0.538607959319158,0.16032826316180337
0.5451695631933139,0.1609017455774638
0.4950209492012859,0.15350325539080956
0.4398560964792671,0.14560853989502645
0.387377038793899,0.13050276735585625
0.36384671961126214,0.12432834160021128
0.3981808214951753,0.13201341548785264
0.5779527906099097,0.16659097150299568
