0.3445998991793864,0.15288535604540013
0.41173100178777544,0.16815643201638453
0.4800052889502261,0.17919333027822562
0.4167444858561902,0.16927000539697204
0.45917453811212033,0.17556579017521143
0.33110205745673116,0.1490705403059618
0.3106486952545445,0.14330382101363373
0.30331854080066994,0.1421681179215933
0.40979998402296297,0.16594023198080374
0.4622680230620268,0.17724189924586514
0.4132763669319406,0.16909367648614204
0.4101856366436102,0.16719713658859556
0.3804848755306168,0.16402164112522577
0.43101914214329207,0.17259985756656182
0.3488475873296587,0.1557411126173141
0.3538638260596495,0.15775885403061196
0.3168246465080533,0.14841980078376982
0.24892223865836965,0.1242842396841484
0.25934036873899863,0.13081148076829635
0.23580454023320968,0.12025978233656834
0.3010073797383623,0.1417933303884804
0.27207792386666335,0.1374491341494446
0.4175185457590608,0.1699867402864152
0.39822765074196814,0.16545503215069063
0.40710041567843186,0.16582997719064654
0.4433655353271574,0.17387897063922816
0.44336828998873357,0.17555492220303878
0.4425914754242868,0.17271019111014055
0.45917729277369634,0.17661328943512614
0.29985042187642036,0.14163897368226036
0.2959938956699475,0.14090026658820726
0.3183700116522185,0.1486073126804586
0.33264191327774434,0.15000762726887626
0.312576958357781,0.14468200589059843
0.25740935097418616,0.1286834845648413
0.31142275515741513,0.14380004632276255
0.27206690522035915,0.13106506678565785
0.30563521118612974,0.14320459170249228
0.2871211307334838,0.13995199663943403
0.33766366133088727,0.1525657746607874
0.33612380550987414,0.15201457946342303
0.3187611735960179,0.14898233647383607
0.37932516300709884,0.16273158132696525
0.35849441216899297,0.15875122589544807
0.34460816316411447,0.15553170726943696
0.3611967351751001,0.15945693530587554
0.3357326435660748,0.1514851989638255
0.3747000862209074,0.1619268001122394
