0.15675412129648603,0.0850378489862744
0.21672401975678515,0.12472279558171685
0.17430628669950043,0.10233246453716323
0.4441037019240961,0.20130771337457892
0.36039174398145857,0.17800049111394114
0.28855788186912185,0.15530362221032853
0.26649048551098425,0.14528369997185075
0.35698588902000405,0.17630064884754287
0.2025777093152253,0.11487764892540242
0.3128722945711237,0.16318812440754618
0.40733177408299825,0.19311667331830226
0.31571992849117797,0.16458360670375974
0.36717518954784095,0.18248694219501796
0.46217875792285246,0.20662067328345604
0.23821906289525935,0.13326120891344578
0.18674260357120143,0.11008574892970374
0.2687516340331117,0.1459806244116297
0.32588803075161993,0.16859037776026997
0.32532274362108804,0.16741431776814303
0.4011136156471477,0.18915291556705963
0.5430430819454356,0.22151961107260482
0.5752927127422786,0.2323676755555386
0.3162640173543149,0.16484331995202112
0.24048727750651844,0.13448137115527747
0.26988927438330707,0.1469394399885443
0.2518000862062874,0.1434112600121635
0.21275287766479886,0.1188849644541312
0.30382770048261387,0.16262187330022582
0.22747154132602226,0.13177970000669703
0.28798552864945837,0.15473682663078958
0.2930872450025085,0.15826609555160753
0.33663555232085696,0.16981054000210166
0.2789338684718169,0.15051117774241127
0.2421760728089824,0.13613602222753385
0.21501402618692633,0.11927698445150686
0.32815624536287896,0.1696798666696431
0.45087301531221513,0.20261335775472722
0.41411521964938064,0.19490254219523576
0.3609499650228588,0.1794373532987666
0.27836858134128506,0.15042406218743892
0.3960189653832293,0.18915237109484107
0.3892284537277153,0.1883677866278712
0.4050776916500024,0.19076509780626696
0.3383384798015842,0.17281657112086685
0.4073317740829982,0.19154859332879967
0.44748129252902397,0.20182931775997595
0.38414086955292853,0.18649480219596534
0.423732166957554,0.1954693377747747
0.4045053384303389,0.1897627244518662
0.3649211071148451,0.1800918089054965
0.3208004465768331,0.16514931333886154
0.3513400838038171,0.17534292221506545
0.18448852113820566,0.10446734010620475
0.5243956727270157,0.2187760155631939
0.48934080454490847,0.21646690888420764
0.4689763356674981,0.2083205155498543
0.48877551741437664,0.2120675733581032
0.5538047356929359,0.2232199978112217
0.6080934984913899,0.23894598890038937
0.45088008140134683,0.20331082666672473
0.4842390881918584,0.21136955997388707
0.4299503253934045,0.2001735777432824
0.48197793966973096,0.2101063844267878
0.4406978469626416,0.2012630666526556
0.36377640067551814,0.17987293107362845
0.45935938835932477,0.20557583109600625
0.32702567110181524,0.16859092223248856
0.24500957455077338,0.1389678222363543
0.30043597769942265,0.15891946221390027
0.2495318715950283,0.1394905155661885
0.45879410122879294,0.20487890665622732
0.3145822881409826,0.1637119066818175
0.3813214999894008,0.1824880311394551
0.5351431942962528,0.2202139666924565
0.4254280283491495,0.19816991997891803
0.2376467096755958,0.13212816222658647
0.22123925071190845,0.12846821997330998
0.2184340133266441,0.12768581339521443
0.321365733707365,0.16737075999065687
0.2523583072476876,0.14402052442475147
0.28007150882201226,0.1538656710810659
0.3010012648299546,0.1600955222060272
0.2738462842970301,0.14724434443094758
0.3202280933571696,0.16493097997921205
0.22239102324036714,0.12881831560985516
0.3553041598066718,0.1756048133522011
0.3818867871199327,0.18340274446666496
0.3496371563230899,0.17438410663815085
0.5809385179584654,0.23602598439215938
0.5170328078518381,0.21860069550881198
