0.23584714433258366,0.14931408817081343
0.29382921014275926,0.18644760905865557
0.3537224544164632,0.23531149067970206
0.5275914325151302,0.28420566374228035
0.48415555834403146,0.2781473754359127
0.4029980405594541,0.2550198598263543
0.36628990067663436,0.2406200658081567
0.29186011718033616,0.16484981124645492
0.3479599617764308,0.22547813147242907
0.30739085530062454,0.2243308431244107
0.2928253588285828,0.17583045880174628
0.5276203897645776,0.3039064600285496
0.43780465439522787,0.26753779803938643
0.48027528691807997,0.27624658747979
0.41943610582909435,0.26033222138500034
0.4657966621943804,0.275110658422346
0.5015106031795059,0.2834408048436015
0.4165210760513895,0.2569168613522857
0.3517823187034874,0.2265989148091071
0.44070037933996775,0.27208151426916216
0.37211030781556165,0.2535052877497624
0.27060549608594514,0.16332766630948004
0.2938099053097944,0.18076039091105295
0.42621210219978567,0.2641262244368631
