0.008894802229072147,0.017189430566297743
0.011985532517402572,0.02036492602966752
0.0015618931136215262,0.013054718428560529
0.9332765873048666,0.25213057537801065
0.0007878332107508932,0.010673136207743968
0.07991273232127069,0.0595840512035846
0.043250941405593615,0.03672752442320798
0.028585123174692372,0.029880386940761124
0.9197759909206354,0.25210844566655766
0.8437858966836627,0.24508474301301625
0.008506394946848805,0.014344778226821038
0.8260376121491592,0.24392683145610122
0.8221810859426862,0.24337555750531534
0.7766630580600017,0.23874454130502776
0.6860154095768562,0.2279610715537051
0.6721264059104018,0.22616376096730004
0.021632357356736936,0.025668338943070804
0.7168731285517915,0.23174296836293937
0.7434886686996066,0.23507282053252915
0.8079064296555845,0.2416002978769417
0.10267725558576507,0.06845987682492351
0.7554466546012486,0.23650621155799398
0.8318224014588685,0.24440092705377708
0.774349142336118,0.23867838843093345
0.8854446436982982,0.2475546865728016
0.7542896967393068,0.23594391212819238
0.8507248891937379,0.24634156886738648
0.709542974097917,0.231070335389559
0.6840871464736198,0.22764133266224928
0.03283005666338862,0.03323221131496085
0.7053035499323729,0.23054119115022612
0.710702686621435,0.23112554153805917
0.6844700444326911,0.22781766157307923
0.6659532093184691,0.2251713891024639
0.6856297569562091,0.22787286772157936
0.7496618652915392,0.23566827515279945
0.6767569920197453,0.22653870600725598
0.014299448241286317,0.020717741358170484
0.6968136829549804,0.2293282309516541
0.7184157390343807,0.23197450342226944
0.6651819040771746,0.2251052362283696
0.6628679883532909,0.22477447185789806
0.6686555323245763,0.2254581303102941
0.6647962514565273,0.22496190500116525
0.708000363615328,0.23064034170794603
0.08454607309219028,0.06296903076825301
0.14706036289911606,0.0927058502215452
0.67096944804846,0.22577786920174991
0.21998176414036652,0.11444903988159895
0.6597827673881125,0.224190121470065
0.636640855487699,0.22050753272539375
0.7990364193806967,0.23927392180462528
0.6674985744626344,0.22531479908308977
0.7091600761388459,0.23069554785644616
0.6609397252500545,0.22437755461333223
0.6663388619391164,0.2251824145814796
0.6721264059104018,0.22603145521911142
0.27823734715071574,0.13135172924006652
0.4410543742648498,0.18219226057050092
0.6979733954784983,0.22952676832735855
0.6682698797039289,0.2253368500411212
0.8044355560697588,0.24141286473367451
0.6894862831626819,0.22842414167236524
0.5791593323802204,0.21052892294221848
0.6771426446403926,0.22658280792331884
0.6829274339501019,0.22758612651374915
0.5513895890320394,0.20535789453042533
0.7284482164943624,0.23327566745296718
0.7419460582170174,0.23431206248044464
0.7087716688566226,0.23067341814499318
0.34575685704132825,0.15438482119153776
0.6771426446403926,0.22672613915052317
0.44606785833326457,0.1827876364373497
0.6744403216342856,0.2263181176735201
0.1408789023224552,0.0808421197869468
0.6613253778707016,0.22441063105037937
0.6705810407662366,0.22556830634702973
0.11850003167860815,0.07505342829000886
0.7091573214772698,0.23069546910302463
0.6894835285011058,0.22825868073370795
0.6809991708468655,0.22727741310130906
0.5371149327449377,0.20264546918571572
0.7323047427008353,0.23361745730245442
0.7261287914473266,0.23237142066683528
0.08570303095413216,0.06455669974651636
0.8055925139317007,0.24156722143989456
0.47037223741877193,0.1883998415166146
0.6759856867784507,0.22647255313316167
0.704146592070431,0.23028760513286461
0.6428085427564797,0.2217423076217326
0.6408802796532433,0.2214225687302768
0.7072318130356093,0.23056324210825757
0.6933428093691548,0.22892028822807253
0.6563118938022869,0.2236167965612477
0.44259698474743886,0.1823796937137681
0.6555405885609922,0.22353961820813767
0.808677734896879,0.24230592853394764
0.679070907743629,0.22708997995804187
0.6890978758804586,0.22824765525469223
0.6632536409739381,0.2249178030851024
0.35771759760454636,0.1591479856331709
0.4630420829648974,0.18651440585150533
0.6925715041278603,0.22876593152185248
0.5386575432275268,0.20306443738831295
0.6570831990435815,0.22390345901565636
0.5945909465292641,0.2136272400524782
0.6304676588957663,0.21969156852480912
0.6316246167577081,0.21976874687791914
0.6474391288658231,0.22253622086428582
0.2635825475661188,0.13000662080014896
0.4831015285617086,0.19095783140168263
0.7461882370441376,0.23514999888563917
0.47114629732164265,0.18905042353196347
0.6455108657625866,0.22212827814070427
0.6825417813294546,0.22749792268162342
0.6779139498816872,0.22679229202461748
0.6883265706391639,0.22818150238059792
0.6485960867277651,0.22272365400755303
0.041702821599852356,0.03479790808861429
0.5884205045989076,0.212425462839765
0.22808597849711174,0.11828606408591177
0.6717407532897545,0.22584402207584423
0.6609424799116304,0.22437763336675376
0.36775007506452806,0.16106657648874886
0.3989989559832627,0.17057085441398362
0.698744700719793,0.22959292120145286
0.5147360621010907,0.19836726831393106
0.13855947727541934,0.07946377740313901
0.7014470237259,0.22972530570306302
0.04942689265910237,0.04104966970421239
0.6821561287088075,0.22735459145441908
0.5915057255640859,0.21281135460531508
0.6617110304913489,0.22469729350478804
0.673669016392991,0.22625196479942578
0.5174411397687738,0.19857690992207283
0.6223661992005971,0.2184676616006429
0.694885419851744,0.2291518232874026
0.545599290399178,0.20477338663574926
0.6655703113593979,0.2251383914188383
0.46458469344748654,0.18759490279504565
0.7022155743056185,0.23016624611027017
0.659011462146818,0.2240578157218764
0.6501386972103543,0.22281185783967877
0.7473451949060796,0.23523820271776494
0.5741486029733817,0.20961388693733543
0.6343241851022393,0.22011053672740638
0.47963065497588303,0.19041758292991245
0.2786285090945152,0.1324654601274971
0.4395090091206845,0.18149757663908914
0.6223634445390211,0.21834630257804846
0.42292319177127496,0.17817882870193663
0.636638100826123,0.2204413010978779
0.5290107183881926,0.20073790380915346
0.5259254974230142,0.20060559806096487
0.35270411353613157,0.15689878791396447
0.6782996025023345,0.2268033175036332
0.30409260070354055,0.14508994861418006
0.1416502075637498,0.08341105639760903
0.6389520165500068,0.22108077888078953
0.4561003357932462,0.185003915226352
0.6914145462659185,0.22874388056382106
0.5803190449037384,0.2105841290907186
0.7269000966886212,0.23245962449896101
0.05521719129196383,0.04729024833395168
0.38666082678412556,0.16982120059433645
0.19413201991069387,0.10445964087967258
0.4792450023552357,0.19036245553483389
0.712242542442448,0.23114751374266904
0.6362524482054758,0.22025386795461072
0.4348756683497649,0.17906078826977243
0.6289222937516012,0.21958123498123042
0.6566947917613581,0.22369389616093618
0.5714490346288507,0.20866569574198374
0.6370237534467703,0.22058463232508224
0.7234292231027956,0.23226116587667808
0.6408830343148191,0.22151085131582407
0.252007459623548,0.1269744565639835
0.09110216764319423,0.06532848327761659
0.6663416166006925,0.22529274812505834
0.6821588833703833,0.2274649249979978
0.6701981428071654,0.22553530866340413
0.274380820944243,0.13062404762502916
0.2790141617151625,0.13485798907390784
0.5347955076979019,0.20240275114052683
0.4931340060216903,0.1937033331834394
0.49969010057269414,0.19486100848008978
0.567972651719873,0.20861041084006204
0.4267797179777479,0.1786529242996125
0.6347098377228867,0.2202318169965793
0.5984502273973131,0.21445422973207856
0.6690411849452236,0.2254581303102941
0.5556317678591597,0.2065486462641229
0.6462821710038813,0.22242596607412865
0.4614994724823082,0.1865144058515053
0.6339385324815919,0.2199231035841392
0.287509538015707,0.1374603171353034
0.37237790651229563,0.16324962133386095
0.6647990061181033,0.22507223854474398
0.4842584864236504,0.19133269768821703
0.5255398448023669,0.20027483369049331
0.6231375044418918,0.21853381447473721
0.5980645747766659,0.21443217877404716
0.1404932497018079,0.0802798203571452
0.6493673919690597,0.22274570496558446
0.29521708110550077,0.1405693447108927
0.34845642538585925,0.155156604722638
0.6590142168083939,0.22405789447529795
0.12351902507017504,0.07793123581995426
0.34923048528872985,0.15634743520975708
0.44259698474743897,0.18231354083967383
0.2674390737725917,0.1304586654397934
0.11078697926566236,0.07453523077627013
0.04517920450883007,0.03770879205560684
0.45995686199971914,0.18601825929579804
0.6084771955341426,0.2158985674831376
0.5818616553863276,0.21119053043658306
0.6161930026086646,0.21779502862726258
0.1042198660683542,0.06853705517803353
0.11001016470121568,0.07359790755309102
0.5926654380876036,0.21314219772920817
0.6123364764021917,0.2165712004565179
0.29367447062291163,0.13849655465593777
0.6902575884039766,0.22849029454645955
0.2084066761977957,0.11010484364256311
0.6952710724723914,0.22924002711952834
0.605006321948317,0.21535831901136746
0.5313246341120763,0.20158686569336376
0.6482104341071178,0.22260237373838013
0.5911228276050144,0.21275630596365805
0.5394288484688213,0.20370391517122463
0.457257293655188,0.18597415737973516
0.31990986747323163,0.1481221128503455
0.6377978133496408,0.22093752640700676
0.29715085353188936,0.14091129206722303
0.6536095707961798,0.2235174884966847
0.5702865674437567,0.20862143631907776
0.6250657675451283,0.21880945145013017
0.2971563628550415,0.14212425226579503
0.6516813076929433,0.2231977496052289
0.41790419837970816,0.17513563898675544
0.7431030160789593,0.2343451389174918
0.7199583495169699,0.23225014039766237
0.6119508237815444,0.2164278692293136
0.14627803901151723,0.085208209477171
0.45031003716038476,0.1833058339510884
0.6532266728371084,0.22320885383766614
0.17136749664619952,0.10237551033201578
0.4811732654584721,0.1909468059226669
0.48194457069976676,0.1909468059226669
0.701444269064324,0.22964804859653146
0.8005790298632859,0.24085056530387292
0.6204379360973608,0.2180927953141085
0.5344098550772545,0.2021160886861182
0.28364199316293,0.13493516742701786
0.5193694028720103,0.1987533175863243
0.32801408182997677,0.1513196592717467
0.5513895890320394,0.20594224491825838
0.4850353009880972,0.19341667072903077
0.5224546238371885,0.20004329863116324
0.23657033615135215,0.12362239592951915
0.6007641431211967,0.21491729985073874
0.5486845113643564,0.20501594717409502
0.40247809355381653,0.17454026311990667
0.537500585365585,0.20289905520307722
0.06524966875194549,0.05238417714605633
0.6972020902372038,0.2293613861421228
0.3619652857548186,0.1602176146045386
0.36466209943777356,0.16057035117962004
0.4746171709074682,0.190318353618771
0.8275802226317484,0.24424657034755703
0.11965698954055004,0.07740185532035672
0.473074560424879,0.18946939173456073
0.5938223959495456,0.21337373278853825
0.6258370727864229,0.21912919034158598
0.5575600309623961,0.2066037736592014
0.1833282372094176,0.1032136042440534
0.7018299216849714,0.23007804227814443
0.5509984270882402,0.2051813293593308
0.354635131300944,0.15836525537647647
0.7515901283947757,0.23569032611083088
0.7974938088981075,0.2392187944095467
0.2917517168428272,0.13792338725396353
0.6370265081083463,0.22060676203653523
0.6107911112580262,0.21611907706345196
0.6026924062244334,0.21511575847302164
0.3816390787309827,0.16636998940215217
0.6258370727864229,0.21885355336619303
0.5236115816991305,0.2000763750682104
0.5212976659752466,0.19921638770498445
0.5664300412372839,0.2084119522177791
0.5089512727913813,0.1979262491533024
0.2624255897041769,0.12710691981901523
0.6289222937516011,0.21951508210713608
0.5729861357882878,0.2094483472452566
0.5027808308610247,0.19675754837763632
0.6412686869354665,0.22152187679483978
0.19760289349651947,0.10690729722116192
0.48387283380300317,0.19100193331774548
0.657854504284876,0.22400268832679782
0.6416515848945378,0.2215548744784654
0.5606452519275746,0.2073865826693174
0.5807046975243856,0.2110141227723316
0.4356552375757877,0.1812440693751492
0.6173527151321825,0.21792741312887273
0.6146531467876513,0.2167807633112381
0.5540891573765705,0.20636121312085565
0.5718291779263458,0.20937116889214658
0.6509100024516488,0.22291108715082023
0.3750829841799786,0.16333798267282978
0.3029356428415987,0.14238870625532918
0.6420399921767611,0.22155495323188695
0.5081799675500868,0.1972536949333436
0.157478492979745,0.09779977903364986
0.6601684200087599,0.22431140173923791
0.495447921745574,0.19454126958863394
0.4553262758903756,0.18458486827033319
0.0498097906181736,0.04243880130677127
0.3716093559325769,0.1631614962551568
0.5405858063307633,0.20424416364299475
0.6863983075359275,0.22799406923733073
0.6069345850515534,0.21587651652510617
0.6215948939593027,0.21818099914623426
0.38511546163996024,0.16847601340099733
0.6323931673374268,0.21990097387268623
0.5660443886166365,0.20830169742762197
0.5471419008817673,0.20498287073704788
0.313744934866027,0.14592820003306073
0.5756912134559709,0.2103195175943414
0.5822473080069749,0.21190718657260474
0.4194523181854494,0.17572014688143156
0.6393376691706539,0.22122411010799387
0.5583313362036907,0.20718812404703452
0.5301676762501344,0.20135533063403366
0.562573515030811,0.20771734703978895
0.5305533288707817,0.20153173829828513
0.33264191327774423,0.15357988246996884
0.6443539079006448,0.22191879403940562
0.581090350145033,0.2110582246883945
0.7126309497246714,0.23150040782459355
0.5907316656612153,0.21248051148142202
0.773192184474176,0.23800583421097468
0.6914145462659184,0.22861157481563243
0.3789395103864516,0.16581871545136626
0.6323959219990027,0.2199231035841392
0.36813572768517533,0.16112170388382743
0.5012327110552833,0.19542330790989138
