0.5035086533913766,0.30770046308041243
0.5025434117431299,0.3058072479846725
0.5199370662445343,0.31944596953438265
0.4271966486809973,0.28382323429294093
0.4310672676904663,0.2872348078954642
0.2561944382776228,0.18948053964203088
0.26879084178724144,0.22433462955460218
0.28519994980743435,0.22509191559289812
0.41175278230905105,0.2800368041014612
0.3914634028629067,0.27700008708789436
0.3769751257227248,0.2660156531024116
0.4088667097807936,0.27890466147420867
0.257150027509387,0.19136996830757927
0.22045154004304973,0.18076039091105292
0.304524087605332,0.22699270354902099
0.43686836999642864,0.299733813957539
0.4687503016380151,0.305803461554481
0.38373181726045125,0.2724525844279272
0.3151900078184574,0.2633613655381843
0.5238173376704858,0.32210404352880145
0.504512504705553,0.31036610993521413
