0.532476082650866,0.19086994258324305
0.14279614677938746,0.07463446008741156
0.0015618931136215262,0.013054718428560529
0.21765958443175462,0.1059591847792317
0.3928202500681779,0.16165100563000345
0.3638825302117508,0.15079051503241378
0.15399660074761518,0.08389633498114367
0.9332765873048666,0.25213057537801065
0.6169560438652311,0.20769545358860056
0.7230435704821481,0.22629638172917485
0.7994165626781919,0.23884377061616918
0.4865668928243821,0.17836657685888996
0.2577784756253771,0.11679754566536837
0.554852198633137,0.19706649805034102
0.043250941405593615,0.03672752442320798
0.6061550158255307,0.2036159475993635
0.028585123174692372,0.029880386940761124
0.9197759909206354,0.25210844566655766
0.8541985174411397,0.2440593734645545
0.8329821139823864,0.243607171318067
0.9105175733635243,0.25144683817219304
0.769332903606127,0.23511707995543513
0.8545841700617868,0.2454485838205349
0.4321678360205057,0.16692149961320268
0.22229567986425028,0.11667618664277393
0.3847160357114327,0.15533324864715412
0.419055646918498,0.16575279883753657
0.13354048388385245,0.07230808401509514
0.5100917026838667,0.18261138627994128
0.011608143881483441,0.026594557933812633
0.03282730200181257,0.03380545747035662
0.6590087074852418,0.21436634091363904
0.504698075317957,0.1820161679199356
0.1767721426584137,0.10354436861452491
0.0034956655400100816,0.0163514941611032
1.3773307880260371e-05,0.008589241920351784
0.8985568328003063,0.25069694809228116
0.11001016470121568,0.07101794546341308
0.4780770258469895,0.17704336187016076
0.07527112756562294,0.04744460504017173
0.10730233237195648,0.06289193116856452
0.33958090578781946,0.14835372666309707
0.0065836411667644585,0.01887640760912409
0.7242005283440902,0.22768559208515526
0.38355356852633865,0.1513859696526841
0.010057269414166122,0.021478499410255
0.29636577498271455,0.130690279252545
0.11926582759675063,0.07195511117974909
0.7469595422854323,0.2317321003907667
0.7874640860997019,0.23767514859392472
0.863842587618898,0.24630864993718243
0.17522402285267244,0.09693994917726696
0.8850589910776511,0.24838159749898045
0.2925064941146655,0.12805511101436695
0.07645012272017324,0.06288090568954881
0.02703700336895111,0.027134885159004342
0.4522300362788932,0.1708247554450313
0.8653851981014871,0.24706940798926694
0.14358122532856224,0.08378600143756494
0.1709653160560959,0.08853806164676083
0.3168053638770208,0.13080053404270217
0.6339330231584398,0.2131753529196769
0.04208571955892359,0.035040389873538545
0.26010065533398896,0.12296102469541917
0.6894835285011058,0.22086058431416133
0.06794097311174836,0.04532763431573239
0.6547610193349698,0.21349517056455425
0.5779968651951265,0.20087044581760669
0.05289225692177587,0.038348269838518474
0.35231019693075605,0.14884995197222595
0.8842876858363564,0.24819416435571326
0.31797058572369097,0.1371404207370045
0.00039942592852755076,0.009107439434090514
0.49003501174863157,0.17948007148605588
0.7674018858413147,0.23218422378383266
0.8183245597362133,0.2421517293345707
0.05636863983075359,0.04424705861877052
0.31874189096498545,0.13787912783105755
0.26473399610490855,0.12340220136289097
0.70684065109181,0.22488496290831986
0.27707487996562186,0.1241629594149755
0.91398844694935,0.2518327299377432
0.6647907421333751,0.21471907748872043
8.263984728156224e-06,0.0057445108274535375
0.5236005630528262,0.18857648544113068
0.5467479842763919,0.19328460124110677
0.00040218059010360284,0.010783390997901144
0.13508584902801768,0.07381865339367001
0.030896284237000065,0.030993881567927074
0.07566228950942233,0.05283622178570075
0.3897295197798474,0.15823294962828785
0.8777315912853526,0.2471026419331572
1.1018646304208297e-05,0.007288156643075555
0.4622570044157226,0.17265498496164045
