0.33305103353094323,0.21097363520316534
0.4963457858912832,0.2879294433607241
0.4561337473730435,0.27863462292980257
0.5528057463693109,0.3034023905703439
0.3067030519745303,0.1767121092390073
0.30541701954141964,0.1762644989804433
0.5465637840720179,0.2936820640911578
0.3946237570967034,0.24856737086996647
0.3393243624729463,0.23440409812058952
0.3745177378375835,0.24281475013953285
0.4372823939023243,0.2554196760627981
0.34437439227125877,0.2370621294090992
0.3330824001756532,0.22822044528931648
0.3694677080392711,0.24015671885102313
0.4423951569900567,0.26958294881217504
0.412189078134312,0.2523250866208741
0.4322637307487218,0.2551986339598035
0.44104639126752615,0.261608854946646
0.4033750509707977,0.24944601322936985
0.31165898183871266,0.18377440442968374
0.23377560302374453,0.14175982670299125
0.2400489319657476,0.14927525820480655
0.2764969731187855,0.1583490365327336
0.25886891879175683,0.1510435950287631
0.21617891534142594,0.13799658489950872
0.5214391016592954,0.2892556959786916
0.630626391894859,0.3184387796265494
0.3217276747906277,0.20566309867872087
0.2777202722624761,0.16917457352689252
0.25890028543646687,0.157680384171175
0.21363821711991468,0.11566580644448252
0.2777516389071861,0.17625344687529357
0.48505379379567765,0.28240339078585996
0.438599792980145,0.25719906499190437
0.6897211505285281,0.33415487314946324
0.7110818355760484,0.34454937804278274
0.683416454941815,0.32243411563817626
0.6382484865593928,0.3193395261962523
0.5955271164643519,0.310928874177309
0.6696151312694082,0.3213289051232034
0.6821304225087044,0.3224285895856014
