0.5471060902812785,0.17214797043376048
0.5077640136521029,0.16745095886622163
0.5162483713063432,0.16764941748850457
0.2500351219350947,0.09131679737240786
0.25274846358750597,0.10253010329850044
0.5197109809074406,0.16881788200390604
0.5316772307938109,0.17005305066735257
0.3117918798086062,0.12877184590381013
0.3538445434286171,0.14180443462091766
0.4691959969257977,0.16544424293193952
0.45800380694229814,0.16306250320427987
0.456461196459709,0.16127637560373362
0.4228983998170905,0.15567511725006286
0.5004338591982282,0.16693268259906138
0.4853906523314079,0.1658190304650524
0.38085124552023164,0.14989745123214063
0.44912002335953016,0.1603608670783213
0.33995553976216253,0.13923534050341238
0.36001774002054976,0.14759288985759098
0.31448869349156106,0.12953252520247308
0.3418810482038229,0.1415616378223073
0.3816170414383741,0.15073523013049206
0.3210475427041411,0.1336120311917102
0.299831139245388,0.12863938264877842
0.4240526030174563,0.15994189887572402
0.3287688591018151,0.13876116615231499
0.35500150129055896,0.14561925036035597
0.3476741014982605,0.14174930722583906
0.32838871580431983,0.13759262288349197
0.37043311543960267,0.14771424888018544
0.41517983808099257,0.15494727812818243
0.32607204541886015,0.13572923817641414
0.39897691869065427,0.1513638399412311
0.29751997818308035,0.12711794529803092
0.40361025946157386,0.15334858367090334
0.41903911894904156,0.15494735688160394
0.3789174730938431,0.14776937627526399
0.40283344489712725,0.1519371648500484
0.2967431636186336,0.12706266039610925
0.2874875007230987,0.12591601057847462
0.27668371802182246,0.11958722811660959
0.3144969574762893,0.13140709289540972
0.31873362698025737,0.13147308826266096
0.29829128342437494,0.12776844855995828
