0.3914613378933162,0.15591506451179082
0.38862783615152524,0.15460778671498676
0.3405572317889218,0.1401014133954322
0.37336508362716486,0.15216855117576053
0.3784526678019517,0.15338816894537363
0.3671327930130511,0.14728899115287092
0.31510517873672456,0.1286010711946428
0.46045463217473026,0.17969978890812083
0.3269691423887621,0.13735563999714695
0.5175698306258435,0.19799568886897326
0.3874901958013298,0.15447656891030964
0.31511224482585626,0.12925498232915414
0.5469859596808954,0.2071008977802412
0.23816960027133785,0.10098108449065442
0.34337660135244946,0.14406462667445627
0.2879501982038,0.11805845562633091
0.25570763349608894,0.10481525785387565
0.4107164307770578,0.17281820453752259
0.39259191215437994,0.1634505600169004
0.27268037959030816,0.11365857562800788
0.4689339391327082,0.18736595774568904
0.3218815582139753,0.13513419334535165
0.3580811328354096,0.14619950224349776
0.30095180220603307,0.12237067559746297
0.6193851089237639,0.22282852228606462
0.44348188608051103,0.17603984665484435
0.5023000120123514,0.18950137778694912
0.4819426092240728,0.18745361777287994
0.5090975897569971,0.19307420448525325
0.45932405791366654,0.17678141781654663
0.49156662262137774,0.1889356711518473
