0.40095181439619276,0.4406391386518526
0.1106484235574063,0.22255311837809977
0.15942891136228438,0.228394708206861
0.17073170731707316,0.2684267796804307
0.17132659131469363,0.3074279823606896
0.49613325401546704,0.46125651451806876
0.280785246876859,0.39241738732031384
0.28138013087447944,0.43370940954126336
0.412849494348602,0.4429299581925434
0.4366448542534206,0.45209323635530607
0.49672813801308746,0.4727678827100395
0.4973230220107079,0.5140599049309891
0.44794765020820937,0.4543267854074795
0.5925044616299822,0.5232231830937517
0.28019036287923854,0.3831968386690338
0.7489589530041643,0.5485940095069011
0.24449732302201072,0.36716110188419904
0.17311124330755503,0.3408166771662562
0.2682926829268293,0.3717427409655804
