0.5198168469697076,0.18653890444567012
0.662883953618191,0.20718910227965076
0.46100578712699886,0.17368772667059046
0.30716996064188357,0.11797134007135855
0.2952847987224511,0.11261264449612092
0.28284848185075007,0.11161081561393872
0.2981183004642421,0.11527021339499664
0.3207439178637799,0.1282515200303162
0.5690250916825065,0.19764831559352097
0.5136128207121204,0.18649643561262105
0.530578500717208,0.18688900008221532
0.2681368842786582,0.0938817112326252
0.2788844058478954,0.10599131784600256
0.2737968216731086,0.10472814229890327
0.5922159962125761,0.19838988675522326
0.6204803527391693,0.2012211422918251
0.5045540944453473,0.1840125533514715
0.5011553055730245,0.1827923911096398
0.5577122829827375,0.1953392089145347
0.5311508539368716,0.1933360956223889
0.4259579850340232,0.16989820002929262
0.36996629475484205,0.1542587800228787
0.41180460850333167,0.16162058889026218
0.4610199193052621,0.17922065335577286
0.3535588357911547,0.14820316000786218
0.40446294189554904,0.16114199781013272
0.3891931232820571,0.1555660578196828
0.3931501331957801,0.1597476044583563
0.489291341920987,0.18035370004263218
0.4451848135612383,0.1709005733836934
0.42369683651189577,0.1671540600476631
0.4208633347701048,0.1637124511540361
0.42255919616170035,0.16558543558594194
0.4570558433024074,0.1727300000381131
0.415775750595318,0.1618830244996164
0.3999406448512941,0.15983526448554725
0.44743889599423403,0.17133560668633663
0.43274143060040554,0.17081291335650245
0.45479469478027995,0.17185884448838942
0.35187710657782234,0.13949269345506277
0.29021134672592763,0.11217815566569625
0.33205672656354884,0.1292103356072308
0.32753442951929396,0.12833918005750714
0.3009376700277697,0.11731688446462865
0.6119939796920598,0.20004453782747963
0.29698772620317826,0.11470396228767626
0.31396047229739754,0.1245491089439907
0.3088658220334791,0.12210932893254589
0.33431787508567634,0.130212164489413
0.33997074639099495,0.13687650444479893
0.6340613760501974,0.20575224009482523
0.6097398972590641,0.19956594674735015
0.6046593791734088,0.19860822011487275
0.6278502837034785,0.20244239347809395
