0.296782849586394,0.2406162793779652
0.21755581509830985,0.17735260373872114
0.65611335797917,0.35241820364178855
0.5614714143685872,0.33763219374405995
0.4861343037229371,0.3224675408271835
0.3644076794625535,0.2713090825101003
0.2600747097035743,0.21902226799595606
0.41851912626326,0.2974581694124596
0.4204303047267884,0.30161566976270443
0.40595168000308873,0.29707195353292865
0.5827356878794606,0.3384008390729304
0.4996573392148725,0.32398589933396693
0.29776739606760555,0.24630349752556782
0.22332796015482476,0.18794703541448154
0.2687618845377941,0.22318734120658382
0.3566857462765804,0.27055179647180433
0.23107885059024527,0.2080264747198988
0.3093406434300827,0.2531152854400399
0.2272082315807762,0.19022646638975232
0.23496877443267922,0.2152320513742848
0.2658951168425015,0.22244141445886226
0.18855030356849836,0.17241131233884005
0.22820243047847028,0.1989466151207303
0.21854036157952145,0.1872048950969515
0.290016505632185,0.236068776717998
0.2958176079381473,0.23720849220563342
0.2581538788235635,0.21637555329211167
0.43594173801411185,0.3156519664825199
0.5914518199631278,0.3497714889379442
0.3402959430893525,0.26677293914070754
0.4359127807646645,0.3137473920962056
0.4310865725234313,0.3027667445409143
0.4803525062499397,0.31565575291271136
0.4977268559183792,0.322471327257375
0.571133483267536,0.33763598017425145
0.5846372139265065,0.33990405185894784
0.5769345855734983,0.3383970526427389
0.5122633951409735,0.3349892654704071
0.3798708506674646,0.2819186599066266
0.37988050308394705,0.2887380206814817
0.36828795088850497,0.28040408783003473
0.2735880927790273,0.23265341668528325
0.3518595380353472,0.2697945104335083
0.3199872588102432,0.2637286492667578
0.38954257198289594,0.291013665226561
