0.44292366503911085,0.17151038226849993
0.5605669829919233,0.2024413045336568
0.5605387186353968,0.1997385444406392
0.6566799273606037,0.21154596897270614
0.6024052967404131,0.21137119339054286
0.4514100380862204,0.17495199116212695
0.2970018583814416,0.12446199338901831
0.43614021947272846,0.17046499560883158
0.4271026914733502,0.167329380102045
0.3971071431095032,0.16018318223321815
0.3897442782343256,0.15316929111350558
0.2687304357657167,0.11239594455312715
0.35639940362207734,0.14789934450989606
0.2613534387122759,0.10376932672198869
0.27831911871736353,0.12267394662321053
0.5226574148006303,0.19268164001565904
0.4497071106054932,0.17299134670303015
0.4587587707831347,0.17686853337151898
0.5023070781014832,0.18684489783251051
0.5628139993357876,0.2047923355734735
0.5458483193307,0.19298763340249941
0.5520806099448138,0.19917392674997456
0.5514870584577554,0.1949466444449405
0.5956077189957674,0.2074499044723493
0.46723101165198094,0.17800049111394114
0.31965574013750603,0.13692278458337803
0.3665675058825192,0.1490748600298044
0.39370835423718037,0.1578305177767457
0.34283251248931257,0.14546010897066985
0.5079599494068018,0.18810807337960983
0.4728838829572996,0.1832274244122831
0.5062640880152062,0.18706268671994147
0.3829749648462065,0.15195076228832963
0.5407607351559132,0.19272628673758235
0.40165063842115306,0.16414857340111647
