0.0005864853979268093,0.008887420023836995
0.005695267840108534,0.02121590446908242
0.1120469753605472,0.06491034448212797
0.011355205234558827,0.024004146700416687
0.9321443460687808,0.30342238902431123
0.8405254343878289,0.2926167933744265
0.8529688173486616,0.2948823422759266
0.8173415959468909,0.2888702800383962
0.7590887571455823,0.2780222155554624
0.8416560086488927,0.29270390892939885
0.8456200846517474,0.29270445340161744
0.8150804474247635,0.2883911444860482
0.8145151602942317,0.2880862400436449
0.8196027444690184,0.2891751844807995
0.12167098875785219,0.07519106891330424
0.7913242557641619,0.2839471622380204
0.8744567943980041,0.29732212228737137
0.17711859017389642,0.10037127560584784
0.2913772514326495,0.14236641782471365
0.8620134114371714,0.29505657338587127
0.8354378502130422,0.2915278489372719
0.8235597543827413,0.28956720447817513
0.19577306548144796,0.10302830003250497
0.82921262568806,0.29043836002789875
0.8461853717822794,0.2933578200639102
0.832046127429851,0.291310060049841
0.869376276312349,0.2967999734297558
0.8280820514269962,0.2903512444729264
0.054917644731170626,0.04413056226012596
0.88181259318405,0.2984987267517169
0.7641763413203689,0.27863202444026897
0.8314808402993191,0.2907873667200068
0.8942489100557509,0.29932632452395436
0.2891090368213904,0.14162539113523004
0.29985655839062747,0.14689642668327665
0.7975424142000123,0.284818317787744
0.8727609330064084,0.29688654451250956
0.03850311967835162,0.036027182231040254
0.7579581828845184,0.277455964448142
0.8320461274298511,0.2914407333822996
0.7890631072420344,0.28364225779561714
0.8207333187300822,0.28926230003577186
0.8382642858657015,0.2923118889320232
0.7568276086234548,0.2771946177832249
0.8495770945654705,0.2934449356188825
0.8111234375110404,0.287868451156214
0.09282721292246379,0.06112081784083008
0.8269514771659325,0.29013345558549547
0.8671080617010899,0.2967994289575372
0.3462313013616354,0.1633193422122233
0.4339073353071276,0.19281231334811755
0.8885960387504324,0.299239208968982
0.209354088792476,0.10978084448730045
0.8246903286438051,0.28965432003314745
0.8026370644639308,0.2861255955845481
0.6657881162512982,0.25741720891562364
0.8461853717822793,0.2932271467314516
0.2919425385631814,0.14467498003148135
0.836003137343574,0.2918327533796752
0.8405254343878289,0.2926167933744265
0.7766197242812017,0.28137670889411703
0.8145151602942315,0.2879555667111864
0.8229944672522095,0.28926230003577186
0.7178086644384928,0.2701371688860262
0.8003759159418034,0.2858206911421448
0.6312914691105911,0.24948860446870125
0.4531270977452111,0.19973799996842062
0.7692709915842875,0.27924237779729405
0.8552370319599207,0.29488288674814517
0.809985797160845,0.2870838666892441
0.8150804474247634,0.28826047115358966
0.82921262568806,0.29043836002789875
0.3615152521533907,0.1746024399978003
0.662396393468107,0.2568074000308171
0.8343143420411102,0.2914412778545182
0.7890631072420343,0.2834680266856724
0.17200980773171473,0.0938359755662647
0.5837790857893881,0.2385534244307951
0.4921601741084363,0.2138964555403043
0.8105581503805085,0.2873457578263798
0.5566311713455954,0.23184443775348582
0.26253347559726115,0.129602900076825
0.7359049187046441,0.27288185333987425
0.8128192989026359,0.28791200893370017
0.48707258993364955,0.2112829888911333
0.044728344203333784,0.03868475112991597
0.705372347566792,0.2659991800248388
0.5928236798778979,0.24190737329723117
0.7935854042862893,0.28442629779036843
0.7851060973283114,0.28311956446578296
0.7342161234021803,0.2727081667021481
0.7805838002840563,0.2819870622511422
0.3801697274609423,0.17817417775166727
0.08205849308583178,0.05149237112750941
0.20483179174822108,0.10904036227003533
0.7817143745451202,0.2825533133584625
0.7534358858402636,0.27688971334082163
0.7749309289787377,0.28107234892393235
0.796984193158612,0.28477530448247645
0.7579581828845185,0.27732529111568344
0.6974583277393458,0.26425686892539146
0.8173415959468908,0.2887396067059377
0.3892284537277154,0.18091940667773396
0.7771920775008652,0.28176927336371127
0.35414532118908154,0.16480030664675352
0.7245921100048753,0.2704856311059156
0.8082899357692495,0.28699675113427175
0.528352682640739,0.2263115110683035
0.8869001773588367,0.2988036311941202
0.7562623214929228,0.27715106000573875
0.8235597543827413,0.2895672044781751
0.4327696949569323,0.19224551776857862
0.7172433773079611,0.2692224555588163
0.028313819150514768,0.024439724475278514
0.07358625221698548,0.0496634889453083
0.4644469725341116,0.20683900664310553
0.8258209029048688,0.2900463400305231
0.5798220758756651,0.23798717332347474
0.5849096600504518,0.23955525331297733
0.7975494802891441,0.2850366511473935
0.8620204775263031,0.29536202230049313
0.7986800545502077,0.2856029022547139
0.7749309289787378,0.28107234892393235
0.6013029868358758,0.24273497106946867
0.4412702001823052,0.19821456670084137
0.7415648560990944,0.27458115113405396
0.2693239872527752,0.1350046089573302
0.1290409197221614,0.07671722454197637
0.7743656418482058,0.2806367711490705
0.7726697804566103,0.2803754244841534
0.7409995689685627,0.27423268891416447
0.21332523088446237,0.11862416226143267
0.79075896863363,0.28364225779561714
0.22971855766988641,0.11962599114361488
0.6346831918937824,0.2506646644608282
0.41636930208237655,0.1868002511105872
0.7879325329809705,0.2834244689081862
0.5605881812593184,0.2334125177429884
0.24895245228623308,0.12555093782617285
0.5939542541389616,0.24199448885220354
0.14996360964097202,0.09135318224955231
0.7002847633920052,0.2658249489148941
0.5871708085725793,0.2413411221899108
0.47349156662262154,0.20749237330539827
0.545325428734958,0.2272273133399505
0.6618169741593117,0.25680631108637997
0.4265444704319501,0.18980573775713383
0.7811490874145882,0.28203062002862833
0.7788879388924609,0.281943504473656
0.7059376346973236,0.26713168223947953
0.7839755230672476,0.28303244891081053
0.6765285717314036,0.2616423133317834
0.5611534683898503,0.23354319107544697
0.26366404985832487,0.13125809562129995
0.6493806572876107,0.2552382310968774
0.3134305156125239,0.15125274890411355
0.7449565788822856,0.27523451779634667
0.6425972117212285,0.252058513340386
0.33267147631800226,0.1617082489174531
0.23763257749733252,0.12097628224568653
0.8037676387249946,0.28621271113952046
0.24895245228623314,0.1285128666952333
0.7935854042862893,0.2844262977903684
0.28344909942694013,0.13748685780182407
0.2845938058662672,0.13827198674101251
0.6951971792172182,0.26390840670550203
0.8501423816960023,0.2937498400612858
0.148818903201645,0.08229207558798916
0.6793550073840628,0.2617294288867557
0.5159163657690379,0.22091034666001685
0.7042417733057282,0.26599918002483874
0.7065029218278558,0.26739302890439665
0.35868881650073137,0.1694190644769446
0.76700984306216,0.2791117044648355
0.7704086319344828,0.2802447511516949
0.6833120172977859,0.26246991110402085
0.31738045943711535,0.15260249553396663
0.6244938913659456,0.2492697266368332
0.793592470375421,0.28451395781755934
0.0317126080228376,0.03053835779556266
0.6109270002331808,0.24831145553213715
0.8196027444690184,0.2891751844807995
0.7958465528084168,0.28473120223277165
0.7568346747125865,0.2771951622554435
0.5741692045703464,0.23659332444391687
0.7466524402738812,0.27588788445863943
0.7981147674196759,0.28512376670236594
0.8196027444690183,0.2890445111483409
0.43503084347905974,0.19503321552769431
0.8524035302181298,0.2942289756136338
0.2698822082941754,0.13526541115002874
0.4751874280142171,0.2093653577373041
0.6425972117212284,0.25393149777229185
0.8105581503805085,0.28721508449392125
0.7749309289787377,0.28129013781136325
0.4180722295631038,0.18902224223460112
0.5130757979381152,0.21942829328104949
0.6720062746871487,0.260117791119767
0.08433377378622252,0.055762122265592455
0.6997194762614733,0.2654329289175184
0.6550335285929295,0.2566320799764352
0.44183548731283706,0.19904216447307882
0.4932907483695,0.2158565555271825
0.8439242232601518,0.29270445340161744
0.3960118992940978,0.18396845110176674
0.7065029218278557,0.26830774223160647
0.713286367394238,0.2689611088938992
0.3270256711018154,0.15818061341329084
0.4259933154796816,0.18928413337173677
0.7630598992375686,0.27811042005487185
0.1425866125875312,0.07763030445253047
0.33040326170674317,0.15966048890338394
0.5950848284000253,0.24208160440717588
0.7743656418482059,0.28076744448152907
0.10582175083556503,0.06342883557537918
0.5045964909801373,0.2178166555140607
0.5340055539460575,0.22665997328819293
0.6352484790243142,0.25144870445557943
0.04077133428961073,0.03807494224510942
0.6991400569526781,0.2648655888657609
0.7811490874145883,0.2822484089160593
0.6205368814522225,0.24879059108448517
0.6527723800708018,0.2557173666492254
0.7924548300252255,0.284339182235396
0.7245921100048752,0.2712696711006669
0.527787395510207,0.22339313997672924
0.4825502928893946,0.2099762555665478
0.7376078461853715,0.27353576447438555
0.786236671589375,0.2833373533532138
0.7636110541898371,0.2783271199978657
0.3547318065870083,0.16924483336699986
0.7828449488061839,0.28264042891343494
0.06227344351721653,0.04635255338413986
0.6465542216349516,0.2542364022146952
0.5464560029960218,0.22879539332945303
0.30042184552115947,0.148638737782724
0.4616134707923206,0.20261335775472725
0.7313896877495208,0.27179345337493827
0.7398689947074989,0.2741891311366783
0.6064047031889259,0.24543664221804912
0.7873672458504388,0.28342446890818623
0.5357014153376531,0.22687776217562386
0.4576705930568609,0.2023531000342473
0.12166392266872053,0.07022493780766083
0.5685022010867645,0.2341529999602535
0.42655153652108174,0.19041609111415894
0.6623822612898437,0.25680631108637997
0.6991541891309414,0.2650844666976289
0.31738752552624694,0.15600054665010743
0.7698433448039509,0.27959138448940213
0.774365641848206,0.28076744448152907
0.41185407112725325,0.18518915781581702
0.6493806572876109,0.2547155377670432
0.666918690512362,0.2581576911328888
0.6855731658199135,0.2625570266589932
0.7511747373181361,0.27667192445339067
0.7472177274044131,0.2761492311235565
0.43956727270157797,0.19808334889616427
0.6420319245906965,0.2515358200105518
0.6793550073840628,0.26242635332653463
0.6934871856473596,0.26390731776106485
0.6844425915588497,0.2625570266589932
0.8071593615081857,0.2869096355792994
