0.4619356956013938,0.27283880030745816
0.39914672638295,0.251237216065066
0.4512987326377159,0.26525836706411565
0.39916603121591493,0.25806036327011256
0.35856796749066133,0.22623163108053357
0.4870512832887714,0.27814737543591284
0.5198888041621219,0.29065016792817894
0.3914537504464243,0.24519028704927276
0.31800851343133757,0.2122142665116754
0.3991370739664675,0.2508547866157265
0.3769461684732773,0.24517892775869835
0.48802617735350046,0.2845880931916199
0.34020907134101025,0.22205898500952284
0.29672493508749914,0.2042438309586105
0.3943205181417168,0.24669349983529026
0.403017345392419,0.26411486514628874
0.5691643903051128,0.31376632424716305
0.5102074304302082,0.2891242365610126
0.26387776179766603,0.1625817395617585
0.36048879837067216,0.23228613295670966
0.27546066157662574,0.17507695919364177
0.2870628661885503,0.18871568074335196
0.48801652493701797,0.28004059053165264
0.2967731971699115,0.21069969443508352
0.3605177556201195,0.23419070734302405
0.2909527900309843,0.19251347022540616
0.27352052586365,0.17355860068685844
0.3730658970473258,0.23456935036217202
0.5372728062470439,0.2936830985115542
0.32862617156205065,0.22054441293293092
0.4629298944990879,0.2770152328086603
0.4715977645003427,0.2781435890057213
