0.5585563845908823,0.32550804427094177
0.37017982451906833,0.25956357605613006
0.5035086533913765,0.3088363921378563
0.4909412071312054,0.29671224266473806
0.43300740340344207,0.2808016630001401
0.4358838235152171,0.2853378063695329
0.2919373365121959,0.20577354875596834
0.40305595505834885,0.2713242282308662
0.25715967992586947,0.19288832681436266
0.3170722290325383,0.2285072756256129
0.34026698583990506,0.24252842662466248
0.23299968147025601,0.17167295845150152
0.3102865802453645,0.22660270123929857
0.26103029893533847,0.19440668532114605
0.3624482389166128,0.2535015013195709
0.2629511298153493,0.19970390115902625
0.3093406434300827,0.22623163108053354
0.3518595380353472,0.25313421759099736
0.42816189032924395,0.27473580183338947
0.4426405150529435,0.28798830750356874
0.4629395469155703,0.2936793120813628
0.3943301705581993,0.26525079420373265
0.4030269978089015,0.26639050969136807
0.30835609694887123,0.22130169897122687
0.38661788978870865,0.26184679346159234
0.3392438296927636,0.2409911359669217
0.37310450671325573,0.26033222138500045
0.4156330537350026,0.2728501595980325
0.3730658970473258,0.2603170756642345
0.44939720659067,0.2913960946759005
0.4725919633980367,0.29519388415795467
0.5073696199843631,0.314137394405928
0.23783554212797176,0.1826573924369843
0.2986940280499223,0.22129791254103537
0.3218791324408066,0.2326647759758577
0.2957983031051824,0.22054062650273942
0.3209042383760775,0.23001048841163035
0.33444657870097777,0.23873063714260825
0.2774490593720138,0.20122604609600112
