0.4095858565159941,0.17774023339346123
0.35357296796941795,0.16314456663006
0.6448300958868296,0.2295369644911553
0.4977989132354915,0.19943418447045447
0.4576564608785975,0.18867486895914878
0.609195808395927,0.22208695112436233
0.4299291271260096,0.18836778662787118
0.5605811151701867,0.2132447222946673
0.3626246281470595,0.16615059774882518
0.5758297355162838,0.21411478889995375
0.30437885543488247,0.14001429784045982
0.41635516990411314,0.17834895333383063
0.591678973438571,0.21559738675113968
0.47233979409416277,0.19416205997797067
0.45877290296139794,0.19241974887852334
0.37959737424127865,0.1704203488869082
0.4740568537531532,0.1950784067218362
0.34339779961984435,0.15791763333171807
0.2806155976851492,0.12289445787173432
0.5017700553274779,0.2000450822996982
0.31568459804551974,0.1464608489084149
0.5266356229817483,0.21276340885344494
0.2212392507119085,0.11135001342124018
0.4961101179330276,0.1988249200578665
0.31172052204266504,0.14567626444144502
0.33773786222539415,0.1532999644459641
0.3371796411839939,0.14798646006486843
0.3179457465676472,0.14794181334294507
0.2806297298634125,0.13774874893895978
0.2528953300216929,0.1223701311252444
0.40449120625207563,0.17630228226419864
0.5153298803711109,0.20762359111007542
0.3971354074660297,0.1711619200486105
0.30719822499841015,0.145197128889097
0.39997597529695234,0.17338445564484295
0.5006253488881509,0.1994341844704545
0.3784809321584782,0.16968095561408028
0.4174786780760453,0.18061341329089353
0.5057270652412009,0.20470576449071973
0.23592965001660532,0.11304822227098274
0.36941513980257346,0.16680450888333648
0.48650023671398585,0.1985635733929494
0.3931713314631751,0.17107426002141954
