0.30458060678167753,0.4393791879044728
0.437239738251041,0.5117118149017811
0.2682926829268293,0.4164137220090487
0.2093991671624033,0.3924173873203138
0.36466389054134446,0.4600538342592062
0.3408685306365259,0.4566176049481701
0.4128494943486021,0.4876009392360116
0.16061867935752527,0.35106809461084704
0.29387269482450923,0.43491208980012597
0.388459250446163,0.47838039058473164
0.28138013087447944,0.43370940954126336
0.23259964306960143,0.3992325754538686
0.2082093991671624,0.36710383139568176
0.14812611540749554,0.32466639940438685
0.11183819155264724,0.3165912605234522
0.09934562760261749,0.2649905503693947
0.1124330755502677,0.3200847603230056
0.07555026769779893,0.2329190767997251
0.07495538370017847,0.20422656205257433
0.038072575847709705,0.14340530324723672
0.025580011897679958,0.08722295401179772
0.0380725758477097,0.11477005898860318
0.3771564544913742,0.4646927438291048
0.09994051160023795,0.2650478208579119
0.06305770374776919,0.19391787411946623
0.07495538370017846,0.1984995132008476
0.049970255800118976,0.15142317163965408
0.14872099940511602,0.3247236698929042
0.1838191552647234,0.3659011511368192
