0.37582123348236046,0.14118685028919445
0.564846110831054,0.17446332102706116
0.4306031882453082,0.15442900186102212
0.3086956401971236,0.12086626243585437
0.37698920999060664,0.14466019119283163
0.41402012555747464,0.152521593991303
0.3673341211665441,0.1409552364764428
0.3353166896680908,0.13026028557093203
0.4444921919117627,0.15524504481502832
0.38469675308040036,0.14875048640081984
0.5864564308951825,0.1820712953150141
0.4981226981359205,0.17436393420907664
0.4749752769123549,0.16382334000978593
0.3256671101671804,0.1274706031196908
0.29056721236512495,0.1175364890196861
0.34612322703094317,0.13416354140276068
0.3526903402282513,0.14009556412690297
0.31795405775423463,0.1259711379735532
0.29557794177196367,0.11899177349633927
0.44643147366130337,0.1569984109922136
0.5856851256538878,0.17467319889546754
0.34264408946038943,0.13383254077202456
0.2623952884268404,0.1031476876302237
0.40862098886841264,0.15136391869465263
0.43060869756846026,0.1547378727803053
0.3098498433974894,0.12151668694436017
0.44950292131860137,0.15915901111218655
0.4904013817382466,0.16897223871012607
0.3507538131402866,0.13967635966404113
0.3272124753113457,0.12762503857933238
0.46494004479079726,0.16262132653680808
0.38084298153550344,0.14539881953346315
0.33840191063326924,0.13306075724092428
0.32258188920200215,0.12684215081579492
0.35036265119648724,0.13505652644961227
0.3765952933852311,0.14377791661130962
0.27435327432848233,0.1081643593357968
0.33300277394420713,0.12970901162014614
0.4225127471964432,0.1541646266249095
