0.40243401896859965,0.13759262288349197
0.33376581520077353,0.12111992720663742
0.4441010299679633,0.1484862686715503
0.4194165075849607,0.14418625310199887
0.29363039603769486,0.10732626542375918
0.33183479743596095,0.11952115399593682
0.44487784453240997,0.15072459841858407
0.40475344401563546,0.1420360484336693
0.4741957076863323,0.1542750389219098
0.48113745485798354,0.15682192457454058
0.3464951063437101,0.12173743278493915
0.46068684731737286,0.15280833519913317
0.5216419986722531,0.16466135516840202
0.5895333878756326,0.1729199114717038
0.5359083909746268,0.1657969007535994
0.5833546819605478,0.17078073228238994
0.3515223637200052,0.12979745171253648
0.4749642582660508,0.15549878833923292
0.4984890681255355,0.15808977590792656
0.5733249591621422,0.16738480599212732
0.5073756063698794,0.1644409243415092
0.4008858991628583,0.13536531861547393
0.44602378374804763,0.15156221981009244
0.37465050231253844,0.13215658920821388
0.3746587662972666,0.13517780671878515
0.29285082681167207,0.09596978577730533
0.42635825475661193,0.14676621519167682
0.30251693428203885,0.11840734435508468
0.46146090722024347,0.15413147143444084
0.491164422994813,0.15705345963387063
0.4880764473680586,0.15696517704832333
