0.2166002258665457,0.19742447018375542
0.2610689086012683,0.22774241672693396
0.26203415024951493,0.22812105974608196
0.21950560322776808,0.20310790190116657
0.20500767367110354,0.1913623954471963
0.23591471124796093,0.21408854945645792
0.2639356762965609,0.2284883434746555
0.3199872588102432,0.25729171794124217
0.3238771826526772,0.26525458063392415
0.26880049420372387,0.23910549373156478
0.5315392708564589,0.3406575514670524
0.2504126408046254,0.21447476533598886
0.21562533180181653,0.196663397715268
0.3789152614357004,0.29441766596870134
0.3393210490246234,0.27774980026580737
0.315141745736045,0.2557695730042673
0.46393374581326435,0.31943839667399965
0.397283810001834,0.29935138450819954
0.3972741575853515,0.29934759807800804
0.44945512108956476,0.3183024676165558
0.4156330537350026,0.30995717547453433
0.4098319514290403,0.3016232426230874
0.4668198183415218,0.32019189628210415
0.39052711846410754,0.2985940984699036
0.4590978851555488,0.31867732420551226
0.41465815967027353,0.30275917168053135
0.42820049999517384,0.3141298215455451
0.3596200808872501,0.2830621618244535
0.46875995405449755,0.32701125705695927
0.4407582938388626,0.3167841091097724
0.4938562369089101,0.33004040121014305
0.321908089690254,0.2644821488748623
0.2523720813505661,0.22470948614355868
0.20210229630988116,0.18908675090211693
0.1895348500497099,0.17355481425666694
0.2513875348693545,0.21712905290021614
0.19339581664269645,0.18529274785025424
0.2069381569675968,0.1947701826195281
0.17309678478006968,0.15271808891295374
0.2813582880474127,0.24100249525749615
0.2417254659704057,0.21447476533598883
0.25236242893408367,0.22470569971336718
0.2726325035472631,0.24023006349843426
0.28811497958513915,0.24857535564045571
0.178897887086032,0.1534791613814412
0.32773814924566375,0.2701769398828478
0.31418615650428083,0.25501607339616283
0.2852192546403992,0.24403163941067998
0.22532601036669528,0.2118280506321445
0.29777704848408804,0.25425878735786683
0.3644366367120008,0.28343701841340996
0.37023773901796314,0.2879845210733772
