0.23296107180432618,0.17695881499880725
0.3682300363896101,0.25728414508085923
0.26100134168589106,0.20234682943267915
0.25617513344465787,0.19401668301142364
0.2919276840957134,0.21750769591936417
0.4310383104410189,0.2811651602985221
0.30352023629115554,0.22735620084740304
0.3354118203492244,0.2470607835638638
0.5015781700948833,0.30315674685063665
0.35955251397187293,0.2553947164153108
0.3412322274881517,0.2501012870076221
0.3006245113464156,0.22546298575166313
0.22235306609009564,0.16522466783541143
0.5295798303105183,0.3111120366829357
0.20396521269099713,0.15271051605257077
0.4610380208685244,0.29596252948682505
0.22328935048889487,0.17581531308098033
0.24261348828679258,0.1830171033051749
0.4677850599897685,0.30050245928640934
0.26582754992712426,0.2080264747198988
0.38953291956641345,0.2713204418006747
0.5411627300894778,0.31451982385526744
0.40016023011360896,0.27435337238405005
0.4368780224129111,0.29595117019625067
0.4310672676904663,0.28382702072313243
0.3296010656267797,0.2428881374928531
0.2494184419069314,0.19174482489653577
0.20883003059816024,0.16332766630948004
0.3653536162778352,0.2565344319029462
0.24264244553623995,0.18719353580637707
0.42042065231030584,0.2773787301070424
0.32673429793148717,0.23835578055365178
0.5189332149303578,0.3054210321051416
0.336396366830436,0.24858292850083866
0.3856526481404621,0.26941965384455185
0.36924354012026916,0.26033222138500045
0.3093502958465652,0.23494420695112853
0.28228492002972955,0.21675419631125967
0.2030192758757155,0.14931030174062196
0.21366589125587584,0.16371009575881953
0.18851169390256844,0.14399794018197581
