0.3151996602349399,0.2826759459449226
0.44367332361656736,0.3289082585828906
0.47941622185114047,0.34179348052449626
0.49582532987133326,0.3436866956202362
0.42434918581866976,0.32587154156932385
0.19153290026158046,0.2193971245849126
0.1567455912587716,0.19477018261952808
0.35192710495072443,0.3012483860341309
0.32970724220808684,0.29063880863760455
0.40021814461250377,0.31716275212892037
0.3586837964884509,0.3020056720724268
0.377042692638102,0.3111006773923612
0.38572986747232174,0.31299389248810106
0.2717155239814288,0.26486079189401024
0.36254476308143746,0.30692803132135055
0.3354890396810842,0.29404280937974486
0.3258269707821353,0.2887380206814817
0.34997731682126626,0.3008621701546
0.34709124429300875,0.29973002752734745
0.14900435323983355,0.18984025051022144
0.17412959334369357,0.20726918868160285
0.1799306956496559,0.21143804832242205
0.15963166378702906,0.1966596112850765
0.5248308414011447,0.35392898928818894
0.5200046331599115,0.35014255909670916
0.5229003581046515,0.3501425590967092
0.5151784249186783,0.3467347719243774
0.5402843601895734,0.35393277571838044
0.5132382892057026,0.3467309854941859
0.3857298674723218,0.31412982154554503
0.37124159033213966,0.3095823188855778
0.3760677985733729,0.3110968909621697
0.22050945454194454,0.23606499028780653
0.443663671200085,0.3281471861144032
0.4060288993349485,0.32209268423822707
0.3973224196677639,0.3171627521289203
0.3606142797849442,0.30238431509157476
0.434020907134101,0.32701504348715077
0.36448489879441326,0.3080677468089859
0.406019246918466,0.3209529687505916
0.2726807656296754,0.26675400698975016
0.2591673825542225,0.26107436170253046
0.29395469155703136,0.2750992991317715
0.1402978735726489,0.17960931613284312
0.15287497224930258,0.19287318109359672
0.16544241850947383,0.20158954339438317
0.16157179950000478,0.19931389884930384
0.14223800928562463,0.1845354618119583
0.14417814499860038,0.1890829644719255
0.1664076601577205,0.20234682943267912
0.16156214708352232,0.19779554034252045
0.13256628797019332,0.17203266931969208
0.141272767637378,0.18188496067792245
0.17411994092721106,0.2042362580982275
0.18767193366859394,0.2140961223168409
0.4678236696556984,0.3364886918262332
0.4320807714211253,0.32663261403781124
0.44947442592252973,0.33345576124285786
0.4639530506462292,0.3345916903003018
0.18283607301087826,0.21333504984835341
0.1693033851024604,0.20386140150927104
0.14997924730456266,0.19211589505530077
0.17606972905666932,0.20840890416923824
0.15867607455526486,0.19552746865782403
0.14126311522089555,0.181123888209435
0.1364272545631799,0.17392588441543194
0.14900435323983358,0.19021889352936944
0.15480545554579583,0.1936304671318927
0.13740214862790898,0.17733745801795522
0.3239061399021245,0.2883631640925252
0.14030752598913138,0.1796131025630346
0.12966091060897095,0.16407737948739307
0.13643690697966235,0.1750655999030674
0.1354716653314157,0.17317238480732747
0.1316010463219467,0.16900352516650824
0.1586664221387824,0.19552368222763256
0.3219756566056312,0.2860913059776373
0.33453345044932,0.2936679527907884
0.317149448364398,0.2849553769201934
0.3200451733091379,0.28571266295848935
0.3036167604559802,0.28078273084918265
0.3229408982538779,0.2879845210733772
0.3451318037470681,0.2985827391793291
0.32967828495863943,0.2898701633087341
0.3422360788023282,0.2970681671027372
0.34320132045057483,0.2982040961601811
0.3403345527552823,0.2959435973358677
0.2688197990366888,0.26410350585571424
0.2668796633237131,0.2629637903680789
0.24273896970106468,0.24781428317196827
0.24272931728458216,0.24781049674177674
0.25529676354475345,0.25842007413830315
0.17606972905666934,0.21068076228412613
0.20216021080877597,0.22583784234061963
0.1954035192710495,0.22243005516828787
0.18863717531684054,0.21598933741258078
0.24466945299755793,0.24970749826770816
0.2437042113493113,0.2493288552485602
0.27654173222266193,0.26826857906634205
0.2755764905744153,0.2675112930280461
0.35675331319195763,0.3016270290532788
0.2968407640852888,0.28001787195050376
0.3142247661702107,0.28267215951473107
0.28235248694510673,0.2731985111756487
0.294900628372313,0.27584901230968456
0.28234283452862424,0.2731947247454572
0.2813872452968601,0.2709266530607608
0.28814393683458656,0.27509172627138856
0.280412351232131,0.2697869375731254
0.2813775928803776,0.27092286663056936
0.24565399947876948,0.2542587873578669
0.2388780031080781,0.2474356401528203
0.22536462003262517,0.24099870882730468
0.44369262844953233,0.3300517605007175
0.390556075713555,0.31526575060298895
0.38670476153705086,0.3141336079757365
0.42147276570689474,0.3247431853722629
0.4011833862607504,0.31867732420551226
0.39056572813003737,0.3156481800523284
0.3103831044101891,0.28230108935596604
0.33067248385633347,0.2917747376950485
0.3268018648468644,0.2887418071116732
0.22920628179264677,0.24136977898606968
0.22340517948668448,0.23757956236439842
0.23597262574685568,0.24478135258859296
0.20408104168878677,0.2269699849678721
0.2243800735514136,0.24061249294777373
0.20988214399474905,0.22924562951295144
0.23210200673738668,0.2428843510626616
0.2340421424503624,0.24326678051200104
0.2156735938842289,0.2296242725320994
0.21761372959720465,0.2330358461346227
0.2388683506915956,0.24629592466518488
0.4736247719616606,0.3410361944862004
