0.5578871428123334,0.34209581069954303
0.21633574856497603,0.21141019335657962
0.13092437501960416,0.15546996314122932
0.42354380351933757,0.2952183067069701
0.47501646748847276,0.3168859588530126
0.5089551770647094,0.32971745293184723
0.14968162855619338,0.17203706876067218
0.16354568551802018,0.18840523648741994
0.6068818418493775,0.354264178469394
0.4549418148740629,0.3080442747332298
0.23641040117938583,0.2266620984632048
0.259025752015307,0.23396201391460042
0.40475518333803834,0.29500279065655033
0.47125247012327093,0.3089284431452082
0.2765910730529155,0.2436878664463614
0.2577397195821963,0.2279883510811722
0.30798908440764095,0.257619044987594
0.575483830494652,0.34740634722398755
0.2728270756877137,0.23838285597449177
0.3783444684922054,0.29454965434541147
0.27028637746620243,0.23727211940694404
0.3041937203977291,0.25385580318411155
0.31680311157115526,0.26071916048209287
0.22885103980427213,0.21494134095191783
0.43985445876854556,0.3062704118566985
0.3193124431479565,0.26204541310006024
0.3532197860794831,0.281060560010168
0.5504218813713497,0.33569664181785036
0.5390671559863243,0.33325412657976033
0.4247984693077382,0.2976497698399103
0.2929017283021236,0.25319267687512786
0.32806373702205077,0.26425030807743105
0.20498102317995046,0.20830455180950594
0.18863900128603245,0.20100463635811033
0.4398544587685455,0.2987549803548831
0.6772058592892319,0.36842192516619615
0.43107179824974123,0.29853393825188856
0.4888491578055896,0.32263857958344616
0.5064144788431981,0.32595421112836476
0.3394498290517864,0.2706771072219981
0.477588532354694,0.3188863898851134
