7.066089131648307e-06,0.002352664456472441
0.0033987888723228353,0.004356322220836843
0.9536323231181233,0.3049474557085462
0.9202733163276117,0.3015058468149192
0.924788547282735,0.30246357344739666
0.9417612933769541,0.3030309134991542
0.9055687848446516,0.3009390512353803
0.8976476989280738,0.29971888899354854
0.899915913539333,0.2997194334657671
0.8840808077953092,0.2984992712239355
0.8529688173486616,0.2948823422759266
0.8552370319599207,0.29488288674814517
0.8620204775263031,0.29536202230049313
0.869376276312349,0.2967999734297558
0.8727609330064084,0.29688654451250956
0.8767250090092632,0.29732266675958996
0.836003137343574,0.2918327533796752
0.82921262568806,0.29043836002789875
0.8003759159418034,0.2858206911421448
0.8320461274298511,0.2914407333822996
0.8382642858657015,0.2923118889320232
0.8405254343878289,0.2926167933744265
0.8405254343878289,0.2926167933744265
0.8744567943980041,0.29732212228737137
0.8869001773588367,0.2988036311941202
0.8354378502130422,0.2915278489372719
0.832046127429851,0.291310060049841
0.8258209029048688,0.29004634003052315
0.82921262568806,0.29043836002789875
0.8048982129860582,0.2866047311368961
0.8461853717822794,0.2933578200639102
0.8145151602942317,0.2880862400436449
0.8416560086488927,0.29270390892939885
0.8671080617010899,0.2967994289575372
0.8501423816960023,0.2937498400612858
0.8246903286438051,0.28965432003314745
0.8885960387504324,0.299239208968982
0.7964189060280803,0.28529799781231063
0.8524035302181298,0.2942289756136338
0.88181259318405,0.2984987267517169
0.024907964189060286,0.02016997333719546
0.806028787247122,0.2866918466918685
0.8128192989026359,0.28791200893370017
0.8495770945654705,0.2934449356188825
0.8105581503805085,0.2873457578263798
0.8196027444690183,0.28904451114834095
0.8212986058606139,0.28926230003577186
0.8150804474247635,0.2883911444860482
0.8269514771659325,0.29013345558549547
0.7986800545502077,0.2856029022547139
0.7986800545502077,0.2856029022547139
0.8196027444690184,0.2891751844807995
0.7941577575059529,0.2848188622599626
0.8111234375110404,0.287868451156214
0.8280820514269962,0.2903512444729264
0.7896354604616979,0.28377347560029426
0.8229944672522095,0.28926230003577186
0.8026370644639308,0.2861255955845481
0.8026370644639308,0.2861255955845481
0.8343143420411102,0.2914412778545182
0.8942489100557509,0.29932632452395436
0.8258209029048688,0.2900463400305231
0.8207333187300822,0.28926230003577186
0.8235597543827413,0.2895672044781751
0.7998106288112715,0.2856900178096863
0.8173415959468909,0.2888702800383962
0.8071593615081857,0.2869096355792994
0.8229944672522095,0.2892623000357718
0.8082899357692495,0.28699675113427175
0.7918966089838253,0.2843397267076146
0.7839755230672476,0.28303244891081053
0.8196027444690184,0.2891751844807995
0.8196027444690183,0.2890445111483409
0.8439242232601518,0.29270445340161744
0.8456200846517474,0.29270445340161744
0.7794532260229927,0.2822484089160593
0.8235597543827413,0.28956720447817513
0.8048982129860582,0.2866047311368961
0.8461853717822793,0.2932271467314516
0.7771920775008653,0.28155148447628037
0.793592470375421,0.28451395781755934
0.8173415959468908,0.2887396067059377
0.7981147674196758,0.2853415555897968
0.7641834074095007,0.2791988200198079
0.7811490874145882,0.28229196669354545
0.7817143745451202,0.28255331335846257
0.7788879388924609,0.281943504473656
0.7839755230672476,0.2830324489108106
0.7749309289787377,0.28129013781136325
0.7913242557641619,0.28394716223802036
0.735346697663244,0.27357932225187176
0.7743656418482059,0.28098523336896
0.6714409875566167,0.26142452444435244
0.8048982129860581,0.2864740578044376
0.8082899357692495,0.28699675113427175
0.8252626818634687,0.2897855378378246
0.04188071028327951,0.02809857778411785
0.7828449488061839,0.28264042891343494
0.7766267903703334,0.281464368921308
0.7404342818380307,0.27479894002148486
0.7958536188975484,0.28486242003744877
0.8105581503805085,0.28721508449392125
0.7873672458504388,0.28342446890818623
0.7721044933260784,0.2804189822616396
0.8230015333413413,0.28926284450799045
0.7879325329809707,0.28355514224064476
0.7749309289787377,0.2812030222563909
0.8314808402993192,0.2907873667200068
0.7851060973283114,0.28311956446578296
0.7879325329809707,0.2835551422406447
0.8314808402993191,0.2907873667200068
0.8037676387249946,0.28621271113952046
0.7704015658453512,0.28037488001193484
0.802071777333399,0.2858206911421448
0.7409995689685626,0.2749296133539434
0.08716020943888186,0.05637193115039902
0.7387384204464351,0.2746247089115401
0.786236671589375,0.2833373533532138
0.7771920775008652,0.28176927336371127
0.8150804474247634,0.28826047115358966
0.7901936815030981,0.283860046683048
0.7817143745451202,0.2825533133584625
0.6731368489482125,0.26146808222183865
0.7918966089838254,0.28412193782018375
0.7500441630570723,0.27675904000836304
0.7065029218278557,0.26830774223160647
0.809985797160845,0.2870838666892441
0.7364772719243077,0.2739277844717612
0.8145151602942315,0.2879555667111864
0.7641834074095007,0.2791988200198079
0.7545664601013273,0.2777173111130591
0.7081987832194513,0.2687433200064683
0.7110252188721106,0.26935312889127483
0.7381731333159034,0.27431980446913684
0.7319549748800529,0.2727517244796343
0.7364772719243079,0.27392778447176125
0.8484535863935385,0.2933583645361288
0.7935854042862893,0.2844262977903684
0.8608899032652395,0.2950571178580899
0.7472177274044131,0.2761492311235565
0.6646575419902345,0.2601613488972532
0.9033005702333925,0.3009385067631617
0.7455218660128174,0.27588788445863943
0.6991541891309415,0.2665654311321592
0.7404342818380308,0.27466826668902633
0.7596611103652458,0.2781534333601395
0.8088552228997812,0.28699675113427175
0.010761653747500368,0.011675117782952684
0.7890631072420344,0.28364225779561714
0.7879325329809705,0.2834244689081862
0.7359119847937758,0.2738406689167888
0.7036764861751964,0.26761081779182755
0.8608899032652394,0.2949264445256313
0.7421301432296263,0.27510384446388814
0.7873672458504388,0.2834244689081862
0.7443912917517538,0.2754958644612638
0.7376078461853715,0.2739277844717612
0.1771115240847648,0.09875909336664052
0.7494788759265406,0.2766283666759045
0.9016047088417969,0.3005029289882999
0.7387384204464351,0.2744069200241092
0.6974583277393459,0.26634764224472823
0.705372347566792,0.2680028377892032
0.7443912917517538,0.2754087489062914
0.05602702072483942,0.03763881999802901
0.8088552228997812,0.28699675113427175
0.7511747373181361,0.2768461555633354
0.7178086644384928,0.27083409332580505
0.7692709915842875,0.28028776445696246
0.7087640703499831,0.2690046666713854
0.7019806247836008,0.2675237022368552
0.7426954303601583,0.2751474022413743
0.7500441630570723,0.2766719244533907
0.8048982129860581,0.2864740578044376
0.11261226249107906,0.07113910666265208
0.6363790532853779,0.25292966889010965
0.4689834017566298,0.20718855780743214
0.6550335285929294,0.25658852219894906
0.7376078461853716,0.2740584578042198
0.7794532260229926,0.28207417780611455
0.7556970343623911,0.27780442666803146
0.7426954303601582,0.2753651911288052
0.6737021360787443,0.2617294288867557
0.6341179047632505,0.2526247644477064
0.610361713102649,0.24674337554263462
0.7935854042862893,0.28442629779036843
0.5803873630061969,0.24025217775275626
0.5962295348393524,0.2437814466735742
0.7573999618431183,0.2779356444727086
0.22575448166703174,0.11831871334681082
0.751740024448668,0.2769332711183078
0.5888808021424382,0.2416906733542374
0.06678160838320814,0.04482694222768631
0.8648469131789625,0.2954491378554655
0.06450632768281739,0.04033940220217234
0.6985889020004096,0.26647831557718676
0.0198203800142735,0.01820987335031724
0.6697451261650214,0.26125029333440775
0.21785459401784893,0.1172744156315796
0.74326071749069,0.2754087489062914
0.7704015658453512,0.28037488001193484
0.7771920775008652,0.28155148447628037
0.7342161234021803,0.27344864891941323
0.23990079210859164,0.12389519780947936
0.5883013828336431,0.24142823774488317
0.023212102797464686,0.019865068894792174
0.6674839776428937,0.26029202222971176
0.8642886921375622,0.2953625667727117
0.7449565788822856,0.2756700955712085
0.7771920775008652,0.28150792669879415
0.32644625179302017,0.16284020665987525
0.4384296323513825,0.19581779999466417
0.3417231364956438,0.16706640002047213
0.07810148317210873,0.053278240004442895
0.7002847633920053,0.26713168223947953
0.6963277534782821,0.2657378333599217
0.7523053115791998,0.27723817556071106
0.4667222532345024,0.20588182448284667
0.7596611103652458,0.2781969911376257
0.4667222532345024,0.20448797560328882
0.762487546017905,0.27902458890986315
0.7664445559316282,0.2796779555721559
0.06621632125267626,0.042474822243432436
0.6216815878915495,0.25053399112836966
0.007935218094841047,0.010281268903394838
0.6165798715384995,0.2490519377494023
0.7048070604362602,0.2679157222342308
0.7285632520968616,0.2721419155948277
0.7540011729707955,0.2774124066706558
0.5934030991866931,0.24291029112385057
0.4356031966987232,0.19564356888471943
0.3649140410257136,0.17678087334432802
0.7811490874145883,0.2822484089160593
0.7918966089838253,0.2841219378201837
0.7726627143674787,0.28050555334439337
0.4401254937429782,0.1962969355470122
0.6765285717314036,0.2627312577689379
0.6555988157234613,0.25737256219370036
0.6968930406088141,0.26608629557981117
0.05715759498590315,0.03881487999015594
0.45935938835932477,0.203615731109128
0.6295956077189956,0.25210207111787225
0.7579581828845185,0.27810933111043473
0.15560234876802737,0.08995824442555732
0.5606023134375817,0.2339363000172598
0.48198500575886266,0.21128298889113334
0.5560800163933268,0.2328909133575914
0.7121557931331743,0.2694838022237334
0.7913242557641619,0.2839471622380204
0.7687057044537556,0.2799828600145592
0.26819341299171146,0.13848923115622486
0.6590046706849159,0.258680384462723
0.7619222588873733,0.2788939155774046
0.6821814430367221,0.26347173998620305
0.7681404173232237,0.2798957444595868
0.6759632846008716,0.2617729866642419
0.7359119847937758,0.2736228800293579
0.74326071749069,0.2754087489062914
0.2608305481165339,0.13435015335060035
0.6607005320765114,0.25876750001769533
0.2500900926364285,0.12938456671717555
0.07526091534118612,0.0465692533271336
0.7449565788822856,0.2756700955712085
0.653917086510129,0.25645893781092766
0.7115905060026423,0.26939668666876104
0.6578599642455888,0.2575467933036451
0.04585185237526585,0.032237655589742356
0.6499459444181426,0.2561965022015734
0.4921601741084363,0.2149418421999727
0.6522212251185335,0.2564153800334415
0.510828781594251,0.2207361155500721
0.7494788759265406,0.2766283666759045
0.12336685014944779,0.07614934001800025
0.658439383554384,0.2583319222428335
0.6799202945145948,0.2631232777663136
0.6855731658199132,0.2645171266458714
0.6262038849358045,0.2513615889006071
0.5379766960380439,0.22905673999437018
0.701415337653069,0.26726235557193806
0.6963277534782821,0.26604273780232496
0.2851520269076674,0.1429321244598155
0.7381731333159033,0.2741891311366783
0.17653210477596962,0.09862733108974482
0.6341179047632506,0.2527118800026788
0.6488153701570789,0.2560658288691149
0.6081005645805215,0.24661270221017606
0.6804855816451265,0.26316683554379977
0.3592611697203949,0.17347048225537814
0.7573928957539866,0.2778479844455176
0.4491842200097513,0.2013071689023603
0.6465542216349516,0.25554313553928065
0.7325202620105846,0.2731001866995237
0.1358172991994121,0.08603804445180085
0.7466524402738812,0.2759750000136118
0.5645593233513048,0.23602707333659656
0.7477830145349449,0.27623634667852887
0.692936030695091,0.2650409089201428
0.3083570636160004,0.1587457755761741
0.8908642533616915,0.2992397534412006
0.730824400618989,0.272446820037231
0.7285632520968616,0.2721419155948277
0.7195045258300884,0.27083409332580505
0.6256385978052725,0.2510131266807176
0.10469824266363295,0.06660909780408909
0.07640562178051313,0.05266843111963633
0.7511747373181361,0.2768461555633354
0.7059376346973238,0.26804639556668935
0.5996212576225436,0.24491394888821494
0.6250733106747407,0.2506646644608282
0.6680492647734256,0.2605533688946288
0.7127210802637062,0.2695273600012196
0.7556970343623911,0.27780442666803146
0.7342161234021802,0.2734486489194132
0.7217656743522158,0.27109543999072216
0.25687353820281084,0.1329998622485287
0.04414185880540697,0.03153964220552628
0.07073861829693119,0.04617723332975797
0.05941874350803061,0.03898911110010067
0.13072971502462533,0.08555890889945285
0.5408031316907033,0.22931808665928724
0.4389949194819145,0.19612270443706745
0.7534358858402636,0.27732529111568344
0.3688710509394367,0.17773914444902406
0.5226998113354202,0.22208640665214377
0.7296938263579253,0.27227258892728623
0.759654044276114,0.2781528888879209
0.2772380070802213,0.14223520002003656
0.6946318920866864,0.2653893711400322
0.10300238127203737,0.06434409337480759
0.7042417733057281,0.26761081779182755
0.47463627306194844,0.21049894889638202
0.6900954628641682,0.26482203108827473
0.4848114414115221,0.21258972221571878
0.33946198797351634,0.16580322447337284
0.7455218660128174,0.2757572111261809
0.6544682414623977,0.25654496442146285
0.7240268228743433,0.272010153317932
0.3445495721483031,0.16819890223511288
0.2399149242868549,0.12550792452090528
0.7720974272369467,0.280418437789421
0.21105701627320322,0.11574880447512606
0.18106853399848788,0.10537987554454026
0.7285491199185983,0.27209726887290436
0.2416107856784505,0.12563859785336381
0.6358137661548462,0.25275543778016496
0.7409995689685626,0.27497317113142955
0.16466107503480049,0.09601386444057385
0.7144169416553018,0.2697015911111643
0.48594201567258577,0.21428847553767993
0.7132863673942381,0.2695709177787058
0.7602263974957776,0.27871968446745987
0.6686145519039575,0.26059692667211504
0.10298824909377406,0.06382031110053625
0.5096982073331874,0.22016986444275177
0.384133803463797,0.18078818887305684
0.007369930964309184,0.008146937806571889
0.2557429639417471,0.13260784225115305
0.7477830145349449,0.27645413556595977
0.38753965842525145,0.1817039911447038
0.5436295673433624,0.23158309108856878
0.2766727199496894,0.14149471780277148
0.44974950714028317,0.2023961133395149
0.19293956373965698,0.10668660886912575
0.44127020018230523,0.19865014447570317
0.7409995689685626,0.2749296133539434
0.7489135887960087,0.27654125112093214
0.0945089421357961,0.06155530667125476
0.7387384204464351,0.2744069200241092
0.4344726224376595,0.19542577999728855
0.034531977586365274,0.02666117112707382
0.6974583277393459,0.26612985335729733
0.5719080560482189,0.2371160177737511
0.6024476932752029,0.24587221999291095
0.6940666049561547,0.265084466697629
0.202563577136962,0.10921404890776151
0.7217656743522158,0.27131322887815307
0.8003759159418032,0.2856900178096863
0.36604461528677734,0.17726000889667604
0.5866055214420474,0.24099265997002134
0.3909313812084427,0.1854935177860017
0.730824400618989,0.27270816670214804
0.511394068724783,0.2216072710997958
0.7647486945400325,0.27950372446221117
0.5611676005681135,0.2340669733497183
0.5328891118632572,0.22735798667240906
0.4356031966987232,0.19560001110723324
0.632422043371655,0.25253764889273406
0.34963715632308995,0.1688958266748918
0.19350485087018887,0.10729641775393231
0.5142205043774423,0.22173794443225434
0.610361713102649,0.24674337554263462
0.7149822287858335,0.27018072666351234
0.04585185237526587,0.03589650889858171
0.5289321019495341,0.2254850022405032
0.5905625313557704,0.2426478555144963
0.760219331406646,0.27858846666278275
0.6946177599084231,0.26512693553067795
0.5311932504716614,0.22552856001798938
0.2642364030779884,0.13570153339710916
0.5571964584761272,0.23367386440790552
0.3066470700461415,0.15147053779154443
0.7472177274044131,0.2761492311235565
0.12222214371012076,0.07266362887466848
0.37395863511422345,0.17791337555896877
0.7149822287858335,0.26983226444362285
0.6392054889380373,0.2548026533220155
0.389800806947379,0.18453524668130572
0.717243377307961,0.270572746660888
0.15618176807682252,0.09492492000341929
0.25178595402802406,0.13034283782187156
0.7104599317415786,0.26909178222635777
0.29816776308816356,0.14937976447220766
0.480854431497799,0.21115231555867475
0.5102634944637193,0.2205183266626412
0.7449565788822856,0.2755829800162361
0.18221324043781484,0.10603433115127017
0.5164816528995697,0.2220428488746576
0.5781262144840694,0.23994727331035298
0.537411408907512,0.22809846888967417
0.01811038644441461,0.013373871104913806
0.22801563018915919,0.12071439110855088
0.7070682089583876,0.26861264667400975
0.5724733431787509,0.23798717332347477
0.3931925297305702,0.1875842911053385
0.6431624988517604,0.25510755776441885
0.375654496505819,0.17878453110869244
0.08829078369994557,0.06098905556393438
0.48255029288939466,0.21254616443823263
0.2902537432607174,0.1470276444879538
0.7811490874145883,0.28224840891605923
0.25180008620628735,0.13230402675318692
0.764176341320369,0.27911115999261693
0.40167183668854817,0.1895879488697029
0.42599331547968156,0.1952515488873438
0.6205368814522225,0.24913905330437466
0.13015029571583017,0.07967751999438105
0.49724775828322304,0.21951540883602189
0.4457924972265601,0.19952130002542684
0.32531567753195634,0.15878933335366027
0.6205510136304858,0.2491401422488118
0.23762551140820087,0.12324074220274947
0.09620480352739169,0.06251357777595078
0.6499459444181427,0.25615294442408726
0.4514453685318787,0.20331082666672473
0.24613308272270543,0.1289925467197999
0.6550476607711928,0.2570687466957342
0.28684788829926294,0.14436953111685952
0.6770938588619354,0.262992604433855
0.7330855491411165,0.2731437444770099
0.5775609273535376,0.23881477109571225
0.47123041810049404,0.20901689551741465
0.41694872139117173,0.19385770000778596
0.7726627143674787,0.28085401556428286
0.6855731658199132,0.2637766444286063
0.4158040149518447,0.18997996886707855
0.7302591134884573,0.2724032622597448
0.5933889670084298,0.2429092021794134
0.46105524975092044,0.20439977110387933
0.7059376346973238,0.26804639556668935
0.523265098465952,0.22517900885366277
0.08376848665569066,0.055718564488106276
0.585489079359247,0.2405146133621105
0.6047088417973303,0.24656914443268987
0.20596943209841648,0.112873991161038
0.7149822287858335,0.2698322644436229
0.6618311063375751,0.25881105779518154
0.6120575744942446,0.24774520442481682
