0.2658771806589702,0.11516577477104216
0.33030871492282815,0.13594959024988545
0.3087011495202757,0.12344638203237537
0.4680335297407038,0.16586305362769374
0.30522476661129794,0.1218254791102218
0.3711961566961691,0.14339202484575947
0.3974398175312172,0.1528193606781489
0.41557100002479197,0.15708637856407473
0.4587751121835928,0.1648265798467947
0.3106294126235122,0.12373304448678404
0.4348508763955804,0.1582329496282878
0.3005941805019544,0.11862801144224215
0.3766008027083833,0.1435355135798069
0.35962657807675036,0.1402277123682485
0.5282201305158655,0.18448579646603475
0.4495139399649057,0.1618164665686607
0.31333173562961925,0.1302050794224319
0.38007718561736104,0.14370105327188573
0.3816170414383742,0.14542094924491614
0.4900212384407514,0.172180810610543
0.34612322703094317,0.13705221690487873
0.44526900647620943,0.16080204374579313
0.3897157464719672,0.1480560387296727
0.3935805366631682,0.15064726255863098
0.401288079752962,0.15362398438603167
0.4792174557394752,0.16986530251039922
