0.31524071610182336,0.1132693923803387
0.42172766864726835,0.14296234617783268
0.33646538354530453,0.12587190866241174
0.4556761179105341,0.14818873824496898
0.5135350296539319,0.15774814356528236
0.43059767892215606,0.14301747357291125
0.5038937141377496,0.15659046826863204
0.5536566755091304,0.1652348375840624
0.45721321906997126,0.15117648555138544
0.5667771285958665,0.1697775711988027
0.33492277306271545,0.11905816263069821
0.38082645356604716,0.13156137084820824
0.44332972472666865,0.1479680711578116
0.493861236677768,0.15523417684285565
0.48460281912065695,0.15487025728191542
0.5139317009208834,0.16262172030391575
0.32951261772734913,0.11698505756205711
0.2955531498177792,0.09604704288383689
0.5035053068555263,0.15532245942840298
0.45837844091664126,0.1525769576466462
0.38815936268149775,0.1364127391219671
0.4193999796155043,0.14101044262494292
0.3611609245746114,0.1305912074482466
0.30135171243536873,0.10985133637862315
0.40089140848601046,0.1407679608400187
0.4325259420253925,0.14303952453094268
0.3877709553992744,0.1331270676218617
0.4325286966869686,0.14652365465333103
0.5139206822745792,0.1603832330500389
