0.14469433204730092,0.1620957001784915
0.10322762774066058,0.14440127983377635
0.14845832941250278,0.17447405794618728
0.3783444684922054,0.2938865280364278
0.2552617546501051,0.23440409812058954
0.2753364072645149,0.2476666243002636
0.2627897493805088,0.23904598228347548
0.24519306169819016,0.23439857206801468
0.15103039427872403,0.19106326777592966
0.2615350835921082,0.2386038980774863
0.19494369687274551,0.20918872022148421
0.36322574574197797,0.27994982344262026
0.2828957686396286,0.2545244555456701
0.18245977227815938,0.20610518288470997
0.23891973275618708,0.23417752996502011
0.08569367334776198,0.13689137438453589
0.22640444151689093,0.22556241400080682
0.27665380634233555,0.2520985184653047
0.4750164674884727,0.3157807483380397
0.16486308459584076,0.2007946463602655
0.5127191744299112,0.33104370554981466
0.2690317116778018,0.24058775095186258
0.3356230983971645,0.26845563408690276
0.17110504689313386,0.20123120451367973
0.2251184090837803,0.2204729195793569
0.2012483924594586,0.2131730041279613
0.26150371694739816,0.23572482468598208
0.33565446504187446,0.2757555495382983
0.42354380351933757,0.3042810329297474
0.28540510021642984,0.2551875818546538
0.41472977635582325,0.29919153850829744
0.4850851604403877,0.31821773752355487
0.4135064772121326,0.296765601427932
0.22013111257488788,0.21495239305706754
0.3657978106081993,0.2850448439166451
0.37458047112700354,0.2910129806974984
0.3381324299739657,0.2786235708246529
0.4725385025563815,0.3149021059786363
0.22132304507386846,0.21825697249683634
0.5892851541670587,0.3482905156359658
0.42862519996236004,0.30539729554986994
0.29920642388883667,0.2649134343864148
0.45365578244095234,0.3122385486375518
0.23396380289200466,0.2324202452462133
0.19497506351745553,0.21295196202496675
0.4135064772121327,0.2974287277369158
