0.24387193420057798,0.13962064442642846
0.26537404342818377,0.14820316000786218
0.4565258866175338,0.20156797109505886
0.19580132983797457,0.12219590001529967
0.19919305262116577,0.12284926667759241
0.24500250846164173,0.14044824219866595
0.2704545615138389,0.15038050440995274
0.2551776768112153,0.1438457488425882
0.26197525455586096,0.14807194220318506
0.29194960465231307,0.15835266663436132
0.19975833975169763,0.12433023111212262
0.2263339009758269,0.1326067533067159
0.4966824711526911,0.21167500888850896
0.4418284212237053,0.19882383111342936
0.4842461542809901,0.2100633711215202
0.490457246627709,0.21093398219902526
0.5057341313303325,0.21189334224815848
0.46670812105623904,0.20174274667722217
0.4457854311374283,0.20143729776260033
0.22520332671476317,0.1325631955292297
0.243871934200578,0.13992554886883174
0.23143561732887696,0.13818323776938443
0.24839423124483292,0.14223411107559944
0.29816776308816356,0.16118392217096317
0.28912316899965373,0.1581348777469304
0.2568876703810742,0.14528424444406934
0.31740165770451023,0.16662973330117317
0.32079338048770145,0.16841560217810667
0.12956381031790337,0.05680805339747942
0.4418213551345737,0.19607914665958126
0.5062852862826012,0.21450571995289225
0.47292627949208954,0.20805862441271866
0.4695345567088983,0.20326726888923857
0.3462524996290303,0.1759962888773582
0.4033606319910119,0.18801932440798175
0.34398428501777123,0.17455833774809557
0.40394711738893874,0.19076509780626696
0.303262413352082,0.16323168218503237
0.35698588902000405,0.17995950215638223
0.27554214568862573,0.15177435328951058
0.35246359197574917,0.1769540155098356
0.2953483935246359,0.1605746577583752
0.2930801789133768,0.16057411328615662
0.3298450406653429,0.17015845774977256
0.31004585891846437,0.16427706884470072
0.4649981274863802,0.20165454217781265
0.563407550822846,0.22378570444632348
0.5283385504624755,0.2199074288333975
0.5232580323768203,0.21698960221404184
0.5656616332558417,0.22496121996623183
0.5243886066378841,0.2175994110988484
0.5928095476996346,0.2282291422221327
0.5509641678620132,0.2237851599741049
0.5831926003914611,0.22557157332325697
0.5413401544647084,0.22173685548781716
0.5407819334233082,0.22069201330036736
0.37791564502794633,0.1820949221976423
0.3366284862317253,0.17255413551151258
0.2828979444746716,0.15708894661504344
0.27724507316935293,0.15460615329833102
0.3123070074405918,0.1643206266221869
0.3253156775319564,0.16998368216760923
0.27497685855809384,0.15059829329738364
0.33889670084298446,0.17355650886591337
0.200895980101893,0.12720558889842926
0.21898516827891265,0.1323454066417988
0.2155934454957215,0.13212761775436788
0.2376537757647275,0.1390108355416219
0.22294924428176735,0.13243306666898974
0.21389758410412585,0.12973193999262783
0.2512347990757555,0.1429756822373017
0.2597141060337335,0.14567626444144502
0.19862069940150226,0.12254381776297056
0.18109679835501444,0.11683774891228063
0.41637636817150814,0.19098234222147933
0.25970703994460187,0.14532725774933697
0.2698822082941754,0.14881187994823156
0.41919573773503577,0.19551180660782375
0.31230700744059187,0.1665420732739822
0.3247503904014245,0.1688076221754823
0.37338628189455986,0.1819637043929652
0.39205488938037464,0.18793220885300937
0.38300322920273316,0.1851875243991613
0.33267147631800226,0.1710731710769824
0.34963715632308984,0.1764748799574876
0.18675673574946478,0.11971310669858726
0.19297489418531522,0.119887337808532
0.15507239208315374,0.10294118447753263
0.15959468912740865,0.10381234002725627
0.1782632966132235,0.11191517558412341
0.16016704234707216,0.10803798891563457
0.14149843486125735,0.09814928448183396
0.2071141385377435,0.12777184000574962
0.13017856007235676,0.08987221781502208
0.1618699698277994,0.11043421114959319
0.14489722373358016,0.09910810005874855
0.18506087435786914,0.11958243336612871
0.2761215649974209,0.15273371333864372
0.2489665844644964,0.14258311776770743
0.35247065806488087,0.17804350441920874
0.30608884900474126,0.1640157221797836
0.333802050579066,0.1717265377392751
0.1793938708742872,0.1119587333616096
0.17656036913249623,0.11056434000983317
0.33323676344853415,0.17116028663195476
0.3660375491976456,0.1814845688406172
0.22634096706495854,0.13487230220821597
0.3445425060591714,0.17595164215543485
0.3434119317981077,0.17386086883609808
