0.16473761801700074,0.17844728974751467
0.29293309494683356,0.26203988704748543
0.16727831623851197,0.19016804725880163
0.4398544587685455,0.31334375915252466
0.4235438035193375,0.3100281276076061
0.16734104952793202,0.20034703610170146
0.2213857783632885,0.23020429816369276
0.22514977572849035,0.232635761296633
0.22888240644898217,0.23550378258298751
0.29547379316834477,0.2644768762330005
0.3532511527241931,0.2857079702256287
0.2678397791788213,0.2514298661037461
0.19249709858536432,0.21516790910748726
0.1824284056334494,0.2144992567459287
0.17113641353784387,0.20742590945010253
0.4072331482701295,0.30627041185669845
0.39845048775132524,0.30229165400279623
0.3620338132429974,0.2907919385945038
0.45619648066246354,0.3179911693679854
0.4436498227784574,0.3177701272649908
0.4197798061541357,0.30649145395969307
0.48630845958407826,0.326390769281779
0.549104482293529,0.3407695580815756
0.34321382641698817,0.2830554649896939
0.3884131614441203,0.29853393825188856
0.42106583858724633,0.3064969800122679
0.23267777045889404,0.23993015069545376
0.31683447821586525,0.2742082548173363
0.28794579843794116,0.2591718657611308
0.29801449138985603,0.26647178121252646
0.27536777390922496,0.2587242555025669
0.2464790941313008,0.2436878664463614
0.2715724098993131,0.2542978873901007
0.3205671089363571,0.27530793927973435
0.22009974593017786,0.22820939318416678
0.3368777641855651,0.2786235708246529
0.2527837897180139,0.2476721503528385
0.34067312819547696,0.2830499389371191
0.20378909068096987,0.2248937616392483
0.199993726671058,0.22046739352678202
0.2540070888617045,0.24832975060924734
0.3858724632226091,0.2985284121993137
0.4373764938364543,0.31202303258713204
0.46375584203757725,0.32352274799542446
0.3946864903861234,0.2987549803548832
0.4763024999215834,0.32573316902537014
0.4311031648944512,0.3102546957631755
0.40851918070324017,0.3062759379092733
0.3532197860794831,0.28327098104011367
0.2954737931683448,0.2664662551599516
0.2075217214014617,0.22510927768966796
0.21382641698817478,0.22776730897817765
0.2916784291584329,0.2620398870474854
0.2502117248517926,0.2439033824967811
0.33941846240707635,0.27862909687722776
0.29042376337003234,0.25982946601753976
0.3770898027038048,0.2945496543454115
0.43988582541325555,0.3142334536170777
0.3105611492738622,0.26691386541851564
0.26536181424673005,0.24900392902338073
0.2690944449672219,0.2514298661037462
0.20002509331576804,0.222462298506308
0.516451805150403,0.3328065163211963
0.5026504814779963,0.3310381794972398
0.5039365139111069,0.33104370554981466
0.4335811298265424,0.3115754223285681
0.3344311658981839,0.2779714966208189
0.5503905147266397,0.3407750841341505
0.5730058655625608,0.34520145224661675
0.42482983595244816,0.310033653660181
0.5177378375835137,0.33281204237377116
0.37708980270380477,0.29256027541846036
0.3406731281954769,0.28106056001016794
0.5227565007371162,0.3367908002276734
0.3117844484175528,0.2702239709108593
0.35698378344468495,0.28680765468802677
0.24271509676609893,0.24125640331342116
0.308020451052351,0.26668729726294615
0.2226718107963991,0.23020982421626762
0.19622972930585614,0.21803593039384178
0.27411310812082434,0.2560717502666321
0.31557981242746463,0.2722188758903852
0.2628211160252188,0.2489984029708059
0.3318904676766727,0.277965970568244
0.35453718515730376,0.2857134962782036
0.37335717198331303,0.2914605909560624
0.5378438568426336,0.3405540420311559
0.49010382359399013,0.33081713739424523
