0.5594434748199912,0.22478698885628706
0.42655860261021333,0.20004290441082387
0.45539531235647,0.2067077888384284
0.46106231584005203,0.21062907775662199
0.40111361564714776,0.19289888443087136
0.41977515704383095,0.198169919978918
0.4531412299234743,0.20653410220070226
0.3897937408582472,0.18941317328753957
0.3298450406653429,0.16994066886234163
0.5651104783035732,0.22631260001274064
0.5198663095936291,0.2203435510804779
0.5334473329046573,0.22452618666358856
0.4808544314977989,0.21376578220784573
0.49442838871969524,0.21620556221929055
0.4729262794920895,0.21184815105401655
0.3858437970336558,0.18876035109746542
0.4231668798270221,0.1989104021961831
0.373965701203355,0.1843169133216562
0.36265289250358607,0.18109309331546014
0.362652892503586,0.18096241998300158
0.2653669773390521,0.14785415331575413
0.41299171147744856,0.19538222221980234
0.33041739388500646,0.1702461177769635
0.3858508631227874,0.18889156890214254
0.4271168236516135,0.2000859177160915
0.3643487538951816,0.18183357553272525
0.40280947703874337,0.19316023109578842
0.3536082984150762,0.18000414887830557
0.3688710509394365,0.18353232885468637
0.48480437532239035,0.2142443732879752
0.34907893528168965,0.1771723488694851
0.34964422241222154,0.1776950421993193
0.3038347665717455,0.1622303977750687
0.33098268101553835,0.17037679110942205
0.30270419231068174,0.16218683999758254
0.32079338048770145,0.1672830999634659
0.351905370934349,0.17813061997418111
0.27385335038616176,0.15251537997899423
0.3519124370234806,0.1786538577762339
0.33833141371245257,0.17351295108842718
0.4356102627878548,0.20204710664740688
0.3637834667646498,0.18131088220289104
0.26877283230050664,0.14998957335701424
0.3208004465768331,0.16854681998278379
0.25180008620628735,0.1428885666823293
0.2535030136870146,0.1438473822592439
0.24841542951222786,0.14236641782471368
0.27781742638901646,0.15443246666060487
0.29591368065516777,0.160051964428541
0.25407536690667815,0.14572091116336833
0.26368524812571986,0.1477681267052189
0.246705435942369,0.1384451289065201
0.32135866761823334,0.16967877772520595
0.30949470396619577,0.1652799866713201
0.2653740434281838,0.14876941111518252
0.2631128949060563,0.14707065779322145
0.29421781926357216,0.15896301999138643
0.2896884561301856,0.15674102886737254
0.29930540343835893,0.1616200444180436
0.25406123472841485,0.14519712888909697
0.2585835317726698,0.1461989577712792
0.3049582747436776,0.1625783155227396
0.2930801789133768,0.15848333996681985
0.28403558482486696,0.15595698887262127
0.2529235943782195,0.14384629331480678
0.3332296973594025,0.1723793599293493
0.23255912550080904,0.13495941776318832
0.3123140735297235,0.1665426177462008
0.2399078581977233,0.13774711552230404
0.24330664707004612,0.13787833332698113
0.21615873262625335,0.1285994377779871
0.19919305262116574,0.12071493558076948
0.2348344062011998,0.13753041557931026
0.22577567993442668,0.13121344889937664
0.2319938383702772,0.13456739776581267
0.45823588018739264,0.20766714888756158
0.45201065566241055,0.20566294665097862
0.38188678711993274,0.18775852221528322
0.33325089562679744,0.17320859111824247
0.40846234834406203,0.19538167774758372
0.4135569986079804,0.1972552066517082
0.37509627546441865,0.18649480219596534
0.5051688441998007,0.21794787331873786
0.39035902798877903,0.1896309621749705
0.3705669123310321,0.18422925329446527
0.2721645550836978,0.15238525111875428
0.30553062796334113,0.16414693998446075
0.33210618918747037,0.1722492310691093
0.43900198557104597,0.20531393995887054
0.36999455911136864,0.18370601549241253
0.35926116972039485,0.18026549554322266
0.3422884236261756,0.17686689995486327
0.3903660940779107,0.19163516441155348
0.3388967008429844,0.1763442066250291
0.3971566057334247,0.19276821109841277
0.3677404766783728,0.18327098218976925
0.43165325287413175,0.20187287553746214
0.4305156125239364,0.200783386628089
