0.264787558030257,0.1242011911963198
0.3281350470954841,0.15573974445740893
0.5356802170702581,0.2181210154842454
0.22746447523689062,0.11614191341693889
0.27156393750750774,0.1307778711245148
0.38978667476911555,0.18231271108507324
0.28459380586626715,0.1434118044843821
0.3015524197822231,0.15090374221200548
0.3846990905943288,0.17490788891242218
0.3009941987408229,0.14920553336226294
0.2885649479582535,0.1485527111721888
0.2715710035966394,0.13482928890294837
0.2551494124546887,0.11770890446200429
0.38185852276340615,0.17351295108842718
0.4344726224376594,0.19738587998416673
0.3569788229308724,0.16636893110847464
0.42373216695755395,0.18736759116234472
0.5611464023007187,0.21964771558513613
0.367153991280446,0.16798056887546342
0.5012047681969459,0.20941000445922747
0.2557217656743522,0.1186241622614327
0.4876308109750496,0.20426964224363933
0.6504829671921482,0.22792532672416654
0.66575278580564,0.2310184733979041
0.5809455840475972,0.22779410891948942
0.6674698454646307,0.24260647562588442
0.3541594533673448,0.16619524447074852
0.4836596688830633,0.2031796088620476
0.5441948544738943,0.21847220006522775
0.667462779375499,0.238816404512368
0.4938489694109002,0.207057340002755
0.3801767935500739,0.17320913559046106
0.4288197511323407,0.19059086669632225
0.45935232227019307,0.19904162000086026
0.3388967008429844,0.1644964911487874
0.3852502455465973,0.17638776440251525
0.3134234495233923,0.1524282644240219
0.28402145264660367,0.13609355339448484
0.4655846128843069,0.2002623267149105
0.3473760078009624,0.16462716448124592
0.368298697719773,0.17124849113136428
0.3880908133775199,0.1763888533469524
0.5701839303000966,0.22221707998460233
0.5226927452462884,0.2132436333502301
0.4248415429512228,0.1886291332927883
0.4011065495580161,0.1849708244561675
0.5294691247235391,0.21555165108477922
0.32926562135654774,0.1616200444180436
0.477999731488613,0.20217723550764682
0.5633934186445826,0.22008220441556078
0.5153298803711109,0.20975792220689832
0.5645381250839098,0.22104156446469395
