0.13594303817320663,0.1795635523676372
0.1108497224051943,0.1612170578190881
0.15357109250023523,0.1926160885494665
0.3344311658981839,0.2779714966208189
0.10074966280856937,0.1528064058001448
0.23396380289200466,0.23993567674802863
0.31307048085066347,0.2702294969634342
0.13343370659640538,0.16652206829095773
0.2151124494212854,0.22622554030979056
0.16737241617264204,0.195931720094385
0.291741162447853,0.25917739181370575
0.27038047740033255,0.25143539215632105
0.2238951099400897,0.23086742447267644
0.27536777390922496,0.2587242555025669
0.2967284589567454,0.2664662551599516
0.33314513346507324,0.277965970568244
0.2967598256014555,0.26647178121252646
0.27285844233242373,0.25231403451572443
0.2464790941313008,0.2436878664463614
0.2665851133904207,0.24966152927978957
0.3545371851573038,0.2837241173512525
0.31181581506226286,0.2675769917274994
0.2640757818136194,0.24899840297080586
0.2741444747655344,0.2534247710832721
0.20002509331576804,0.222462298506308
0.2226718107963991,0.23020982421626762
0.1887644678648725,0.21119467730615993
0.24400112919920955,0.24126192936599603
0.3205671089363571,0.27530793927973435
0.2690944449672219,0.2514298661037462
0.3783758351369155,0.2945551803979864
0.41476114300053324,0.3053862434447202
0.2766538063423356,0.25872978155514176
0.26410714845832944,0.24900392902338075
0.36331984567610803,0.2907974646470787
0.29293309494683356,0.26203988704748543
0.3419277939838775,0.28194472842214624
0.3620338132429974,0.2907919385945038
0.2540070888617045,0.24832975060924734
0.23267777045889404,0.23993015069545376
0.1635770521627302,0.1945999414238427
0.19375176437376493,0.21737833013743296
0.2301684388820928,0.23550930863556238
0.25529312129481513,0.2483352766618222
0.2892318308710518,0.2591773918137057
0.17869577491295754,0.21052602494460135
0.17235971268153447,0.2003470361017015
0.09824033123176815,0.14617514271030774
0.2213857783632885,0.23020429816369276
0.3181205106489759,0.27421378086991116
0.2188450801417772,0.22644105636021022
0.13722907060631725,0.18841076253999484
0.562968539255356,0.3480749995855461
0.44493585521156803,0.3177756533175657
0.3884131614441203,0.29853393825188856
0.42482983595244816,0.30937052735119724
0.6018945453404849,0.35316449400699607
0.4712838367679809,0.3230806637894353
0.4913898560271008,0.3308226634468201
0.434835795614943,0.3133437591525246
0.49264452181550145,0.3325910002707766
0.5390985226310342,0.3436486314730799
0.48132116307518585,0.32507004271638645
0.3419591606285876,0.283055464989694
0.4662651736143785,0.3221964953774571
0.38587246322260904,0.2965390332723626
0.3997365201844359,0.30229718005537104
0.461246510460776,0.3208702427594896
0.4335811298265424,0.3115754223285681
0.5667011699758477,0.35271135769585715
0.520278535805025,0.33790153679522117
0.41356921050155265,0.30230270610794596
0.5177378375835138,0.33590663181569513
0.4235438035193375,0.30936500129862243
0.5189925033719144,0.3378960107426463
