0.5139738402183118,0.31579180044318944
0.2929017283021236,0.23771972966550806
0.39590978952981404,0.27598211769386777
0.45619648066246354,0.297213211686496
0.43859979298014495,0.2881449594111439
0.23769643361249648,0.21915219301396432
0.3456604247043694,0.2730975182497887
0.28038643706282745,0.23065190842225675
0.1911796995075437,0.18973701515796224
0.17734700919042692,0.16917457352689252
0.4097424798469309,0.2808505700123231
0.48878642451616944,0.3058283276507093
0.44487312192214795,0.296765601427932
0.4875944920171889,0.3005343692839894
0.3117217151281328,0.2430247401373777
0.461215143816066,0.29743425378949057
0.6771431259998119,0.35094854692447547
0.3883817947994104,0.2744348229729058
0.21003105297826288,0.20477340421416773
0.28286440199491864,0.23617243494454607
0.5867444559455475,0.3381170528456408
0.4888491578055896,0.3067235481678373
0.5541231454471315,0.3171180530611569
0.23013707223738278,0.21185227756256875
0.6382484865593929,0.3383491470537852
0.3343997992534739,0.2578511391957383
0.27530504061980493,0.22710418266919394
0.25529312129481513,0.22623106636236537
0.20501238982466044,0.20433132000817858
0.09701703208807753,0.16585341592939915
0.4160158087889339,0.2841662015572417
0.16351431887331014,0.16784279485635026
0.19491233022803553,0.19393128906228413
0.17860167497882753,0.18840523648741997
0.3167717449264452,0.2505456976917679
0.23390106960258464,0.21494686700449267
