0.4819032507761259,0.15711945500112184
0.36000947603582156,0.14060249990136137
0.45914699149635974,0.1532825095502306
0.4653174334267164,0.1558624716399085
0.5116150305354237,0.16243420840722705
0.28630850556854837,0.10923383080032142
0.2878648893590177,0.11824204092327048
0.3175684051335873,0.12307143699241946
0.4047617080003637,0.14786876309324856
0.335324953652819,0.13195844559961717
0.41749099914330023,0.15160647923299841
0.4811374548579835,0.15644705828800617
0.31795681241581075,0.12611454795417906
0.24427236991799375,0.10784462044434098
0.30869839485869965,0.12149479349317181
0.32992581696375695,0.12913592297159343
0.32181884794543575,0.12792288401959984
0.34033017373650565,0.13304973176190857
0.5498001493026575,0.16823376787633762
0.33416524112930096,0.13183708657702267
0.4140201255574747,0.1498424025904836
0.2681855870597018,0.10867161012394136
0.3866277708452129,0.14618162854357913
0.31294057368581985,0.12244298468852355
0.5251101175965027,0.16245618061183692
0.28709909344087536,0.11687503903216455
0.35806743962470494,0.13510039210541053
