0.6522716962191485,0.35772677877024317
0.5730832713969942,0.34559505643674193
0.14122450555496568,0.14589494170790718
0.20793235586529085,0.20462626040794996
0.16058725301879323,0.17128674257197055
0.430150288124632,0.31035096421444824
0.4340209071341011,0.31830625404674723
0.46397235547919424,0.33081283296920494
0.37606779857337286,0.2944365981196588
0.571152788100501,0.3433231983218541
0.18280711576143083,0.1849254641216807
0.26011331936950416,0.23834820769326884
0.25046090288703776,0.23796956467412084
0.4890879431665718,0.34142241036573123
0.39636683043599963,0.3039140328889326
0.34806613835773786,0.28269487809587995
0.30264186639125107,0.2626040794998883
0.26399359079545565,0.24289949678342748
0.266898968156678,0.24668971340509876
0.19342477389214388,0.1928769675237882
0.17021071225181222,0.17278995535798802
0.1470449126938929,0.16521709497502846
0.1847472514744066,0.19174482489653577
0.18280711576143086,0.1890905373323084
0.20114670707811697,0.196663397715268
0.31229428287371747,0.2720701549785877
0.23694751981158482,0.23456177750178908
0.2668700109072306,0.24629971109537635
0.27752627870387353,0.2580527904097296
0.308414011447766,0.2629751496586533
0.30939855792897764,0.26676915271051604
0.27363635486143956,0.25008992771704763
0.2978156581500179,0.26222543648074026
0.3296879373751218,0.2766214440687464
0.3441762145153039,0.28230487578615754
0.32486172913388867,0.2728350138772666
0.34804683352477295,0.282687305235497
0.36157952143319083,0.2914036675362835
0.3760677985733729,0.30276674454091423
0.3973224196677639,0.3054248185353331
0.4108261503267343,0.3099647483349173
0.44078725108830996,0.3236110427450104
0.561510024034517,0.3429483417328976
0.3325836623198618,0.2773787301070424
0.17122421598247117,0.1747021026046853
0.34128048957056395,0.2788970886138257
0.19442862520632037,0.19629990041688594
0.17314504686248197,0.1762128882510857
0.17992104323317343,0.17659910413061666
0.2939450391405489,0.259949791935661
0.2610882134342333,0.23910928016175628
0.4156427061514851,0.3103396049238738
0.35287304176600615,0.2891242365610126
0.42723525834692716,0.3103433913540653
0.3654308356096949,0.2932930962018319
0.40019883977953885,0.3084463898281339
0.20988214399474908,0.2095561925172566
0.21663883553247557,0.2167504098810682
0.23500738409860905,0.22206277143971428
0.20600187256879757,0.20349033135050604
0.23597262574685565,0.2235773435163062
0.2214650437737087,0.2186436249768081
0.2079227034488084,0.20462247397775848
0.20115635949459948,0.20234682943267915
0.2166195306995106,0.21144183475261355
0.2263009044314244,0.22054062650273945
0.2949102807887955,0.26146436401225287
