0.022646717480631094,0.02299943081658479
0.01885135347071924,0.012162841717276099
0.14202816724694958,0.08580854438249126
0.9296759825601457,0.4182061328131476
0.781468586305323,0.4020424290316698
0.14077350145854897,0.08227187073457817
0.6973118785483516,0.3863318615613309
0.7663812301998055,0.40048960825813296
0.9133653273109377,0.41334320654726714
0.7123678680091591,0.3892054089002603
0.6898152504626579,0.38390592448096555
0.7739092249302093,0.4018158608761004
0.696057212759951,0.3852266510463581
0.8492832721683762,0.41155829156558604
0.7638718986230043,0.3980581451251928
0.3393870957623663,0.249888097435359
0.6948025469715504,0.38412144053138525
0.11687211818951726,0.07960831339349363
0.6985979109814623,0.3863373876139058
0.6458078479345064,0.3737214095854908
0.6533358426649102,0.37416349379148
0.7199272293842727,0.39075822967379714
0.738747216210282,0.39274760860074825
0.9158746588877389,0.41710092229817475
0.6119318716476898,0.3639955570537299
0.6747278943571406,0.37992164057448846
0.8116432985163577,0.4022745232398142
0.7638718986230043,0.39761606091920365
0.6571312066748219,0.3759373566680114
0.7186725635958721,0.38965301915882433
0.7500705749505975,0.3965108504042308
0.7576299363257112,0.3967374185598002
0.6269878611084971,0.3701847359375778
0.814152630093159,0.4060322389907218
0.6810012232991436,0.38146893529545045
0.6332611900505003,0.37151098855554515
0.9309306483485463,0.4217428064610607
0.6671998996267369,0.37947955636849934
0.634547222483611,0.37151651460812
0.028982779712054197,0.037820303822370574
0.6257331953200966,0.3690795254226049
0.6885292180295473,0.3839003984283907
0.8279539537655658,0.4071374495056947
0.6282738935416078,0.37019026199015265
0.49261315517079135,0.32551212692237563
0.27154104325460304,0.22268334060930262
0.559204541890154,0.35139063113046465
0.6182365672344029,0.36665358834223954
0.7136539004422697,0.38921093495283515
0.6470938803676171,0.3737269356380657
0.5454032182177472,0.3463066627615896
0.5390985226310342,0.3436486314730799
0.28785169850381104,0.22423063533026458
0.17602961011260626,0.13114427970667714
0.663404535616825,0.3772636092859788
0.5340798594774318,0.3390067473101939
0.34945578871428123,0.26182989704964055
0.5478811831498385,0.3491746840479441
0.7287412565477871,0.39209000834433944
0.7563439038926005,0.39673189250722535
0.30798908440764095,0.23153607683423502
0.6659138671936262,0.37947403031592447
0.3984191211066152,0.28349754919568315
0.5742605313509613,0.3544852205723886
0.32934976945516137,0.2478987185084079
0.47881183149838463,0.3191019059355331
0.5441171857846365,0.345638010400031
0.5215018349487155,0.3341382949917387
0.26523634766789,0.19350025696144474
0.45246384994197175,0.3124706428456961
0.5303158621122298,0.3376804946922266
0.05037483140428468,0.07054558717071635
0.7437972460085945,0.3949635556832688
0.6872745522411468,0.3827951879134178
0.4122518114237319,0.2972076856339212
0.7212132618173833,0.390763755726372
0.5303158621122298,0.33701736838324287
0.559173175245444,0.34939572615093867
0.7048398732787554,0.38677394576732005
0.6596719048963332,0.3770480932355591
0.32307644051315837,0.2339730660197501
0.8719299896490074,0.412453512082714
0.5353345252658323,0.34165925254612883
0.7425112135754839,0.39495802963069393
0.43734512719174423,0.3069335381656822
0.3155170791380446,0.23352545576118613
0.5340798594774318,0.34055404203115597
0.1458548979015715,0.10880797519907606
0.5704651673410495,0.3529323997988517
0.6131551707913804,0.36575836782511156
0.6784918917223425,0.38058476688347215
0.20237759166901917,0.13600720597255764
0.5026504814779963,0.32794359005531587
0.5667011699758476,0.3527113576958572
0.40726451491483956,0.2881504854637188
0.3984504877513252,0.28416620155724165
0.7450519117969951,0.3960687661982416
0.48386186129669717,0.3191074319881081
0.09554279978670682,0.07607163974558055
0.9510053009629561,0.42262697487303896
0.5905711866001693,0.35868502052928536
0.3821084658574072,0.28261338078370485
0.5001725165459051,0.3270649476959125
0.206141589034221,0.14595410060731318
0.19234026536181426,0.1313653218096717
0.24892569241868198,0.1899635833135316
0.7801825538722124,0.40203690297909495
0.21498698284244536,0.17978459447063178
0.542862519996236,0.3451959261940419
0.5189925033719143,0.33369621078574957
0.6772058592892318,0.3805792408308973
0.506445845487908,0.3330330844767658
0.7400332486433927,0.3927531346533231
0.6445531821461058,0.372616199070518
0.6558765408864213,0.37593735666801137
0.3268404378783602,0.24458308696348938
0.6445531821461058,0.3717320306585397
0.16966218123647317,0.11830725957526758
0.7274552241146764,0.39208448229176457
0.5943351839653712,0.36222169417719846
0.3997051535397258,0.2872607909991656
0.1282268435745428,0.08116666021960535
0.4222891377309369,0.2991970645608723
0.16843888209278254,0.11389194356795113
0.5491672155829491,0.349180210100519
0.3883817947994103,0.28327650709268853
0.48633982622878835,0.3241858743044082
0.35952448166619616,0.28150817026873204
0.9158746588877389,0.4166588380921856
0.5278378971801386,0.3361387260238395
0.24014303189987768,0.18067981498775976
0.42482983595244816,0.30583385370328425
0.5792791945045638,0.3553693889843669
