0.28138013087447944,0.45089055609644346
0.7489589530041643,0.5577572876696637
0.07555026769779893,0.276444648072848
0.09994051160023795,0.30971880190138024
0.13622843545508626,0.3269572189450776
0.7126710291493159,0.5577000171811465
0.5211183819155265,0.5358226905675505
0.0511600237953599,0.22255311837809977
0.07555026769779892,0.25582727220663193
0.14872099940511602,0.3602313727736097
0.2325996430696014,0.4232861806311207
0.22070196311719215,0.4095412633869766
0.05175490779298038,0.24322776473283317
0.08804283164782868,0.28681060649447343
0.1838191552647234,0.3659011511368192
0.13622843545508628,0.34986541435198437
0.02617489589530042,0.1319512055437833
0.03866745984533016,0.1720978179943875
0.06365258774538965,0.24780940381421454
0.03807257584770969,0.1571502204913808
0.05116002379535991,0.22484393791879045
0.31707317073170727,0.47379875150335027
0.4009518143961927,0.5036366760208464
0.3646638905413444,0.486398258977149
0.5574063057703749,0.5358799610560677
0.4497323022010708,0.5220777733234065
0.18441403926234384,0.38313956818051653
0.32956573468173705,0.4841647099249756
0.2212968471148126,0.4176164022679113
0.3771564544913742,0.49676421739877435
0.2082093991671624,0.3991753049653513
0.2688875669244497,0.4405245976748181
0.24509220701963116,0.4336521390527461
0.01308744794765021,0.0768569955901724
0.593694229625223,0.5439550999370024
0.03926234384295063,0.20880820113395568
0.4134443783462225,0.5140026344424717
0.26888756692444976,0.44281541721550877
0.29327781082688875,0.46692629288127824
0.1124330755502677,0.3200847603230056
0.0874479476502082,0.2810262871542294
0.12373587150505651,0.32117289960483364
0.4973230220107079,0.5312410514861692
