0.22742207870210074,0.0952309133902597
0.23819079853873276,0.11222062449874527
0.6255891351813511,0.2206495444673183
0.6210597720479644,0.21733860890614987
0.5696045109913016,0.21280751110314972
0.5435942368977041,0.2086254199922576
0.4265232721645551,0.17669321331713708
0.47459387652715856,0.19111247108171925
0.4468948071310971,0.17830648450078157
0.4010782852014895,0.1701590022219911
0.47120921983309894,0.19006762889426945
0.30720529108754174,0.14397805559170246
0.37111100119416907,0.16244873113471822
0.2557288317634839,0.1275976088958049
0.39824478345969855,0.16980999552988307
0.4191745394676409,0.17229387779103264
0.38580846658799756,0.166935182215795
0.44066251651698335,0.17808760666891352
0.32699034065615706,0.14580748224612214
0.44859066852269275,0.18070216226252164
0.37734329180828285,0.16449703562100595
0.45537411408907513,0.1900235266445647
0.49948064244882384,0.19634049332449835
0.5492541742921545,0.21180568222096754
0.5091046558461289,0.19655937115636643
0.5899689798687121,0.215465624474244
0.5747062273443516,0.21289571560255924
0.6278502837034785,0.2226967600091689
0.6499106139724846,0.23254190666548336
0.35697882293087246,0.15857208893844793
0.36827043336324644,0.1607924466458061
0.3320779248309438,0.1474191200131109
0.23760431314080596,0.11078158442504552
0.24554659732477863,0.12023580002842144
0.2907978321238544,0.13726906891439317
0.34057136396718507,0.1536489711380722
0.2726874456794398,0.1328245421941468
0.36658163806078253,0.15970404668087013
0.5339772895895308,0.20435621332639312
0.481956741402336,0.19381414223029977
0.4519682591276206,0.1854488710640784
0.4333067177309375,0.17808706219669493
0.5107793189703295,0.20217669103542824
0.4203263119960995,0.17591080673904155
