0.4281908691996242,0.1625783155227396
0.3286296733346994,0.11849239998453698
0.16064753640802423,0.06660800885965193
0.0033987888723228353,0.004356322220836843
0.3246867955992398,0.118449931151488
0.8235597543827414,0.2786777601066295
0.78171437454512,0.26016461573056465
0.8377060648243012,0.2798984668206797
0.8914295404922234,0.29383858903291393
0.4027246839691636,0.14489167997447513
0.30149589106916996,0.11574826000290743
0.10181527829792045,0.042255944411564376
0.3790038227542203,0.1427589822943079
0.11653394195914386,0.053408368864682865
0.09333597133994248,0.03890199554512831
0.3116922576861385,0.11836336006873413
0.9304484846771853,0.29998132460290283
0.7059164364299289,0.2446542356399536
0.05941167741889897,0.035416828874015115
0.0514905915023212,0.026443382239642915
0.5068223090566065,0.18457934893101047
0.47458681043802686,0.16959438453132644
0.04922237689106211,0.02570235555015923
0.20027416425830796,0.08059441121046518
0.8088552228997812,0.273450282336069
0.06564396803301276,0.036855324475496304
0.6256032673596145,0.21690466454794377
0.18045378424403444,0.07366600222906926
0.006225224524982157,0.004574111108267756
0.5978618014287631,0.20736224444515827
0.6940312745104964,0.23986179117203632
0.7059305686081923,0.24487311347182164
0.587700765257453,0.20509832896031396
0.2721080263706446,0.10620965120565205
0.40555818571095464,0.14541491777652793
0.93441256068004,0.3034229334965298
0.35073946622762703,0.13099838237303857
0.21100048756015005,0.08555890889945286
0.24607655400965225,0.09557937561014919
0.13293433483369957,0.05715488220071315
0.6278714819708735,0.22404868452789634
0.05544760141604426,0.02831636667154877
7.066089131648307e-06,0.002701126676361902
0.8065940743776538,0.27244845345388674
0.03622077288882922,0.019691382257066025
0.7302379152210622,0.249011102333009
0.3309049540350902,0.12189099557289637
0.8495770945654704,0.2801598134855968
0.01697981218335088,0.010542615568311934
0.8676733488316218,0.28556152236610205
0.1804608503331661,0.07571376224313843
0.03677899393022944,0.023436806648659155
0.5023070781014831,0.1830989289686988
0.5175556984475803,0.18588553778337732
0.7636039881007055,0.2593353845416715
0.8852113820563728,0.2915735846036324
0.946848877551741,0.30446832015619824
0.0062322906141138055,0.007710815559491485
0.23362610495968797,0.09496847778090547
0.5775467951752745,0.2041416912722737
0.131238473442104,0.056762862203337504
0.6612446209396484,0.22635888015131975
0.6092028744850587,0.21098026233760436
0.28512376255114075,0.11182969344580676
0.02150917531673745,0.015682977783900064
0.4146169119777278,0.14798591559264984
0.6165374750037097,0.21176321338791848
0.3326220136940808,0.12376561342145798
0.10238763151758395,0.04530553330781573
0.8558023190904527,0.2847339245938646
0.413486337716664,0.14794235781516366
0.052055878632853075,0.02814213556160404
0.1482253517145865,0.06094658673088535
0.04017778280255227,0.0242649488931152
0.5322814281979353,0.18649752455705823
0.5435871708085727,0.20300592222432148
0.6917701259883691,0.23703053563543447
0.8761597218787313,0.2883062068199501
0.6069417259629313,0.20993487567793598
0.49495127931543736,0.1750401956615365
0.35242826153009094,0.1391431422907362
0.8003617837635401,0.2674817778760248
0.5401954480253816,0.18828339343399175
0.7607704863589148,0.2544128112135142
0.3303608651719533,0.11884358456551933
0.5978900657852898,0.20875827121359045
0.7850990312391797,0.2633002312373512
0.6765144395531403,0.2339384779061341
0.8535270383900618,0.2821193690002565
0.20589877120710004,0.08107136887393888
0.5215197744504348,0.1862781022529716
0.3371372446492041,0.13029873557216676
0.8105581503805085,0.275236695685221
0.4202768493721781,0.15839676888406606
0.25343235279569815,0.10254916448015698
0.44687360886370225,0.16859146670470707
0.21892157347672783,0.09104773333493045
0.16970626267479735,0.06930968000823241
0.15387822301990517,0.06412630448737669
0.2930024519329287,0.11295947329935462
0.8942630422340143,0.29610413793441404
0.020371534966542065,0.015464644424250575
0.09390832455960599,0.039555906679639624
0.1680174673723334,0.0680470489333517
0.7930130510666258,0.26447629122947813
0.6629192840638491,0.2285351356089731
0.10750348004889734,0.04901012228301557
0.4429024667717159,0.16523642889383391
0.007362864875177535,0.008407739999270407
0.04922237689106211,0.025963702215076323
0.18780958303008033,0.07941617332946393
0.7975424142000124,0.2668289556859506
0.027169112711187743,0.018906797790096158
0.7353396315741123,0.2542826823532742
0.689537241822768,0.2361615579745851
0.9536323231181233,0.3049474557085462
0.7918966089838253,0.2642160335089982
0.1193603776118032,0.05449731330183743
0.8529688173486618,0.2810309690353205
0.001702927480727242,0.003310935561168459
0.011319874788900586,0.0099322622112868
0.9072646462362471,0.2993274134683915
0.728534987740335,0.24787805564614968
0.022074462447269308,0.017947982213181564
0.7850990312391798,0.2638664823446716
