0.5595698883215414,0.344459127379298
0.4900145751488885,0.3232323997258625
0.37505429484271385,0.28684480558574177
0.35767029275779194,0.2792681587725908
0.37699443055568965,0.28912045013082116
0.393413190992365,0.2948038818482323
0.3460873929788323,0.27775358669599887
0.3605756701190143,0.28305837539426204
0.3683072557214699,0.28457673390104543
0.18663912510497002,0.18264224671621837
0.2629993918977616,0.23493663409074553
0.5238269900869683,0.33270983449513625
0.5112691962432795,0.33270604806494486
0.5247922317352148,0.3327098344951363
0.265904769258984,0.2372122786358249
0.2610689086012683,0.23228613295670966
0.2369089101456549,0.22470191328317574
0.22338587465371953,0.21863983854661662
0.3035684983735678,0.26107436170253046
0.44074864142238007,0.3114793204115092
0.47648188724047064,0.31640925252081586
0.4803525062499397,0.32019946914248715
0.3721682223144564,0.2849553769201934
0.358645186822521,0.2800292312410782
0.2987326377158522,0.2553909299851193
0.30260325672532123,0.25993843264508654
0.31226532562427006,0.2614567911518699
0.28424436057567015,0.25008614128685613
0.33062422177392115,0.26903722439521244
0.3315798110056853,0.2758490123096845
0.31709153386550326,0.2629713632284618
0.31999691122672563,0.2652470077735412
0.31517070298549243,0.26221786362035737
0.3277091919962163,0.2682723654965335
0.2794181523344369,0.24478513901878446
0.3248231194679588,0.2656256507926892
0.4813370527311513,0.321721614079462
0.48809374426887775,0.32210025709861
0.21273925927355913,0.20045361433693926
0.5962683757878785,0.35355413269923247
0.38183994362988777,0.291021238086944
0.19244987982741477,0.18378574863404526
0.415642706151485,0.30011624340687837
0.40018918736305636,0.29821924188094706
0.4166079477997317,0.30049488642602634
0.4494454686730823,0.3129976789182926
0.419513325160954,0.3065569611625855
0.401154429011303,0.298597884900095
0.4117817395584985,0.2997376003877304
0.45523691856256215,0.3156481800523285
0.3180760803467148,0.2629789360888448
0.2001814654298703,0.19287696752378822
0.29101070452987904,0.2516044997936395
0.24367525409986385,0.23189991707717875
0.27072132508373475,0.243645423531149
0.2610785610177508,0.23304720542519716
0.5441067171166301,0.34142241036573123
0.5701875464522543,0.3501387726665177
0.319031669578479,0.26373243569694926
0.49775581316782663,0.3243759016436893
0.5277072615129197,0.3387756956618869
0.47651084448991804,0.31982839898372206
0.5035569154737888,0.3277874752462126
0.49872105481607326,0.3274050457968731
0.525767125799944,0.3334709069636237
0.4069458789007829,0.29973381395753895
0.2678062953060299,0.2379582053835464
0.27650312255673215,0.2440202801201055
0.21371415333828825,0.2156031215330498
0.2339938803679501,0.22355841136534882
0.2687715369542765,0.23909413444099034
0.23013291377496356,0.2190146951355731
0.24365594926689893,0.22659134194872413
0.5499174718390749,0.34218726926441023
0.5276976090964371,0.3357427650785116
0.5653709906275036,0.3444629138094895
0.3605660177025319,0.2804040878300347
0.21080877597706582,0.1928807539539797
0.2127392592735591,0.19401668301142366
0.17797125510371517,0.18037796146171348
0.4929296049265934,0.32361861560539334
0.5103039545950329,0.3281623318351691
