0.3431144487022326,0.22812105974608193
0.43588382351521704,0.27019208560361374
0.45809403384137226,0.2887493799720561
0.47934865493576323,0.2910288109473269
0.4580747290084073,0.27813980257552984
0.25613652377872803,0.15954502254819175
0.2687039700388993,0.16939731390642213
0.2522852096022239,0.14932544746138784
0.3373326512292353,0.2209306288124619
0.3981621799017384,0.2538801443387189
0.31801816584782006,0.21676176917164264
0.31026727541239957,0.20766297742151674
0.5604579106379282,0.30164217477404476
0.28321155201204623,0.20007875774798276
0.28225596278028203,0.19440289889095455
0.5025048020772,0.29367552565117133
0.40590341792067647,0.2554022892756938
0.4233163772550458,0.2679126546283429
0.445526587581201,0.27738251653723384
0.4001216204476791,0.2550274326867373
0.3479696141929132,0.24214221074513156
0.4300827212092547,0.2679164410585344
0.4059323751701239,0.26790886819815146
0.4387698960434745,0.2732174433266061
0.367274447157846,0.2535015013195709
0.43297844615399467,0.2701882991734223
0.5826681209640833,0.305811034414864
0.5479194216272043,0.3001313891276443
0.29963996486520406,0.20500868985728943
