0.42596158348966046,0.13794551696541646
0.5116067665506955,0.15570842994737463
0.33761958674567033,0.1162245357702372
0.4120753344847819,0.13617033609046436
0.3719536886295835,0.1298633683263662
0.41439200487024164,0.13768090546903924
0.4811264362116793,0.15211373002114298
0.4487288614157308,0.14893831331119475
0.5675429245140089,0.16363622188020488
0.4981006608433121,0.1542307794990038
0.5544197167656969,0.16148593845845377
0.4043650367334122,0.13299507688735923
0.4321430440663213,0.14443983911936037
0.38276298065401176,0.1325097983038246
0.4186314290357859,0.13772492863168057
0.6604907154131581,0.16849861563297946
0.5146892328542978,0.15657936403619477
0.40049473721905904,0.13267494422879572
0.34996322526795975,0.12081121379419732
0.32835015054225514,0.11038063812479915
0.30096055049156933,0.09963055982420976
0.2944072106021415,0.09955346022452129
0.2743422556821782,0.0942388643252592
0.30212301767666333,0.10060095948443602
0.41130678390506337,0.13543170774983285
0.3171662245434837,0.10981833869499752
0.3414706036289911,0.1165220661968185
0.33376030587762145,0.11422884531497078
0.30327446621545306,0.10552919109761874
0.36385222893441427,0.1277463976019268
0.36153831321053054,0.12220058165702083
0.34610669906148683,0.11954328370738979
0.540147815140171,0.15759386561248387
0.4290468044548387,0.1389598610348625
0.35651656515738755,0.12118600132731017
0.47533889224039383,0.1492139502865877
0.40513083265155464,0.1344943845266538
0.6007090498896759,0.16803538800747622
0.5505659452207999,0.15963373673723474
