0.8543019353219786,0.4126635020805588
0.9510053009629561,0.42262697487303896
3.136664471001537e-05,0.022330778455026224
0.8593205984755812,0.41531600731649365
0.8492832721683762,0.41155829156558604
0.9170979580314295,0.422179364614475
0.895737272983909,0.42128967014992186
0.8593205984755812,0.4157580915224828
0.016436121828048055,0.058598261503859946
0.04294093660801104,0.10548681760158266
0.7739092249302093,0.4018158608761004
0.7425112135754839,0.39495802963069393
0.6068818418493773,0.36443211520714414
0.6659138671936262,0.37947403031592447
0.6332611900505003,0.37151098855554515
0.7500705749505975,0.3965108504042308
0.5805338602929644,0.3571377258083234
0.67344186192403,0.3799161145219136
0.6973118785483516,0.3863318615613309
0.6458078479345064,0.3737214095854908
0.6646592014052257,0.3783688198009516
0.6671998996267369,0.37947955636849934
0.7123678680091591,0.3892054089002603
0.6583858724632226,0.37704256718298423
0.6885292180295473,0.3839003984283907
0.679715190866033,0.38124236713988097
0.6269878611084971,0.3701847359375778
0.7136539004422697,0.38921093495283515
0.634547222483611,0.37151651460812
0.6282738935416078,0.37019026199015265
0.5868071892349676,0.3584639784262908
0.24519306169819016,0.23041981421411245
0.696057212759951,0.3852266510463581
0.5729744989178507,0.35447969451981376
0.5491672155829491,0.349180210100519
0.6985979109814623,0.3863373876139058
0.6558765408864213,0.37593735666801137
0.6257331953200966,0.3690795254226049
0.5579185094570434,0.3513851050778898
0.5704651673410495,0.3535955261078355
0.5579185094570434,0.35072197876890604
0.7274552241146764,0.39208448229176457
0.7337285530566795,0.39230552439475913
0.6772058592892318,0.3805792408308973
0.5880932216680782,0.35846950447886566
0.640789184780904,0.3719530727615343
0.614441203224491,0.36576389387768643
0.5441171857846365,0.34630113670901475
0.48006649728678524,0.3286067163642996
0.5466265173614379,0.34740634722398755
0.6898152504626579,0.38390592448096555
0.6131551707913804,0.36575836782511156
0.4311345315391613,0.3102602218157504
0.5478811831498385,0.3491746840479441
0.3356544650418745,0.2757555495382984
0.5667011699758476,0.3527113576958572
0.7199272293842727,0.39075822967379714
0.5227878673818261,0.3398909157221722
0.5956212163984819,0.36222722022977333
0.31049841598444217,0.26358718176844737
0.28665976600483045,0.25629279236962665
0.45497318151877303,0.3188808638325386
0.5617138734669552,0.35139063113046465
0.6470938803676171,0.3737269356380657
0.657162573319532,0.37594288272058624
0.5742291647062513,0.3564690734467649
0.581819892726075,0.3571432518608983
0.5742291647062514,0.3544796945198137
0.6747278943571406,0.37992164057448846
0.17612371004673633,0.2014522466166743
0.6496032119444182,0.374611104050044
0.07437031460744645,0.13754897464094473
0.27536777390922496,0.2560717502666321
0.5064144788431981,0.33568006366012576
0.03036291207929488,0.08647167069147496
0.7437658793638845,0.39606324014566674
0.608167874282488,0.364437641259719
0.6948025469715504,0.38412144053138525
0.6508892443775288,0.37461663010261886
0.6244785295316959,0.3679743149076321
0.6872745522411468,0.3827951879134178
0.5704651673410495,0.3529323997988517
0.5277751638907185,0.3434220633175105
0.39845048775132524,0.3022916540027963
0.5905711866001693,0.3593481468382691
0.45999184467237536,0.3199860743475114
0.5918572190332799,0.35935367289084397
0.44493585521156803,0.3177756533175658
0.33189046767667263,0.2726609600963744
0.019008186694269315,0.06722995562579782
0.7563439038926005,0.39673189250722535
0.5943351839653712,0.36222169417719846
0.35698378344468495,0.28349202314310823
0.6784918917223425,0.38058476688347215
0.5001725165459051,0.3343593370947332
0.3281264703114708,0.27243991799337985
0.49135848938239074,0.33258547421820184
0.49010382359399013,0.3308171373942453
0.5704965339857596,0.3536010521604103
0.7098585364323579,0.3869949878703146
0.6169505348012922,0.3666480622896647
0.5390985226310341,0.34563801040003106
0.3104984159844422,0.2635871817684474
0.39845048775132524,0.30162852769381254
0.01016279288604498,0.04577781953017502
0.4311345315391612,0.3113654323307233
0.5290611963238292,0.3434275893700854
0.5905711866001693,0.35868502052928536
0.06430162165553151,0.12848072236559258
0.7450519117969951,0.3960687661982416
0.6056271760609767,0.3633269046921713
0.17486904425833572,0.20101016241068517
0.7362692512781908,0.39363730306530137
0.6596719048963332,0.3770480932355591
0.3343997992534739,0.2737661706113473
0.7111132022207585,0.3881001983852874
0.7212132618173833,0.390763755726372
0.3105611492738622,0.26691386541851564
0.052946896270505944,0.10636545996098606
0.51020984285311,0.3365697581246789
0.4725385025563815,0.32484900061339195
0.35698378344468495,0.28680765468802677
0.7663812301998055,0.40048960825813296
0.4637558420375773,0.3235227479954245
0.5076691446315987,0.33568006366012576
0.43358112982654246,0.31334375915252466
0.663404535616825,0.3772636092859788
0.14723503026881218,0.18575273125148511
0.39343182459772275,0.29764976983991037
0.3168344782158652,0.27221887589038524
0.15103039427872403,0.19371577301186446
0.5114645086415106,0.3383380949486354
0.42228913773093696,0.3100281276076062
0.23142310467049343,0.2293201297517145
0.09701703208807755,0.16585341592939915
0.6056271760609767,0.362442736280193
0.3821398325021172,0.29654455932493745
0.44239515699005677,0.3157807483380398
0.3733571719833129,0.2914605909560624
0.39719582196292463,0.30030227507584517
0.040400238386499795,0.09708169163521421
0.3532197860794831,0.28327098104011367
0.7186725635958721,0.38965301915882433
0.4737931683447822,0.32507004271638645
0.2514977572849032,0.23705660335652434
0.16985038110473327,0.19703140455678297
0.0038580972993318904,0.03405706201888806
0.02277218405947116,0.074303302921624
0.6571312066748219,0.3759373566680114
0.5365578244095228,0.3436431054205051
0.7638718986230043,0.3980581451251928
0.5127505410746213,0.3383436210012103
0.12719174429911234,0.1808953310381795
0.25024309149650265,0.2359513928415515
0.05928295850192905,0.11919695403982072
0.20378909068096987,0.22489376163924826
0.7287412565477871,0.39209000834433944
0.3419277939838775,0.2830499389371191
0.4436498227784574,0.31777012726499093
0.4750478341331828,0.326838379540343
0.6810012232991436,0.38146893529545045
0.47128383676798097,0.32484900061339195
0.4637558420375773,0.3228596216864408
0.36827577554029045,0.2901232862329453
0.3946864903861234,0.2987549803548832
0.07565634704055707,0.14285951116538922
0.4875944920171889,0.32904880057028874
0.05922022521250901,0.10680754416697519
0.29167842915843295,0.2602715502235289
0.6445531821461058,0.372616199070518
0.34067312819547696,0.2830499389371191
0.33565446504187446,0.27398721271434184
0.1711364135378439,0.19836318322732518
0.43232646403814184,0.31157542232856816
0.2552931212948151,0.2432513082929471
0.22386374329537972,0.2286514773901559
0.41855650701044506,0.3080442747332299
0.7349832188450801,0.3936317770127265
0.559204541890154,0.35139063113046465
0.2138264169881748,0.22776730897817765
0.08694833913616261,0.156785163654047
0.5265204981023179,0.34165372649355397
0.5378124901979234,0.3456324843474562
0.29798312474514604,0.2631506236150331
0.686019886452746,0.381689977398445
0.1309243750196042,0.18486856283950684
0.7651265644114049,0.39938439774316015
0.1912424327969637,0.20743143550267742
0.4072331482701295,0.3062704118566985
0.2665851133904206,0.2514298661037461
0.19622972930585617,0.21140466730400473
0.1899564003638531,0.20565757262614595
0.5717825664188703,0.3536065782129852
0.039145572598099185,0.09619752322323594
0.5240111665255167,0.34054851597858116
