0.17232834603682448,0.17934251026464265
0.31303911420595343,0.267792507777919
0.28418180107273927,0.2567404026281906
0.5918258523885701,0.3520537574394484
0.477557165709984,0.3202071164505059
0.3732944386938929,0.28702869679102133
0.6357391549825916,0.3644321152071442
0.5604278410338446,0.3463011367090147
0.5793105611492739,0.3511751150800449
0.46626517361437847,0.3177756533175657
0.3871271290110097,0.2916761070064821
0.26028041780370753,0.24457203485833967
0.21504971613186535,0.19924735163930352
0.22006837928546785,0.2063206989351297
0.22881967315956214,0.20764142550052225
0.38712712901100976,0.29344444383043866
0.46877450519117964,0.3193229480385277
0.48257582886358646,0.32153336906847335
0.5742918979956715,0.3509540729770504
0.4863398262287883,0.32617525323135926
0.17863304162353755,0.19548410983582096
0.3419277939838775,0.28304993893711905
0.4235438035193375,0.30936500129862243
0.3381324299739657,0.2750868971767398
0.23258367052476397,0.21825144644426148
0.27662243969762557,0.25430341344267554
0.3343370659640538,0.26867115013732246
0.6746965277124306,0.36842192516619615
0.6093911734261787,0.36288482048618215
0.6784291584329224,0.3735003674824963
0.4738245349894922,0.31999160040008623
0.5416078542078354,0.34342758937008533
0.6018945453404849,0.35272240980100694
0.4989178507575045,0.3292753687258581
0.4411718578463662,0.3142389796696526
0.48508516044038774,0.32308066378943534
0.4021831184718171,0.30228612795022136
0.5265204981023179,0.3383380949486354
0.23393243624729462,0.22489928769182313
0.4436498227784574,0.3177701272649908
0.36830714218500044,0.286592138637607
0.4109971456353314,0.30251269610579085
0.418525140365735,0.30538624344472015
0.5252971989586275,0.33038610529340584
0.3883817947994103,0.29786528589033
