0.5807955521664848,0.3421834828342187
0.2571886371753168,0.22054062650273945
0.24559608497987473,0.2076629774215167
0.23979498267391242,0.20084361664666167
0.25816353124004593,0.22168034199037487
0.2851999498074343,0.243645423531149
0.3132209148560342,0.2569092884919027
0.2900358104651499,0.24970749826770816
0.3180567755137499,0.2637286492667578
0.26299939189776156,0.22584920163119407
0.2658951168425015,0.22774241672693396
0.2600940145365392,0.22243762802867081
0.39341319099236494,0.2982116690205641
0.37410835802743214,0.2970757399631202
0.3470526346270789,0.28154001688747865
0.38955222439937837,0.2974543829822682
0.35767029275779194,0.2857050900981064
0.361540911767261,0.2876020916240377
0.35961042847076763,0.2860875195474458
0.3277188444126987,0.267897508907577
0.36250615341550757,0.2921458078538135
0.5083734712985396,0.3383856933521645
0.43688767482939356,0.31715896569872887
0.418538431096225,0.3114755339813178
0.4668391231744868,0.3311801166977785
0.4369069796623585,0.3224675408271835
0.4938851941583576,0.338381906921973
0.3992142932983273,0.30275917168053135
0.3393017441916584,0.2754703692905366
0.343162710784645,0.2792567994820163
0.4610476732850069,0.32663640046800274
0.43592243318114693,0.31488710758384103
0.4166176002162142,0.3069356041817335
0.4755456028416714,0.3330809046539014
0.38183994362988777,0.29707952639331164
0.3228926361714656,0.26524700777354115
0.3045144351888495,0.25122207034430005
0.3112807791430585,0.25311907187023147
0.45332574009903376,0.3258791144297068
0.2726325035472631,0.2296280589622909
0.2774683642049788,0.2409911359669217
0.26297043464831427,0.22432327026402776
0.247526568276368,0.21940091101510406
