0.5760272821682494,0.17252275796687333
0.4969574762892505,0.16401077315305312
0.38160326813049383,0.13543147148956824
0.32257362521727395,0.11947689457303085
0.37890094512438677,0.13516678123976947
0.3920186435495468,0.1380666397277463
0.36077527195396414,0.13372244348871043
0.360767007969236,0.12786767787109973
0.3515140997352771,0.12741571198487683
0.5860707782745351,0.17855416750900016
0.3272069659881935,0.12051344710735137
0.5494255153283144,0.166624362953729
0.48731065144991614,0.1600414432005517
0.44796857482074043,0.15408752702522105
0.43214304406632126,0.14770338090801283
0.42172766864726846,0.1476592002385284
0.31948014026736743,0.11866077286560313
0.5471005809581264,0.16661302246102713
0.3102354960181366,0.11850673117306923
0.2975089595367761,0.11550780088079403
0.3353056710217866,0.12111984845321586
0.25814484561499196,0.09728189653359727
0.2836227105318976,0.11343493207241756
0.2828403866442989,0.10651061623686069
0.27975241101754444,0.1052977347917102
0.2635522462887822,0.10460305086029846
0.2550513606650855,0.09345581905487862
0.3912583569545564,0.1375487572276937
0.4460265384096238,0.1489492600367889
0.3927927034524174,0.13901490967651955
0.41555722671691175,0.14663383069006666
0.5555849386123668,0.16874093991106062
0.4718817919624485,0.15963342172354855
0.40051126518851526,0.1429952651080367
0.34186452023436664,0.1272721444974079
0.5332115772916719,0.16630415154174397
0.5713966960589058,0.17025143053621392
0.3391759705361398,0.12386558649523727
0.4363907322165936,0.14834301619776755
0.5498001493026575,0.1677265958416146
0.5694711876172455,0.16996484683522683
0.3955032904432526,0.14074622489567343
0.44950843064175355,0.15752739772470342
0.3858482016191901,0.13597179871475995
