0.5366907148622256,0.16411031747788074
0.39471545723250173,0.1345273822102794
0.4614664165433956,0.15383394100785955
0.5127664790742135,0.15670080181221077
0.3769699273595743,0.12599350394527079
0.536291288933698,0.15700951522465081
0.341090460331496,0.12092138983093297
0.3376250960688225,0.1184077381221924
0.3827684899771639,0.13180432515366172
0.3075193997041493,0.09847296328098096
0.3804408009453999,0.12734963786420408
0.2832150206186419,0.09537456741729965
0.3399335024695541,0.11868321759074227
0.31832593706700174,0.10763537260330698
0.3607780266155402,0.12590545761998814
0.4001173485831399,0.13503463299842394
0.41747447117384395,0.1366113552510931
0.44063566570528984,0.1462592794172184
0.4236614410736569,0.14597245945596668
0.42365593175050487,0.13903727564823717
0.40513083265155464,0.13648999622849867
0.44448668258861057,0.14665603915494116
0.4822944127199253,0.15624859966572324
0.3349200184011394,0.11122999377611713
0.34341264004010796,0.12238801480028802
