0.2703177441109125,0.2516453821541658
0.2502117248517926,0.2439033824967811
0.11207302154888492,0.173589889534209
0.27411310812082434,0.2560717502666321
0.31683447821586525,0.2742082548173363
0.29293309494683356,0.26203988704748543
0.4072331482701295,0.30627041185669845
0.2916784291584329,0.2620398870474854
0.28794579843794116,0.2591718657611308
0.4398544587685455,0.31334375915252466
0.22640444151689096,0.23329888760561673
0.24522442834290017,0.2410353612104266
0.22135441171857848,0.2308618984201016
0.25529312129481513,0.2483352766618222
0.2465104607760108,0.24104088726300146
0.17869577491295754,0.21052602494460135
0.24898842570810203,0.24324578224037224
0.3181205106489759,0.27421378086991116
0.2665851133904207,0.2514298661037462
0.33694049747498517,0.27996087554777
0.3532511527241931,0.2857079702256287
0.23142310467049343,0.2372776454595189
0.2715724098993131,0.2542978873901007
0.5227565007371162,0.3381170528456408
0.29296446159154355,0.26204541310006024
0.25406982215112456,0.24767767640541336
0.3105297826291522,0.2675714656749245
0.2954737931683448,0.2664662551599516
0.055487594492017185,0.10836036494051206
0.5303158621122298,0.34099612623714504
0.14604309776983154,0.19305817275545561
0.17740974247984692,0.21052049889202648
0.13597440481791664,0.18575825730405998
0.2238951099400897,0.232635761296633
0.5290298296791192,0.34099060018457017
0.35823844923308557,0.28636557048203765
0.22888240644898217,0.23550378258298751
0.2527837897180139,0.2476721503528385
0.21131708541137356,0.22953564580213418
0.22013111257488788,0.23020429816369276
0.1975157617389668,0.2182624985494112
0.4247984693077382,0.30936500129862243
0.4838618612966971,0.3279491161078907
0.23267777045889404,0.23993015069545376
0.27536777390922496,0.2587242555025669
0.16740378281735205,0.20345267764877517
0.20131112574887866,0.22246782455888287
0.10708572503999247,0.16895353142389796
0.1485210627019228,0.195484109835821
0.18371443806656002,0.21450478279850357
0.11335905398199556,0.17359541558678387
0.1171544179919074,0.17802178369925012
0.2967598256014555,0.26647178121252646
0.3858724632226091,0.2985284121993137
0.3318904676766727,0.277965970568244
0.25149775728490326,0.24390890854935596
0.4273391675292494,0.31202303258713204
0.42862519996236004,0.3120285586397069
0.47504783413318286,0.326838379540343
0.16360841880744018,0.19902630953630893
0.14472569869201093,0.1910577417233548
0.11586838555879678,0.17801625764667525
0.14224773375991973,0.18863180464298937
0.09701703208807753,0.16585341592939915
0.09830306452118817,0.165858941981974
0.5340484928327216,0.34209581069954303
0.26787114582353133,0.25143539215632105
0.19375176437376493,0.215831035416471
0.0945077005112763,0.1614325738695078
0.1749004109030457,0.2060996568321351
0.22511840908378034,0.23329336155304187
0.07816567861735829,0.14484889009234034
0.6496032119444183,0.36797984096020697
0.5579185094570435,0.35072197876890604
0.6206831655217842,0.3662004520311007
0.5491358489382391,0.34674322091500387
0.6131551707913805,0.36575836782511156
0.43486716225965305,0.31312824310210485
0.5717511997741601,0.3511695890274701
0.31557981242746463,0.2722188758903852
0.1987704275273674,0.22091500378534606
0.16734104952793202,0.2029995413376363
0.8279225871208558,0.4075740076591089
0.7814372196606129,0.3996054398461548
0.15984442144223832,0.19836318322732524
0.21260311784448419,0.22954117185470904
0.20005645996047802,0.22092052983792093
0.28920046422634177,0.2591718657611309
0.20378909068096987,0.2248937616392483
0.19124243279696373,0.2151679091074873
0.1309557416643142,0.18332679417111977
0.06558765408864214,0.12450749056426522
0.4901038235939902,0.3301540110852615
0.12966970923120358,0.1833212681185449
0.1824284056334494,0.2144992567459287
0.16486308459584076,0.20234194108122747
0.3368777641855651,0.2786235708246529
0.37335717198331303,0.29079746464707873
0.4185565070104451,0.306939064218257
0.5114645086415106,0.3376749686396517
0.3821398325021173,0.29654455932493745
0.45368714908566227,0.31909637988295825
0.5503905147266396,0.34696426301799843
0.15978168815281835,0.19791004691618636
0.4763338665662935,0.32684390559291787
0.42354380351933757,0.3075966644746659
0.461246510460776,0.3191019059355331
0.14977572849032342,0.19703140455678295
0.14475706533672095,0.19305264670288075
0.13722907060631725,0.18841076253999484
0.1409617013268091,0.1886262785904145
0.13851510303942788,0.1884162885925697
0.5880618550233682,0.3560325152933506
0.5378124901979235,0.34563248434745614
0.5554405445249523,0.3469697890705733
0.2904864966594524,0.25917739181370575
0.7299645556914777,0.39075822967379714
0.8492519055236661,0.4119948497190003
0.8304319186976569,0.4084581760710872
0.7512938740942882,0.39274760860074825
0.19626109595056615,0.21649416172545466
0.27285844233242373,0.25430341344267554
0.3205671089363571,0.27530793927973435
0.34067312819547696,0.2830499389371191
0.7274552241146766,0.3874425981288786
0.7437658793638844,0.3914213559827808
0.1259057118660017,0.18088980498560464
0.09071233650136444,0.1541326584181122
0.8128352310153383,0.4060211868855721
0.7161318653743609,0.38367935632539624
0.7713998933534081,0.395405639889258
0.4059784824817289,0.30428103292974734
0.49515385339230267,0.330380579240831
0.2892318308710518,0.2591773918137057
0.059282958501929044,0.11698653300987508
0.03412690944449673,0.08536646017650212
0.05046893133841473,0.10195014395366958
0.0328408770113861,0.08536093412392726
0.07182961638593521,0.12494404871767952
0.04792823311690349,0.09553439691425225
0.07186098303064523,0.1289283326241566
0.06427025501082148,0.11808621747227305
0.030331545434584866,0.0789507131370848
0.7739092249302092,0.3971739767132145
0.650826511088109,0.37195307276153433
0.6834791882312349,0.3799161145219137
0.16988174774944326,0.20587861472914054
0.3620338132429974,0.2907919385945038
0.40851918070324017,0.3062759379092733
0.36077914745459677,0.2888025596675527
0.5013958156895957,0.3341327689391637
0.4436498227784574,0.3177701272649908
0.39845048775132524,0.30229165400279623
0.7261691916815658,0.38677394576732016
0.6998212101251529,0.38279518791341793
0.5955898497537718,0.3566956416023343
0.7626172328346037,0.3945214714772797
0.3770898027038048,0.2945496543454115
0.3117844484175528,0.2702239709108593
0.3344311658981839,0.2779714966208189
0.4650418744706879,0.32352827404799933
0.49769455161381393,0.33149131580837865
0.42357517016404755,0.3080442747332299
0.38342586493522784,0.2965500853775123
0.4976945516138139,0.3308281894993949
0.46127787710548607,0.31999160040008623
0.17995044070135816,0.21207331966556334
0.1271917442991123,0.1808953310381795
0.08196104262727016,0.14927525820480655
0.13221040745271478,0.1848740888920817
0.15106176092343404,0.19703693060935784
0.08443900755936137,0.15236432159415567
0.07813431197264828,0.13777001674393932
0.09068096985665444,0.15302192185056449
0.8392145792164613,0.4100054707920492
0.7915059126125278,0.4011582606196916
0.7437658793638845,0.39252656649775364
0.7915059126125279,0.40292659744364817
0.8756312537247891,0.41553704941948827
0.8065619020733352,0.4040318079586209
0.07437031460744645,0.13423334309602622
0.7575672030362912,0.3940738612187157
0.6684231987704276,0.3770425671829843
0.6847338540196355,0.3810213250368865
0.7588532354694019,0.39407938727129055
0.6608952040400239,0.37571631456501686
0.6056271760609768,0.36332690469217127
0.6282425268968979,0.36775327280463754
0.6973118785483516,0.3827951879134179
0.5805338602929645,0.35293792585142664
