0.2948813235393482,0.2444140688600194
0.0010038513141765039,0.017054081582424906
0.8909083889151653,0.43808618672401833
9.652416482466385e-06,0.00606207473655912
0.16729568247410737,0.1553648036167981
0.0638603874479976,0.07427461463606728
0.04160191503943012,0.05191195792518771
2.8957249447399156e-05,0.011749292884161742
0.006804953620138801,0.025766657453019863
0.19724713081920056,0.17733745801795525
0.12189071534058554,0.13111650467056166
0.10543334523798034,0.11595185175368514
0.0658101755774558,0.0901851943006653
0.03579116031698535,0.03524409222229374
0.7112479609270185,0.407366878580543
0.2214264341077788,0.19553125508801547
0.2049883688381386,0.18718974937618557
0.36252545824847254,0.2891242365610126
0.42049787164216573,0.3164092525208158
0.04740301734539241,0.05645946058515492
0.6803505757666435,0.4047125910163156
0.6310942944566174,0.39864294341937356
0.6021177401762532,0.39257708225262294
0.6542697464310191,0.4012972309836009
0.5702454609511494,0.38613257806672435
0.2938774722251717,0.24061249294777376
0.41372187527147425,0.3156443936221368
0.5943958069902803,0.391441153195179
0.4784702850358589,0.3489952707486908
0.3654211831932125,0.29101745165675247
0.5016553894267433,0.360740777202661
0.43115413943880854,0.3357351922181286
0.7576181697087869,0.41987724393319215
0.5451298732637717,0.37930943086167784
0.4359803476800418,0.33649247825642453
0.05031804712309726,0.06403989382849744
0.32194669935618386,0.267147795729664
0.5383731817260452,0.3781735018042339
0.24173511838688808,0.21372126572788439
0.512292352390421,0.3690784964842995
0.5354581519483405,0.37362221271407525
0.44273703921776825,0.3380070503330164
0.1450951245644347,0.15119973040617032
0.32098145770793723,0.26639050969136807
0.4591461472379611,0.34027890844790437
0.504551114371483,0.36301263531754896
0.33354890396810843,0.2758641580304505
0.536442698429552,0.3751443576510501
0.5509213231532516,0.38044535991912176
0.38184959604637025,0.29556874074691114
0.60018725687976,0.39181979621432694
0.47943552668410555,0.3493739137678387
0.4214631132904124,0.32133161176973957
0.5209795272246408,0.36983578252259547
0.5248404938176273,0.37021442554174344
0.568314977654656,0.38499664900928043
0.319031669578479,0.2614605775820613
0.7267111321319296,0.4126754537089976
0.4601306937191727,0.3467234126338029
0.7383036843273716,0.41532974127322486
0.5403036650225386,0.3785521448233819
0.2562233955270702,0.2163755532921117
0.5460951149120183,0.37930943086167784
0.28134863563093027,0.23796956467412084
0.39731276725128145,0.3099647483349172
0.7489213424580846,0.4179802424072608
0.7807936216831886,0.42253153149741945
0.48524628140655024,0.3580902760686252
0.2571982895917993,0.219029840856339
0.48235055646181035,0.3569543470111813
0.5547822897462381,0.3823385750148616
0.5731411858958892,0.3865112210858724
0.27458229167672127,0.22887834578437793
0.3857105626393568,0.3035202441490187
0.5084313857974345,0.36491342327367177
0.46109593536741933,0.34861662772954277
0.3615602166002259,0.2853378063695328
0.40117373384426797,0.31412982154554503
0.49296821459252327,0.36074077720266107
0.560593044468683,0.38348207693268854
