0.12373587150505651,0.2891014260351641
0.013682331945270675,0.12387606666284864
0.05056513979773944,0.2030238817937117
0.062462819750148724,0.2087509306454384
0.11124330755502677,0.2810262871542294
0.02617489589530042,0.16516808888379816
0.012492563950029746,0.04129202222094954
0.3045806067816776,0.43021590974171003
0.22129684711481262,0.38554492869824175
0.12373587150505652,0.29139224557585475
0.1963117192147531,0.3659584216253364
0.03866745984533016,0.19615142317163967
0.01308744794765021,0.08945650306397113
0.3652587745389649,0.46812897314014085
0.305175490779298,0.4302731802302273
0.25698988697204045,0.426779680430674
0.17132659131469363,0.3372086363896684
0.07495538370017846,0.22484393791879045
0.17251635930993459,0.3602313727736097
0.19631171921475313,0.3762671095584445
0.12433075550267698,0.32695721894507757
0.5211183819155265,0.5232231830937517
0.13622843545508626,0.3269572189450776
0.20880428316478286,0.38434224843937914
0.11183819155264724,0.28108355764274673
0.07495538370017847,0.2340072160815532
0.08744794765020822,0.24780940381421454
0.16002379535990482,0.334975087337495
0.2331945270672219,0.4015806654830765
0.17251635930993456,0.34534104575912034
0.051160023795359916,0.2042265620525743
0.09934562760261749,0.26728136991008533
0.4134443783462225,0.501403126968673
0.31766805472932774,0.4589656949773781
0.6650803093396789,0.5359372315445852
0.5574063057703749,0.5312983219746865
