0.30042972303252724,0.21031050889418162
0.389636460587811,0.23973121280275858
0.23132900473636336,0.16785384696149996
0.28916909758163173,0.2076635297108217
0.618205200589693,0.32641839954465335
0.4034377842602178,0.24172059172970972
0.37831310184749545,0.23464171838130868
0.42473573601831816,0.2563038444747764
0.43853705969072493,0.26116677074065686
0.5063831121984881,0.2810771381678926
0.5780245287161633,0.3109399262824587
0.24519306169819013,0.18046429893734012
0.477494432420564,0.27864014898237743
0.5339857595433016,0.2974342537894906
0.4636303754587372,0.26890324434546675
0.4736990684106521,0.2742137808699112
0.5641291051096264,0.3040710429319025
0.5088610771305793,0.28217682263029054
0.585489790157147,0.31159200048629265
0.4913271227376807,0.27886671713794686
0.41472977635582325,0.2516674863644653
0.4624698096044666,0.2662673172672565
0.5177378375835137,0.28970883228983046
0.5164204385056931,0.28594006443377307
0.3745177378375835,0.2299943081658479
0.3506477212132618,0.2273362768773382
0.3343056993193438,0.2222467824558883
0.4133810106332926,0.2459038135288819
0.32549167215582947,0.21936770906438405
0.222452244283429,0.1313653218096717
0.22743954079232145,0.14086460618586324
0.2463536275524607,0.19835213112217553
