0.11806835841352883,0.15271430248276224
0.4118106968079459,0.3232248268654795
0.4156813158174149,0.3239858993339669
0.4398220094400633,0.3292906880322301
0.4243684906516346,0.3243645423531149
0.15289427708226755,0.19553125508801555
0.1519193830175384,0.19552746865782403
0.13936158917384966,0.18416439165319323
0.14611828071157612,0.19097996599785683
0.15867607455526486,0.20120711394504368
0.458171253173232,0.3364886918262332
0.44562311174602565,0.3330809046539014
0.43015994054111445,0.3289082585828906
0.3461260026447622,0.3001086705464955
0.34904103242246703,0.30011624340687837
0.3789731759345953,0.31147932041150916
0.38284379494406434,0.3152695370331804
0.39056572813003737,0.3164054660906244
0.21378172025366549,0.2387268507124168
0.1461182807115761,0.1902226799595609
0.16545207092595632,0.2076516181309423
0.16835744828717866,0.20992726267602163
0.16352158762946303,0.20689433209264635
0.1548151079622783,0.1981779697918599
0.1789751064178917,0.21598555098238925
0.17028793158367198,0.2103059056951696
0.3509522108859953,0.3054096728145671
0.3306628314398509,0.29366416636059683
0.34032490033879986,0.29896895505886006
0.3596393857202151,0.30540967281456716
0.3345237980328375,0.2970719535329287
0.3364542813293308,0.2974505965520767
0.33162807308809766,0.2959360244754847
0.36446559396144823,0.3061669588528631
0.37412766286039717,0.3091998894362384
0.3007210355112403,0.2815400168874786
0.32582697078213535,0.2921458078538135
0.28525786430632916,0.27509551270158006
0.12193897742299785,0.16824245269802082
0.12870532137720678,0.17165402630054408
0.12581924884894932,0.16825002555840377
0.15869537938822983,0.20310790190116657
0.16738255422244958,0.2080302611500903
0.1470931747763052,0.19477018261952805
0.1625563459812164,0.20462247397775848
0.2842926226580825,0.27471686968243203
0.2862424107875407,0.275103085561963
0.31521896506790476,0.28798452107337724
0.30073068792772273,0.2815438033176701
0.17995965289910326,0.21712905290021617
0.2089458595959498,0.23607256314818947
0.19349234080752115,0.22622405822015057
0.18382061949208983,0.22053684007254795
0.20315440970647,0.2334220620141536
0.26883910386965376,0.267518865888429
0.30167662474300444,0.283429445553027
0.26401289562842056,0.26600429381183716
0.3161649018831865,0.2887342342512902
0.26884875628613625,0.2675226523186205
0.2727000704626404,0.2713052960799088
0.20218916805822335,0.2322861329567097
0.20895551201243234,0.23796956467412086
0.18769123850155883,0.2243270566942192
0.19348268839103866,0.2262202717899591
0.2668989681566781,0.26751507945823755
0.25531606837771836,0.2625927202093139
0.2514454493682493,0.25993843264508654
0.25917703497070493,0.2648645783242017
0.27850117276860265,0.2735809406249881
0.2871883476028224,0.27812465685476384
0.23502668893157402,0.2504685707361956
0.26400324321193813,0.26600050738164566
0.2727097228791229,0.2713090825101003
0.15868572697174738,0.20196818641353115
0.15966062103647646,0.2042438309586105
0.15190973060105592,0.19552368222763253
0.13550062258086312,0.18378574863404526
0.2920242082605381,0.27964301536154723
0.26497813727666725,0.267140222869281
0.2582117933224583,0.2629713632284618
0.2620824123319273,0.2648683647543932
0.2707695871661471,0.2694120809841689
0.29105896661229147,0.27926437234239926
0.2360015829963031,0.251608286223831
0.26980434551790045,0.268276151926725
0.1751334446578701,0.21523583780447628
0.18770089091804132,0.22433084312441068
0.17610833872259918,0.21561826725381575
0.20412930377119912,0.2338044914634931
0.1848051659733014,0.22168034199037487
0.17030723641663686,0.2118280506321445
0.20219882047470583,0.2326685624060492
0.3828244901110993,0.31336874907705764
0.3809036592310886,0.31185796343065714
0.37800793428634866,0.3095861053157693
0.24856902925647434,0.2584314334288776
0.3171397959479156,0.2902525927580736
0.29588517485352467,0.28040030139984323
0.3210007625409021,0.29214580785381344
0.31037345199370664,0.2868410191555503
0.29975579386299367,0.2804040878300347
0.29104931419580893,0.27926058591220776
0.3045723496877444,0.28532266064876693
0.18671634443682972,0.22280869818743582
0.19541317168753192,0.22887077292399494
0.2195828225596278,0.24213842431494007
0.3944170423065415,0.31791625173702487
0.36738062373915314,0.30806774680898596
0.39153096977828405,0.31678410910977234
0.377042692638102,0.3092074622966213
0.4069748361502303,0.323221040435288
0.3702763486838931,0.3084463898281339
0.4002181446125038,0.31943461024380815
0.38283414252758186,0.31412982154554503
0.19638806575226103,0.23038913143077833
0.17898475883437417,0.21636798043172875
0.40407911120549034,0.32132782533954807
0.36640572967442403,0.30806396037879447
0.406019246918466,0.3217102547888875
0.41469676933620336,0.3235996834544359
0.37606779857337286,0.3092036758664299
0.37606779857337286,0.3092036758664299
0.2060501346512099,0.2356939201290415
0.14322255576683618,0.18719353580637704
0.1441877974150828,0.18984403694041288
0.14224766170210706,0.18567517729959368
0.1432225557668362,0.18757217882552504
0.1422380092856246,0.18491410483110624
0.1296705630254534,0.17544045649202386
0.13742145346087392,0.18416060522300176
0.13450642368316906,0.17998795915199103
0.14321290335035372,0.18718974937618557
0.1296802154419359,0.17809474405625117
0.1325759403866758,0.17847338707539914
0.18189013619559655,0.22015819705339998
0.22439937838437854,0.24478513901878443
0.19928379069700095,0.23228234652651822
0.22053841179139197,0.24251328090389657
0.19251744674279203,0.22584162877081113
0.17319330894489435,0.2133388362785449
0.18962172179805212,0.2258416287708111
0.19542282410401443,0.22887455935418644
0.19444793003928532,0.228113486885699
0.2060597870676924,0.235697706559233
0.213772067837183,0.23834442126307734
0.1809248945473499,0.21940091101510403
0.24565399947876948,0.2569092884919027
0.24179303288578294,0.25615200245360675
0.22632986168087182,0.24516378203793243
0.21667744519840543,0.24137735184645265
0.2524203434329785,0.26259272020931385
0.2330962056350807,0.25008992771704763
0.23116572233858745,0.2489539986596037
0.24759413519174525,0.25842764699868614
0.23889730794104305,0.25236557226212697
0.2292255866256117,0.24705699713367232
