0.5141781078426523,0.19485952888996816
0.317910416121989,0.13042886443240673
0.4564834900827439,0.1782177355291535
0.3524353276192226,0.14937976447220766
0.4581934836526028,0.1816598888949991
0.596759491524226,0.21520482228154547
0.35921877318560497,0.15364842666585357
0.4661216356583122,0.1879332977974465
0.46046876435299355,0.18344684671636974
0.5079670154959335,0.1943373800323525
0.47403565548575827,0.1925068644334957
0.4038905886758856,0.16950454661526124
0.2975812776902368,0.12973357340928357
0.6521788285837438,0.22143521787872536
0.44689480713109714,0.1767819622887652
0.3371584429165989,0.14833328886810218
0.2828626140290133,0.12703135778848454
0.6233350527483552,0.219953164499758
0.33431787508567634,0.14140651330336196
0.5271797118448851,0.1986054977537798
0.26646222115445767,0.11823214226405704
0.5277591311536803,0.19973908891285777
0.3546964761413501,0.1494233222496939
0.4214356879897683,0.17290368667583922
0.43953194225591957,0.17403673336269854
0.5526317648970824,0.20522736887611676
0.5565817087216738,0.2059673066211633
0.6583969870195943,0.23071302448328224
0.5475441807222956,0.20082803335001234
0.5124963786293201,0.19451215561451585
0.3252803470862981,0.13321819560817819
0.29700892447057325,0.12816494894756242
0.4542294076497481,0.17804404889142733
0.29758127769023673,0.1283832823072119
0.4242621236424276,0.17329570667321484
0.5153157481928478,0.19699440445900968
0.3281209149172207,0.14071122228023875
0.5373760784618538,0.20017521115993817
0.5034447184516785,0.1934226667051427
0.4632952000056529,0.1841437711561486
0.5651034122144416,0.21259135563237452
0.43105263529794163,0.1738625022527538
0.7030546703316116,0.23297802891256375
0.49835713427689177,0.1931613200402256
0.5424495304583772,0.20021767999298717
0.3710968690159058,0.15957282887619306
0.3993682916316307,0.16575857775144953
0.3857943344097342,0.1649304355069935
0.32357035351643926,0.13121344889937664
0.36206640710565924,0.15826718449604465
0.2557146995852206,0.11783957779446283
0.41973276050904107,0.17185775554395225
0.23082793366355525,0.11239376666425285
0.2783403169847585,0.1208025956079604
0.5498053292444232,0.20222188222957016
