0.0005864853979268093,0.008887420023836995
0.005695267840108534,0.02121590446908242
0.08942842405014095,0.06190431336336279
0.26026526098600195,0.13408880668568326
0.9445806629404818,0.30446777568397965
0.04247426177033797,0.03864173782464837
0.0317126080228376,0.030625473350535025
0.0028688321874492124,0.019430035592148932
0.0458730506426608,0.042998060045485204
0.03342260159269649,0.03528724448599373
0.9016047088417969,0.3005029289882999
0.8529688173486616,0.2948823422759266
0.8744567943980041,0.29732212228737137
0.8405254343878289,0.2926167933744265
0.836003137343574,0.2918327533796752
0.8405254343878289,0.2926167933744265
0.8642886921375622,0.2953625667727117
0.8382642858657015,0.2923118889320232
0.8320461274298511,0.2914407333822996
0.8501353156068706,0.29340083336917777
0.8173415959468909,0.2888702800383962
0.8280820514269962,0.2903512444729264
0.82921262568806,0.29043836002789875
0.8671080617010899,0.2967994289575372
0.8416560086488927,0.29270390892939885
0.07584740073911292,0.05384503558398184
0.7964189060280803,0.28529799781231063
0.8354378502130422,0.2915278489372719
0.8552370319599207,0.29488288674814517
0.6075352774499896,0.24426058222592223
0.2676139936829162,0.13517775112283784
0.8246903286438051,0.28965432003314745
0.7715321401064148,0.28028776445696246
0.8128192989026359,0.28791200893370017
0.793592470375421,0.28451395781755934
0.8196027444690184,0.2891751844807995
0.674267423209276,0.2615116399993248
0.8150804474247635,0.2883911444860482
0.7896354604616979,0.28377347560029426
0.8501423816960023,0.2937498400612858
0.709329357480515,0.26817706889914794
0.7359049187046443,0.2734916622246808
0.809985797160845,0.2870838666892441
0.18785904565400185,0.10764542444604035
0.7998106288112715,0.2856900178096863
0.8207333187300822,0.28926230003577186
0.8620204775263031,0.29536202230049313
0.8003759159418034,0.2858206911421448
0.3502024434536218,0.16850380667751616
0.8026370644639308,0.2861255955845481
0.8196027444690184,0.2891751844807995
0.6652157630316347,0.25833137777061493
0.8727609330064084,0.29688654451250956
0.8150804474247634,0.28826047115358966
0.41751400852170356,0.19176692668844916
0.7455218660128174,0.2757572111261809
0.7873672458504388,0.28342446890818623
0.7771920775008652,0.28176927336371127
0.8026370644639307,0.28599492225208956
0.7828449488061839,0.28264042891343494
0.7285561860077299,0.2727076222299295
0.8111234375110404,0.287868451156214
0.8082899357692495,0.28699675113427175
0.8235597543827413,0.28956720447817513
0.7641834074095007,0.2791988200198079
0.8258209029048688,0.2900463400305231
0.8235597543827413,0.2895672044781751
0.8082899357692495,0.28699675113427175
0.88181259318405,0.2984987267517169
0.8145151602942317,0.2880862400436449
0.8230015333413413,0.28926284450799045
0.724599176094007,0.27087819557550985
0.351905370934349,0.1686785822596795
0.022668013934327776,0.026792388931750954
0.7817143745451202,0.2825533133584625
0.8885960387504324,0.299239208968982
0.705372347566792,0.2677414911242861
0.5379766960380439,0.22583346446039268
0.8461853717822794,0.2933578200639102
0.6522070929402701,0.2559351555366563
0.7545664601013272,0.2772381755607111
0.7268603246161344,0.2720542555676368
0.8105581503805085,0.28721508449392125
0.02888617237017828,0.026835946709237134
0.7455218660128174,0.27575721112618085
0.8048982129860581,0.2864740578044376
0.03455317585376022,0.0378571533576785
0.7749309289787377,0.28129013781136325
0.7664445559316282,0.2796779555721559
0.7941577575059529,0.2848188622599626
0.6341179047632505,0.2521020711178722
0.7568346747125865,0.2776742978077915
0.7296867602687936,0.2728382955623881
0.21331109870619902,0.11705499332749295
0.7913242557641618,0.2838164889055618
0.7873672458504388,0.2834244689081862
0.7918966089838253,0.2843397267076146
0.7986800545502077,0.2856029022547139
0.523830385596484,0.22182505998722668
0.3456801464093669,0.16750197779533396
0.30097300047342795,0.14711312662627044
0.7839755230672476,0.28303244891081053
0.7788879388924609,0.281943504473656
0.8037676387249946,0.28621271113952046
0.4350379095681914,0.19756011109411148
0.49273959341723145,0.2144637955920618
0.8048982129860582,0.2866047311368961
0.5996212576225435,0.24360721556362946
0.5345779071657211,0.22544089999079842
0.6748327103398081,0.2618165444417281
0.7579652489736501,0.27802276002768095
0.8071593615081856,0.28677896224684085
0.3739586351142234,0.17730356667416222
0.265911066202189,0.13443672443335414
0.5260915341186114,0.2235238133091878
0.7489135887960086,0.27636702001098745
0.7794532260229927,0.2822484089160593
0.15901526981861347,0.09122305338931234
0.7726697804566103,0.28072388670404286
0.7455218660128174,0.2754958644612638
0.7557041004515227,0.27754362447533293
0.82921262568806,0.29043836002789875
0.19916478826463915,0.10773254000101269
0.7596611103652458,0.2784147800250566
0.686145519039577,0.26338516890344926
0.774365641848206,0.28076744448152907
0.16297227973233652,0.09457700225574839
0.3688639848503049,0.17216320445857408
0.10583588301382835,0.07083474669246739
0.7409995689685626,0.27497317113142955
0.7376007800962396,0.2741885866644597
0.8314808402993192,0.2907873667200068
0.7325131959214529,0.27309964222730515
0.43390733530712766,0.1969503022093049
0.74326071749069,0.2754087489062914
0.762487546017905,0.27902458890986315
0.7602263974957777,0.27850189558002897
0.6177104457995632,0.2460028933253695
0.5034659167190736,0.2145933799800832
0.20030949470396614,0.1137010444610569
0.6878413804311725,0.2635158422359078
0.7166780901774291,0.26987582222110906
0.13921608807173494,0.08712753336117401
0.8196027444690183,0.2890445111483409
0.8524035302181298,0.2942289756136338
0.6589976045957843,0.25658906667116765
0.5526741614318724,0.2307554933163313
0.8212986058606139,0.28926230003577186
0.510828781594251,0.21951649778045898
0.22802269627829078,0.1213683022430622
0.5747344917008783,0.23620130444654125
0.6850149447785132,0.2627753600186427
0.7726697804566103,0.2805932133715843
0.5815179372672606,0.23842275109833658
0.3066470700461415,0.15547785332027325
0.7036764861751963,0.26756726001434133
0.7817143745451202,0.28255331335846257
0.6516418058097383,0.2554995777617945
0.7958536188975484,0.28486242003744877
0.7596611103652458,0.2781969911376257
0.410151143646526,0.1890216977623825
0.7896283943725663,0.2835551422406447
0.8105581503805085,0.2873457578263798
0.2794920895132171,0.14001320889602267
0.4463577843570919,0.20248322889448725
0.7104599317415786,0.26909178222635777
0.6652228291207665,0.2593337511250157
0.8869001773588367,0.2988036311941202
0.7811490874145883,0.2822484089160593
0.559471739176518,0.23380562668480123
0.7981147674196758,0.2853415555897968
0.694059538867023,0.2638643044557973
0.3688710509394366,0.17595327557209053
0.30098713265169125,0.14920498889004438
0.5102634944637192,0.21921159333805573
0.7771920775008652,0.28150792669879415
0.6997124101723416,0.26647777110496823
0.527787395510207,0.22369804441913257
0.13356321676641628,0.08656128225385362
0.1754227287823008,0.10058906449327874
0.7851060973283114,0.28311956446578296
0.4429660615739007,0.2008280333500123
0.5917072377950975,0.24238759779401636
0.76700984306216,0.2799828600145592
0.6635269677291706,0.2580705755779164
0.11035818005808326,0.07166234446470486
0.8145151602942315,0.2879555667111864
0.6686145519039575,0.2599000022323361
0.2845867397771355,0.1458940533288759
0.4633163982730479,0.2041819822164484
0.4865073028031176,0.21315597332303915
0.7319549748800528,0.2728388400346066
0.7398689947074989,0.2744069200241092
0.39375781686110195,0.18375120668655442
0.36150818606425905,0.17159640887903513
0.6799202945145949,0.2623827955490485
0.09962479066710947,0.06438874009673093
0.5707704156980237,0.23471979553979247
0.18220617434868322,0.1029411844775326
0.786236671589375,0.2833373533532138
0.7721044933260784,0.2804189822616396
0.4203404441743629,0.19363991112035503
0.3847132227725921,0.18187822225464853
0.701415337653069,0.26726235557193806
0.7387384204464351,0.27423268891416447
0.5504130129097449,0.23027635776398328
0.802071777333399,0.2858206911421448
0.6737021360787443,0.2608582733370321
0.5792567887451331,0.23750803777112672
0.5532394485624043,0.23158309108856873
0.4011065495580162,0.18558063334097408
0.039075472898015134,0.03833628891002651
0.869376276312349,0.2967999734297558
0.7206351000911521,0.2704856311059156
0.4497495071402831,0.20287524889186292
0.7681404173232238,0.28006997556953156
0.33492555875099805,0.16192549333266543
0.33888256866472116,0.16218683999758252
0.46218582401198416,0.20405130888398984
0.3332296973594025,0.16083654889551086
0.27101278255523914,0.13840157112903392
0.7359119847937758,0.2736228800293579
0.4101582097356577,0.18989339778432474
0.6092311388415852,0.24443481333586692
0.07925325570056739,0.060379791151346396
0.74326071749069,0.2754087489062914
0.7749309289787377,0.2812030222563909
0.8258209029048688,0.29004634003052315
0.5074370588110599,0.21886313111816627
0.05774408038382995,0.04439190892504306
0.26817221472431646,0.13548211109302252
0.46898340175662984,0.20823394446710053
0.6222468750220814,0.24966283557864602
0.580387363006197,0.2375951533260991
0.4842461542809902,0.2114136622235919
0.47972385723673516,0.21062962222884057
0.7500441630570723,0.2766719244533907
0.6448583602433559,0.255151115541905
0.4593593883593249,0.20335438444421092
0.71385165452477,0.26961447555619195
0.4333420481765958,0.19564356888471945
0.7217656743522158,0.2707905355483189
0.7426954303601582,0.2751474022413743
0.8026370644639307,0.28599492225208956
0.5226998113354202,0.22060544221761358
0.7336437701825167,0.27309964222730515
0.4763321344535441,0.2097584666791169
0.7206351000911521,0.2704856311059156
0.7443912917517538,0.2754958644612638
0.7477830145349449,0.27623634667852887
0.7127210802637063,0.2694838022237334
0.48255029288939455,0.21141366222359187
0.6109270002331809,0.24548019999553533
0.42768917687127717,0.19516443333237143
0.3241709710926294,0.15870112885425075
0.6001865447530755,0.24408635111597748
0.7641834074095007,0.2791988200198079
0.7342161234021802,0.2734486489194132
0.6380749146769736,0.25284255333513733
0.5294832569018026,0.22452564219137
0.41638343426063984,0.19050375114134988
0.5413684188212351,0.22605125334782356
0.6833120172977858,0.26242635332653463
0.7426954303601582,0.2751038444638881
0.6607005320765115,0.2568945155857895
0.4407049130517733,0.19821456670084137
0.6194063071911587,0.2460464511028557
0.8608899032652395,0.2950571178580899
0.5758650659619421,0.2372902488836958
0.5826485115283244,0.23994727331035295
0.8269514771659325,0.29013345558549547
0.6194133732802906,0.24678747779233937
0.21670282148939018,0.11949422886671918
0.15278297920449968,0.08934898001296933
0.232559125500809,0.1289920022475813
0.15165240494343593,0.08721464891614637
0.3914966683389745,0.18292360891431697
0.2483871651557012,0.1325201822239621
0.31739459161537864,0.15674157333959116
0.6714409875566167,0.25994356000982227
0.0967771567470552,0.06355950890783772
0.7178086644384928,0.27031139999597087
0.6301608948495274,0.2505775489058558
0.6720062746871487,0.2602920222297117
0.7573928957539866,0.2777173111130591
0.5877502278813744,0.24038394002965197
0.28968139004105387,0.14667863779584578
0.7619222588873733,0.2788939155774046
0.4429660615739007,0.20161207334476358
0.65220709294027,0.2565014066439767
0.7098946446110468,0.2684819733415512
0.7421301432296263,0.27510384446388814
0.5408031316907032,0.225920580015365
0.3999759752969525,0.18484015112370897
0.5119593558553148,0.21990851777783466
0.31117643317952803,0.15643666889718782
0.1239392033691113,0.08155104889850547
0.05945407395368885,0.05262541781436873
0.32814211318461567,0.16031385556567668
0.5424989930822989,0.2287082777744807
0.11148875431914695,0.07227215334951141
0.7070682089583876,0.2681335111216618
0.3835685163332651,0.1781311644463997
0.7489135887960087,0.27654125112093214
0.6131881487553082,0.2455237577730215
0.7602263974957776,0.27845833780254275
0.28288381229640824,0.14362850442737582
0.5645593233513048,0.23463322445703869
0.5232650984659521,0.2210410199924754
0.5809526501367288,0.23785649999101618
0.4412702001823052,0.20052312890760904
0.7523053115791999,0.27702038667328016
0.6595699578154477,0.25658961114338624
0.7065029218278557,0.26808995334417557
0.10301651345030065,0.06534701120142694
0.48424615428099016,0.21254616443823263
0.6397707760685691,0.25449774887961224
0.463895817581843,0.20592538226033286
0.7257297503550706,0.27105242668545454
0.5040453360278687,0.21664168446637094
0.3456801464093668,0.16680505335555504
0.7409995689685626,0.27458115113405396
0.8252626818634687,0.2897855378378246
0.6940666049561546,0.2639519644829882
0.5255262469880796,0.22208640665214377
0.5741621384812149,0.2347197955397925
0.7511747373181361,0.2768461555633354
0.16692928964605955,0.09788739334469827
0.7647486945400325,0.27950372446221117
0.4752015601924803,0.2083646177995591
0.832046127429851,0.291310060049841
0.5368461217769801,0.22544144446301698
0.6946318920866866,0.26538937114003225
0.47520156019248044,0.20893086890687948
0.6623963934681071,0.2572865355831651
0.4078899951243986,0.18684380888807336
0.8229944672522095,0.28926230003577186
0.7879325329809707,0.28355514224064476
0.6753979974703399,0.2621214488841314
0.5125246429858467,0.2200391911102932
0.11659047067219705,0.07980873779905817
0.4022512559973432,0.18671422450005198
