0.5879991217339482,0.3237493161509939
0.5101784762084001,0.3025237482109405
0.5667325366205578,0.3193395261962523
0.5994165804083939,0.3270870519062119
0.25648505379379566,0.20411580395775886
0.18236567234402937,0.15414371052326192
0.26533044760202007,0.2213681400964849
0.1924657319406543,0.19283713065246103
0.30159028888679773,0.22930355159398988
0.1810482732662087,0.1452909742983295
0.3317963677425426,0.2346251402235841
0.1823656723440294,0.17779521554368066
0.23634766788996586,0.19504202562983183
0.13459427245067598,0.10638203811871066
0.53028449546752,0.30982366366233616
0.3330824001756532,0.23529379258514266
0.3493930554248612,0.2545244555456701
0.14466296540259088,0.1421963848564055
0.3444057589159688,0.251435392156321
0.32056710893635715,0.2333099397107664
0.40350051754963767,0.2775404645199795
0.33559173175245444,0.23993567674802857
0.5114645086415106,0.30540282160244475
0.4712524701232709,0.3005288432314145
0.40086571939399646,0.270887097219843
0.39085975973150155,0.2704505390664287
0.3381010633292557,0.24236713988096883
0.4310090649603212,0.2790711810832169
0.44487312192214806,0.29809185404589944
0.23261503716947401,0.19327921485845018
0.6822245224428344,0.3365918623349784
0.761331200401493,0.35229690375274236
0.24760829334086137,0.2012256784611049
0.25011762491766254,0.20144672056409943
0.36818167560616044,0.2573924768320246
0.520247169160315,0.30695011632340674
0.6332298234057903,0.33569664181785025
0.5114017753520905,0.3034023905703439
0.683479188231235,0.34698084117572303
0.549073115648819,0.31003917971275585
0.4435557228443273,0.2799553494951951
0.5892537875223487,0.32441244245997763
0.5628744393212257,0.31733356911157656
0.3820770992126972,0.2602826023286786
0.2878516985038111,0.22400959322727
