0.3631899152775913,0.15569673115214133
0.4050494272934758,0.16955028228162175
0.35017417909709514,0.14798591559264984
0.2523159107128978,0.1119151755841234
0.38014146310441566,0.15604464889981223
0.4016365062428897,0.16445238889908262
0.42539976399262297,0.1699423022789974
0.476855025049286,0.187235828885449
0.5187074709760389,0.19603613335431364
0.4757315168773539,0.1864958911404025
0.44180015686717866,0.17769613114375646
0.2370390260102741,0.10403012891468719
0.26758572932638974,0.11413716670813731
0.2234509366101144,0.09004644892496683
0.4400972293864515,0.17547414001974257
0.39033076363225244,0.16157757558499455
0.3145257594279294,0.13922807995683423
0.29416835663965063,0.1328245421941468
0.3026547296867602,0.13565634220296727
0.3190621886504476,0.14040522889339832
0.2868266900318681,0.13217172000407265
0.2805943994177542,0.1253320599943048
0.3003865150755011,0.13391348663130137
0.3105687495142064,0.13879250218197242
0.33545551543587165,0.1469824532938119
0.2760650362843677,0.12315362664777711
0.3224539114336388,0.14314936887502783
0.2822831947202182,0.12772719328382628
0.3275485616975572,0.14458732000429045
0.4350096452116647,0.17347048225537817
0.47120215374396734,0.1845352466813057
0.42708149320595534,0.17107371554920095
0.4282261996452823,0.17268644226062688
0.4581934836526028,0.18348931554941872
0.4989224214074236,0.19215949115804343
0.45593233513047526,0.17882863335839722
0.25119240254096564,0.10956360007208811
0.2664692872435893,0.1135284467677679
0.5260491375838215,0.1964276088794707
0.5158598370559847,0.19342103328848698
0.5045752927127423,0.19263862671039142
0.43387907095060096,0.17303490448051634
0.46837571809130796,0.18418678446141626
0.43614021947272846,0.17473365780247746
0.5548717151518148,0.20117486215324604
0.6742250266744865,0.2297983111560724
0.3541382550999498,0.1500772333842052
0.3552758954501452,0.1528219178380533
0.6148486797012455,0.2166857867160757
0.57469916125522,0.2092798755989875
0.5724380127330925,0.207014871169706
0.526077401940348,0.19913036897248837
0.5481165339419591,0.20074146226725856
0.4847831770549954,0.18932769114922296
0.5882731184771164,0.21516072003184075
0.5119169593205248,0.19281231334811758
0.6267197094424148,0.22125935335212485
0.5418842433278453,0.20056614221287666
0.5848743296047935,0.20997680003876643
0.6295461450950741,0.22152070001704197
0.7437624098190375,0.23049578006806995
0.7697726839126349,0.23232575119470816
0.533977289589531,0.19921639558302356
0.38523611336833397,0.1579617355814228
0.3846708262378022,0.1574826000290748
0.40390472085414886,0.1689829422298642
0.3959836349375711,0.1629714244645524
0.39881007059023044,0.16358123334935898
0.5566029069890687,0.20374749338602374
0.48251496244373626,0.18784618224247415
