0.31909751909610584,0.1669781955210626
0.33833141371245257,0.17346939331094102
0.32362688222949243,0.16697873999328122
0.32419216936002426,0.1684597044278114
0.3575582422396676,0.1794373532987666
0.408462348344062,0.1949896577502081
0.358695882589863,0.18061395776311215
0.37397276729248663,0.18466592001376425
0.3400343411931798,0.17503801777266215
0.36265995859271766,0.18248748666723655
0.3315550342352019,0.17098714446644714
0.34794836102062593,0.17656253998467852
0.38075621285886896,0.1875407333278523
0.32645331788215176,0.16898239775764562
0.33550497805979324,0.1719884288764108
0.4062011998219345,0.1940313866455121
0.497247758283223,0.217642424404116
0.48820316419471316,0.21751175107165746
0.5006394810664141,0.21825223328892254
0.5198733756827608,0.2240029488615358
0.5300556101214661,0.22613782443057734
0.5419337059517668,0.2280984688896741
0.504038269938737,0.220125762193047
0.2003236268822295,0.1213683022430622
0.1878943760996601,0.12071548005298804
0.24841542951222786,0.14502344225137084
0.2139117162823892,0.12550792452090528
0.25632944933967394,0.14785469778797272
0.40790412730266173,0.19403193111773068
0.4084552822549304,0.19472776661307245
0.397149539644293,0.19185295329898439
0.3541665194564764,0.1786533133040153
0.4774556426254761,0.21467995106283697
0.46444697253411155,0.21071564883937577
0.5272221083796751,0.22452564219137
0.41016527582478923,0.19581779999466417
0.518742801421697,0.22313179331181215
0.5125246429858465,0.223088235534326
0.24219727107637737,0.14310690004197882
0.22692038637375372,0.13422002449036038
0.26085881247306053,0.14868284003242876
0.39941068816642045,0.19198362663144292
0.36999455911136864,0.1842722665997329
0.4163763681715081,0.1982129332841856
0.4650193257537751,0.21184869552623514
0.3994177542555522,0.19285532665338517
0.4028094770387433,0.1937264822031088
0.43674083704891853,0.20256979997724106
0.40223712381907983,0.19302901329111133
0.46388168540357966,0.21058497550691724
0.5113870026356512,0.221563168850091
0.4978130454137549,0.21820867551143636
0.5029006295885415,0.21860069550881203
0.565117544392705,0.22927507335401964
0.558885253778591,0.22840282885985883
0.420898665215763,0.19973745549620203
0.43729905809031877,0.20435512438195594
0.42542802834914967,0.20156742662284027
0.41073056295532107,0.19808280442394566
0.4175210746108351,0.1984753688935399
0.38527850990312384,0.1898057377571338
0.4491771539206196,0.20827586882793098
0.3762339158146141,0.18505794001113993
0.30892235074653235,0.16523588442161533
0.2942107531744405,0.1590931488516264
0.3326714763180023,0.1715087488518442
0.3513400838038171,0.17782571553177784
0.349071869192558,0.17691045773234942
0.3134517138799189,0.1667173933283641
0.36151525215339064,0.18078764440083828
0.3304103277958748,0.1707247088570929
0.39263430868916976,0.19167926666125823
0.289137301177917,0.15695990669924062
0.281223281350471,0.1558274044845999
0.26538817560644706,0.14968521338682952
0.27612863108655256,0.15155819781873542
0.26933811943103847,0.15125274890411355
0.2201298747182397,0.13408880668568326
0.27896213282834353,0.15521759559979334
0.30271125839981344,0.16292786668706621
0.28630379943612605,0.15695936222702206
0.2925290239611082,0.15809240891388138
0.3298521067544746,0.17059457999685293
0.48593494958345407,0.2171627443795494
0.23257325767907236,0.13940340001121612
0.2551918089894786,0.14554559110898646
0.377922711117078,0.18727884219071664
0.33890376693211605,0.17455888222031413
0.4599246754898566,0.21028007106451396
0.4667151871453707,0.21306831329584822
0.4350379095681913,0.20209011995267448
0.436168483829255,0.20222079328513298
0.3903731601670423,0.19128724666388258
0.4718027713201574,0.21428793106546135
0.44635071826796024,0.2070126932808317
0.454271804184538,0.21006228217708306
0.44408956974583275,0.20583663328870475
0.35869588258986296,0.17982991776836083
0.34738307389009404,0.17551715332501017
