0.39857198343897465,0.12523290340002935
0.5841177232171142,0.16074731011782223
0.48730789678834013,0.1535363318278567
0.42789260125447287,0.14012864056395014
0.4988747207461827,0.15457264810191262
0.419014326994857,0.13102135863670267
0.4479492921897081,0.14018384671245024
0.4483376994719314,0.14093365803894056
0.4498858192776726,0.1469096251723027
0.450274226559896,0.1498314558648894
0.41515504612680815,0.13066846455477818
0.4193999796155043,0.1341966965932294
0.4668600439093055,0.1513089488064171
0.3993460433418452,0.12902574693485777
0.39046501442065346,0.12417422115425583
0.3904705237438056,0.12497923862924631
0.3615328038873784,0.11591590111121866
0.5497836213332012,0.15889471462949548
0.5848917831199849,0.1623240323704914
0.5459243404651523,0.1559398074998616
0.5833436633142437,0.1602621102877091
0.3673148385355117,0.11981884192936117
0.37348803512744444,0.12023788888538
0.33837711867908477,0.10882604558358294
0.32371680977133555,0.10692950568603642
0.3457072731329593,0.11068943029066078
0.3723310772655025,0.12013865957423854
0.3545855473925751,0.11428397271004934
0.3815839854994615,0.1205244725863671
0.3491781467187849,0.1125858126813642
