0.22888240644898217,0.23130398262609075
0.28794579843794116,0.2591718657611308
0.2665851133904207,0.2514298661037462
0.31683447821586525,0.2742082548173363
0.24522442834290017,0.2410353612104266
0.4850851604403877,0.31578627439061463
0.27411310812082434,0.2560717502666321
0.21134845205608357,0.22092052983792088
0.24146043097769834,0.23661451915053522
0.19124243279696373,0.2151679091074873
0.3117844484175528,0.2646979183359951
0.22009974593017784,0.22400959322727
0.2628211160252188,0.2489984029708059
0.5127191744299112,0.32662286348992325
0.5089238104199993,0.31799669542056025
0.21257175119977417,0.22356750902128086
0.2590257520153069,0.24258265593138856
0.23393243624729462,0.23396201391460042
0.29167842915843295,0.26005050812053426
0.4675198394027791,0.31003917971275585
0.18744706878705186,0.20875216206806996
0.4060098491264389,0.298760506407458
0.22013111257488788,0.23020429816369276
0.1987704275273674,0.2198097932703732
0.2565477870832157,0.2410408872630014
0.40974247984693085,0.3018495697968071
0.373325805338603,0.2910129806974984
0.26031178444841757,0.24347235039594167
0.3947178570308334,0.2967711274805069
0.3318904676766727,0.27730284425926033
0.24271509676609895,0.23860389807748633
0.28540510021642984,0.25739800288459946
0.2992691571782567,0.2642613601825808
0.37461183777171364,0.2910185067500733
0.3620651798877074,0.28880808572012756
0.3934318245977228,0.296765601427932
0.43113453153916126,0.30827084288879925
0.4160785420783539,0.3045131271378916
0.275399140553935,0.25607727631920696
0.1924657319406543,0.21582550936389613
0.3406731281954769,0.28106056001016794
0.1359116715284966,0.18154740524201346
0.14598036448041155,0.19061565751736562
0.16608638373953138,0.19835765717475035
0.18117373984504875,0.2060996568321351
0.13465700574009598,0.16629550013538827
0.16988174774944326,0.20477340421416773
0.4725071359116715,0.31202303258713204
0.3519964869357925,0.283055464989694
0.5729431322731408,0.3323699581677821
0.5603964743891346,0.3317068318587984
0.6294658260405885,0.3456435364526059
0.5566324770239327,0.3281701582108853
0.5842978576581663,0.3405595680837308
0.3130391142059534,0.26779250777791896
