0.2303121091569449,0.13239059783594073
0.24728485525116414,0.14393449781421627
0.2387984822040545,0.14092846669545112
0.2568947364702058,0.1461995022434978
0.26538110951731547,0.1495539955821524
0.2682075451699748,0.14955399558215243
0.41073056295532107,0.19886684441869693
0.41299171147744856,0.19956376885847588
0.40054832851661587,0.19603504440987649
0.40451240451947057,0.19681962887684637
0.3943301700807654,0.19398782886802593
0.3898008069473788,0.1927676666261942
0.42939210435200426,0.204224995521716
0.35304301128454435,0.1816593444227805
0.42317394591615376,0.20239556886729632
0.37962563859780524,0.19015419997702326
0.3304244599741381,0.1754300377700378
0.339469054062648,0.17782571553177784
0.26990340656157036,0.15090428668422406
0.2874414397863214,0.1597040466808701
0.3683128298980363,0.1866254755284239
0.3598335229400583,0.18427335554417001
0.3400343411931798,0.17808706219669493
0.3632252457232495,0.1848831644289766
0.3507818627624169,0.18135443998037723
0.3824591403395962,0.19063388000158984
0.3700157573787636,0.18710515555299045
0.3886772987754467,0.19246330665600953
0.3909384472975742,0.19316023109578845
0.43165325287413175,0.20492191996149492
0.39206902155863793,0.19368292442562263
0.4316532528741317,0.20461701551909162
0.40394005129980703,0.19664485329468304
0.450314794270815,0.2099751666221107
0.43956727270157786,0.2067077888384284
0.372276905900891,0.18780207999276938
0.3830173613809964,0.19076400886182981
0.4022512559973431,0.1965147244344431
0.4107305629553211,0.19904107552864167
0.4022441899082115,0.19629639107479357
0.39998304138608404,0.1957736977449594
0.33438146988786116,0.1756042688799825
0.3490860013708213,0.18100597776048774
0.32194515301616017,0.17229387779103264
0.27952035386974367,0.15717715111445293
0.5266638873382748,0.22500532221593658
0.5034729828082051,0.21947239553075423
0.5085605669829919,0.22108403329774298
0.35305007737367594,0.18179056222745762
0.3620946714621858,0.18457825998657335
0.350216575631885,0.18131088220289104
0.4124264243469167,0.19912819108361404
0.38188678711993274,0.19045910441942654
0.3428678429349708,0.17895876221863719
0.37906035146727335,0.18971862220216143
0.38358971460066,0.19093878444399312
0.36265995859271766,0.1848396066514904
0.37340748016195474,0.1881069844351727
0.38132149998940085,0.19041554664194035
0.3637975989429131,0.1850579400111399
0.33494675701839305,0.17590917332238581
0.3513542159820804,0.1815292155625405
0.3609640972011221,0.18457825998657332
0.3536153645042078,0.18222614000231943
0.37114633163982724,0.18741005999539373
0.31402406709958236,0.16911361556232274
0.2998848227471541,0.16480085111897208
0.30045010987768594,0.16506219778388917
0.3021389051801499,0.16593280886139428
0.37057397842016376,0.18723528441323045
0.4226015926964902,0.2020030043977021
0.42090573130489467,0.20165454217781262
0.3915037344281061,0.1932473466507608
0.44974950714028306,0.20953958884724888
0.49725482437235463,0.21916749108835096
0.46332346436217947,0.21306831329584822
0.43108796574359987,0.20448634218663309
0.44183548731283695,0.20775371997031536
0.3898078730365105,0.1929859999858437
0.4084694144331936,0.19834415108886275
0.357007087287399,0.18335864221696016
0.43448675461592273,0.20522736887611678
0.4095999886942574,0.19834415108886277
0.4158181471301079,0.19986867330087915
0.36774754276750443,0.18618989775356207
0.4209127973940263,0.20187287553746214
0.2778244924781481,0.15504282001763
0.232580323768204,0.13896836670857288
0.3982871799944884,0.19551235108004228
0.3813214999894008,0.19019775775450945
0.4378714113099823,0.20644644217351132
0.4079041273026618,0.1974729955391391
0.41638343426063973,0.20034780885322714
0.3852785099031239,0.191765837744012
0.35926823580952644,0.18405556665673914
0.3468248528486938,0.18052684220813975
0.43617554991838664,0.20557528662378766
0.3694504702482317,0.18688736666555955
0.3977218928639566,0.19512033108266666
0.3128934928385187,0.16859092223248856
0.35756530832879924,0.18348877107720019
0.30667533440266814,0.16706640002047216
0.2964930999639629,0.1642346000116517
0.33607733127945677,0.17725946442445745
0.3784950643367415,0.18963150664718906
0.3174157898827735,0.17168352443400753
0.3061029811830046,0.16689162443830885
0.32816331145201066,0.17495090221768977
0.42655860261021333,0.2029612755023981
0.3536082984150762,0.1819206910876976
0.3524777241540125,0.18161578664529432
0.3570000211982674,0.18314030885731072
0.334946757018393,0.1756913844349549
0.30384183266087716,0.1662818155535023
0.38753965842525134,0.19224497329636003
0.35643473406773557,0.18283540441490745
0.282346789522403,0.15922436665630355
0.3247645225796878,0.17373073997585808
0.2993124695274906,0.16449540220435022
0.34625956571816197,0.18009126443327791
0.31458228814098255,0.17020201552725872
0.31628521562170986,0.1709865999942286
0.32702567110181524,0.17434054886066466
0.3372079055405205,0.17756436886686075
0.365486394245377,0.1858849933111588
0.35417358554560807,0.18235626886255943
0.31911165127436913,0.17203198665389696
0.3411719815433752,0.1786974155537201
0.3406066944128433,0.1784796266662892
0.3072406215332,0.167501977795334
0.3298591728436062,0.1752122488826069
0.3479554271097576,0.18083174665054305
0.45540944453473337,0.21110821330897
0.47067926314822534,0.21333020443298392
0.506871771680528,0.219516497780459
0.37000869128963193,0.18701749552579955
0.4729404116703528,0.21507251553243123
0.3892355198168469,0.1925934355162495
0.41582521321923954,0.19986921777309774
0.3456942785876301,0.1798299177683608
0.38414793564206023,0.1910689133042331
0.33834554589071586,0.17778270222651024
0.35813766154846277,0.1836635466593635
0.37679920294514596,0.18923948664981344
0.3965913186028929,0.19459763775283248
0.3971566057334247,0.19481542664026338
0.4073317740829983,0.19742889328943436
0.41016527582478923,0.19860549775377986
0.4050706255608708,0.19694975773708634
0.4180792956522354,0.20069627107311663
0.43674083704891853,0.2057495177337324
0.4186445827827672,0.20095761773803372
0.31289349283851864,0.16854736445500237
0.32250337405756035,0.17251112220624498
0.2891443672670487,0.16088065114521566
0.3077988425746002,0.1685032622052976
0.32080751266596474,0.1722497755413279
0.2930943110916401,0.16236107110752726
0.3355120441489249,0.1761705199873029
0.4276962429604087,0.20335383997199236
0.3140240670995824,0.1692442888947813
0.4067664869524664,0.19725466217948961
0.47972385723673516,0.21781665551406074
0.4604970287095202,0.21280696663093115
0.40167890277767965,0.1960350444098765
0.2738674825644251,0.1542587800228787
0.259162951081465,0.14885707114237348
0.2863108655252577,0.1595298155709254
0.27047575978123384,0.15369252891555835
0.4039400512998071,0.19681908440462778
0.3677475427675045,0.1863641288635068
0.43730612417945036,0.20622865328608042
0.3954536782526975,0.19437930439318296
0.36887811702856815,0.186886822193341
0.4531482960126059,0.21028061553673252
0.44522721009602817,0.20827641330014957
0.4169487213911716,0.20056559774065805
0.4395743387907095,0.2069261221980779
0.4288268172214724,0.20365874441439563
0.44805364574868745,0.20927824218233176
0.4491842200097512,0.2092782421823318
0.4446619229654963,0.20784083552528773
0.41920986991329906,0.20139319551289553
0.3762268497254824,0.18871624884776067
0.2981889613555585,0.16445238889908262
