0.462232212461538,0.15234534383389456
0.41979389622087987,0.14317167277228823
0.44757741287694097,0.1518050953621244
0.4329143493076159,0.14935720276037048
0.5494172513435862,0.16839922881499492
0.42906057776271894,0.14810037690600017
0.4213447706881971,0.14547623414683783
0.3665573066020974,0.13159444728525535
0.48268832932530076,0.16630407278832243
0.3681109357309908,0.13368960331192792
0.5370708581597209,0.16657986727055843
0.4657085953705158,0.15395522127703243
0.40668170711887197,0.14234476184610936
0.3792921070681861,0.13765869700416475
0.47496701292762683,0.15699833223879206
0.403984893435917,0.14188177048087078
0.5621382785017948,0.17176184240794573
0.3561446858446206,0.12547530643153207
0.27203935860459866,0.10482363919403434
0.3295208817120773,0.12088831339388578
0.34765481886722804,0.12543104700862612
0.309455926792114,0.1100279015497177
0.2951840251665882,0.10922296282814878
0.4672567151762571,0.15402153165796983
0.3106156393156319,0.11729377097449722
0.36655455194052144,0.1262139347721636
0.32334493045856855,0.1173269261649659
