0.47645292999102334,0.28269866452607145
0.5295798303105183,0.3122479657403796
0.3885676779181668,0.2561747210347556
0.4542234148319032,0.2807940901397571
0.274514724761344,0.19856039924119936
0.527610737348095,0.2944365981196587
0.31706257661605586,0.22244520088905378
0.4378046543952278,0.2690523701159783
0.4387698960434745,0.2701882991734223
0.4532774780166215,0.27512201771292044
0.3653439638613527,0.2428994967834275
0.4262121021997857,0.26715536859004696
0.3788573469368057,0.24592864093661132
0.29964961728168654,0.20387654723003695
0.49865348790069597,0.29102881094732697
0.3885773303346493,0.2656445829436465
0.3788863041862531,0.25086235947610946
0.37886699935328816,0.25009750057743063
0.3827279659462747,0.2550198598263543
0.32382892057026474,0.23380827789368458
0.40592272275364144,0.267147795729664
0.3025646470593914,0.21297155254997138
0.3730658970473258,0.24517135489831537
0.3354021679327419,0.2406200658081567
0.31221706354185774,0.21448612462656327
0.27354948311309735,0.17243403091998893
0.24068300499029932,0.1538615908307806
0.2590225963069855,0.1655995244243679
0.23678342873138283,0.1436230835930193
0.5218385922915801,0.29255095588430186
0.4889721141687822,0.28723102146527274
