0.4648507253790987,0.2690599429763613
0.4252565129680215,0.2554212214266512
0.446520786478895,0.266034585253369
0.4619550004343588,0.26830265693806543
0.5131514174573605,0.28005573625241853
0.47548768834277666,0.27626173320055586
0.4436057567011902,0.25845415201002647
0.45905927548961883,0.2671667278806214
0.46969623845329683,0.27171801697078013
0.4223125259408694,0.25199450210336194
0.2976901767357458,0.19364182642246716
0.3392341772762812,0.21410369517722386
0.3112228646441637,0.2072805479721773
0.29671528267101666,0.18757975168590804
0.2967249350874992,0.18871946717354343
0.32764162508083905,0.20728433440236876
0.27642590322487237,0.17734881730852967
0.30445652068995477,0.19667475700584244
0.2899489387168078,0.18227496298764487
0.5942317159100783,0.2842208094630463
0.43682976033049875,0.2569320070730515
0.306387003986448,0.20008254417817423
0.34407969035047936,0.22244141445886229
0.3469850677117016,0.22547434504223762
0.413635003523132,0.2512410024952575
0.39915637879943244,0.24972643041866555
0.3634038281483769,0.23418692091283255
0.3894943099004836,0.24442164172040237
0.3807974826497814,0.242524640194471
0.36147334485188365,0.23002184770220482
0.3518112759529348,0.22812484617627343
0.38079748264978136,0.23835956698384325
0.5526973677860252,0.28383080715332387
0.5536722618507544,0.2838345935835153
0.33246783332207225,0.2114494076129965
0.2676904663082403,0.15839773420017342
0.26576963542822946,0.14931408817081343
0.24256522620438023,0.13226000658838852
0.25610756652928063,0.14552387154914218
0.27640659839190745,0.16181688066307962
0.2532021891680582,0.14173365492747092
