0.28798552864945837,0.13696525341642704
0.2201016103617131,0.11091389117415978
0.19691070583164338,0.09810681564878493
0.3190763208287109,0.1471142155707076
0.28457967368800385,0.12955934229933885
0.41012287928999935,0.17368718219837193
0.34791303057496775,0.15073005557427935
0.20367295313063077,0.09875854889442194
0.3626175620579279,0.15826609555160753
0.2862543368122045,0.12990617110257258
0.3399919446583899,0.1490307577800997
0.4502865299142883,0.1865389044456701
0.6063835049215311,0.22561622004518028
0.6137463697967086,0.2277516400864404
0.5583129005589277,0.21446379559206183
0.5854749471809837,0.2205640623290017
0.357529977883141,0.15735138222439773
0.3507324001384953,0.15525951996062376
0.48534139809639565,0.19468475330780483
0.4106952325096629,0.17503801777266215
0.46781043096077607,0.18993641108959236
0.4779997314886129,0.19451106667007867
0.48647197235745926,0.19485898441774957
0.44689480713109714,0.18505794001113987
0.26478049194112535,0.12498468671885252
0.2868337561209997,0.13090908892919195
0.609217006663322,0.22740263339433237
0.5882801845662479,0.22478753332850565
0.57980087760827,0.21864588670295393
0.49326955010210494,0.19908517777834644
0.5113658043682562,0.2038335199965589
0.5209898177655613,0.20596894003781904
0.280036178376354,0.1268135689010536
0.48873312087958676,0.19647062218473832
0.5498265275118179,0.21285161335285446
0.5605740490810551,0.21755639779358077
0.5249468276792842,0.21280751110314972
0.3891931232820571,0.16405982442948838
0.35528296153927685,0.15530525562698425
0.37282806085315956,0.16388777120841794
0.33605613301206183,0.14850969786692117
0.25288119784342955,0.11975557553163628
0.24609068618791557,0.11361338443386597
0.2760650362843677,0.12507016885716915
0.4887401869687184,0.19660183998941544
0.4695133584415034,0.1934651355381917
0.5136198868012521,0.2047912466290364
0.5147504610623158,0.20531393995887057
0.4163622359932448,0.18375066221433584
0.4966754050635594,0.20270156225413677
0.398817136679362,0.16789399779270964
0.4536782526974796,0.18845544665506214
0.39936829163163073,0.17216157104191834
0.34224602709138574,0.1506418510748698
0.36882865440464674,0.15861401329927838
0.3931430671066485,0.16606293772163425
0.37054571406363723,0.16027084226040908
0.6420036602341701,0.2326295666926743
0.19575186721405305,0.0820753756449954
0.23423378862500974,0.11191572005634198
0.30608178291560967,0.14206205785452902
0.26083054811653394,0.12376561342145799
0.35584118258067704,0.1562629822594617
0.3688710509394365,0.15866083791007607
0.30947350569880083,0.14288965562676645
0.7047646639014704,0.2349827756213653
0.6974159312045561,0.23472142895644824
0.6798778979798051,0.2331087022450223
0.7177662679037032,0.24164711557675125
