0.15473165835450586,0.14021253198202926
0.2137636836987548,0.16873801537347824
0.28913773093692174,0.21384718254209473
0.46366174210344724,0.2823923386807103
0.379536400991186,0.2485618448173916
0.14968162855619335,0.1313653218096717
0.3230137072237383,0.21848906670498064
0.3945610238072834,0.24988257138278416
0.6533044760202,0.32818121031603503
0.206172955678931,0.15214880554373594
0.5340484928327217,0.3226441056360211
0.5025877481885762,0.29035538044108955
0.4247984693077381,0.2801874437033394
0.4913584893823908,0.2890401799282719
0.324299739656849,0.22844148739231104
0.4699664376901604,0.2843872436602362
0.2175276810639566,0.1926105624968916
0.4146984097111132,0.2567459286807655
0.5290298296791193,0.301203021645548
0.4134123772780026,0.25099330795033187
0.33182773438725266,0.24833527666182217
0.5127191744299112,0.29744530589464035
