0.022646717480631094,0.02299943081658479
0.01885135347071924,0.012162841717276099
0.14202816724694958,0.08580854438249126
0.9522913333960668,0.42263250092561383
0.2690317116778019,0.20919977232663392
0.781468586305323,0.4020424290316698
0.8165992283805402,0.407568481606534
0.738747216210282,0.39274760860074825
0.2640444151689094,0.19174297224263795
0.7626485994793137,0.39717950276578934
0.7199272293842727,0.39075822967379714
0.7676672626329162,0.4004951343107078
0.3017157554656379,0.2489984029708059
0.3431824597722782,0.26448240228557535
0.6445531821461058,0.3717320306585397
0.6269878611084971,0.3701847359375778
0.7576299363257112,0.3967374185598002
0.696057212759951,0.3852266510463581
0.15586085756406637,0.09200324931891403
0.6973118785483516,0.3863318615613309
0.6671998996267369,0.37947955636849934
0.6458078479345064,0.3737214095854908
0.08676013926790252,0.07894518708450993
0.6119318716476898,0.3639955570537299
0.6873059188858567,0.38059029293604707
0.3117530817728428,0.2503246555887733
0.6194598663780935,0.3664270201866701
0.2362849346005458,0.1727057211222308
0.6985979109814623,0.3863373876139058
0.7513566073837081,0.39651637645680565
0.8869859791098147,0.40980100684677917
0.6332611900505003,0.37151098855554515
0.6182052005896929,0.36465868336271356
0.6596719048963332,0.3770480932355591
0.23380696966845457,0.16011184730411523
0.6847652206643455,0.3805847668834722
0.43107179824974123,0.30251269610579085
0.8894953106866159,0.4135587225976868
0.6784918917223425,0.38058476688347215
0.9032966343590227,0.41466393311265964
0.7450519117969951,0.3960687661982416
0.4473824534989493,0.3082597907836496
0.07672281296069759,0.05153596631318351
0.7123678680091591,0.3892054089002603
0.046548100749662806,0.04179906167627279
0.15589222420877638,0.12671238554163605
0.5441171857846365,0.34630113670901475
0.6885292180295473,0.3839003984283907
0.8065619020733353,0.4055791026795829
0.41099714563533135,0.2954393488099647
0.47002917097958036,0.31578627439061463
0.5503905147266397,0.3476273893269821
0.477557165709984,0.3230806637894354
0.6458078479345064,0.3717320306585397
0.5704651673410495,0.3535955261078355
0.18230293905460934,0.1333547007366228
0.5126878077852012,0.32949088477627786
0.36576644396348923,0.27818701267123863
0.5541545120918414,0.3478484314299767
0.559173175245444,0.34961676825393323
0.2589630187258869,0.18156398339973806
0.1986135943038173,0.15744828996303073
0.26140961701326815,0.18707898386945257
0.4763024999215834,0.31954399014152224
0.6470938803676171,0.3737269356380657
0.5830745585144756,0.3536065782129852
0.14827012954424268,0.09110802880178602
0.4537185157303723,0.3142389796696527
0.6659452338383364,0.3783743458535265
0.5013958156895957,0.32750150584932675
0.5114958752862205,0.32883881057244385
0.4725385025563815,0.31843877962654943
0.395941156174524,0.2949972646039755
0.5692105015526489,0.3516061471808844
0.5264891314576079,0.33457485314515295
0.4637558420375772,0.31578627439061463
0.5353345252658323,0.34165925254612883
0.49386782095919196,0.32484900061339195
0.49512248674759257,0.32639629533435394
0.18606693641981117,0.15479578472709588
0.5956212163984819,0.36222722022977333
0.5303158621122298,0.33701736838324287
0.5855211568018569,0.35669011554975943
