0.15473165835450584,0.14772796348384457
0.17737837583513696,0.1789059521112284
0.1760296101126063,0.16010079519896553
0.17223424610269442,0.1488221218936677
0.3104670493397321,0.2525295505661441
0.3631943790972679,0.26314509756245824
0.18612966970923117,0.18376335232453403
0.3770270694143848,0.2686766761898973
0.45870581223926477,0.2998657169224308
0.39845048775132524,0.2801874437033394
0.6206831655217843,0.34785395748255155
0.36956180797340116,0.26316167572018284
0.2841818010727393,0.2264576345179348
0.542831153351526,0.3248545266659668
0.43734512719174434,0.298312896148894
0.6031492111288856,0.3445438519902079
0.6985038110473323,0.35183824138902864
0.5805024936482545,0.3367963262802483
0.5302531288228098,0.32241753748045165
0.4787490982089645,0.3036179066207636
0.33185910103196264,0.25740352893717433
0.4336438631159625,0.2945662325031361
0.3821084658574073,0.27134023353098186
0.5014271823343057,0.3091605373533524
0.11320222075844545,0.11521267013334366
0.2301684388820928,0.22335199297086117
0.08807753834572316,0.1034919126220567
0.17355164518051505,0.15900111073656756
0.16100498729650892,0.14861213189582284
0.075530880461717,0.09000834433938805
0.1949123302280355,0.19437337326827328
0.12201624792195978,0.12008112245179903
0.12581161193187165,0.14020147987687956
0.22756500737116153,0.20366266764662003
0.17991907405664817,0.18156398339973806
0.3067030519745303,0.23418305601759498
0.4147925096452432,0.28660319074275675
