0.308414011447766,0.27016936702246486
0.29876159496529964,0.26524700777354115
0.3151803554019749,0.2732022976058402
0.3287130433103928,0.2826759459449226
0.3035781507900503,0.26902965153482944
0.3422167739693633,0.2894877338593947
0.297777048484088,0.26448214887486227
0.4146871169197209,0.31261524946895314
0.3393307014411058,0.2879769482129943
0.3364349764963659,0.28646237613640235
0.3470526346270789,0.2913847353853261
0.2571982895917993,0.2425057080435136
0.26783525255547724,0.2508434273251521
0.29681180683584135,0.2641035058557143
0.28327911892742347,0.2572803586506677
0.31709153386550326,0.2754665828603451
0.276522427389697,0.2538725714783359
0.24173511838688813,0.23038155857039536
0.23206339707145682,0.22280112532705287
0.36444628912848337,0.30199431278185246
0.37314311637918557,0.3023767422311919
0.3750735996756788,0.30275538525033985
0.35189814770127703,0.2948000954180408
0.31130973639250586,0.2720625821182048
0.27459194409320375,0.25197935638259605
0.2929508402428548,0.2629675767982703
0.28715939035337495,0.2610743617025305
0.2649298751942549,0.24667456768433282
0.2591287728882926,0.2443989231392535
0.24465014816459296,0.24023384992862573
0.26492022277777244,0.24591349521584538
0.3025936043088387,0.26712886357870663
0.30743911738303686,0.2690296515348295
0.30935994826304763,0.2712977232195259
0.28424436057567015,0.2580376446889637
0.3084043590312835,0.2701655805922734
0.2861844962886459,0.260313289234043
0.265904769258984,0.24857156921026424
0.28232352969565927,0.2557695730042673
0.23206339707145685,0.22317976834620087
0.22143608652426136,0.21749633662878973
0.23882974102566576,0.22924184308275997
0.24366560168338142,0.2334107027235792
0.2340035327844326,0.22772727100616807
0.22337622223723708,0.2224224823079049
0.2658951168425015,0.24856778278007272
0.2794181523344369,0.2546298575166319
0.2765127749732145,0.2531114990098485
0.3151900078184574,0.27509929913177156
0.34320132045057483,0.29063123577722155
0.3412611847375991,0.2883555912321423
0.326772907597417,0.2815362304572872
0.32001621605969055,0.2781284432849554
0.3296782849586395,0.2845691610406625
0.3229119410044305,0.2804003013998433
0.4243491858186698,0.31602682307147645
0.39438808505709405,0.3110893181017868
0.3779693246204187,0.30389131430778377
0.40985125626200525,0.31109689096216975
0.34028629067287003,0.2883518048019508
0.35381897858128786,0.2955535950261453
0.422409050105694,0.3137511785263971
0.38570091022287434,0.30881745998689897
0.3557494618777811,0.29668952408358923
0.3615505641837434,0.3004797407052605
0.37797897703690125,0.3065456018720111
0.4726498778969315,0.33611004880708517
0.4765204969064005,0.3372497642947206
0.4301406357081496,0.32359968345443596
0.465893186359205,0.33497411974964125
0.4272545631798921,0.31905975365485173
0.46298780899798264,0.33269847520456186
0.42627001669868053,0.3182948947561728
0.4388471153753342,0.32663640046800274
0.4571963591085028,0.3319411891662659
0.4620322197662185,0.33232361861560544
0.5122440903080085,0.3436904820504277
0.5035569154737888,0.34293319601213174
0.48618256580534946,0.3425545529929837
0.5103136070115153,0.3433118390312797
0.5354291946988929,0.3501349862363262
0.515149467669231,0.3474806986720989
0.4803814634993871,0.3387643363713125
0.4504300151542939,0.32701504348715077
0.4533353925155163,0.33118390312796997
0.4610573257014894,0.33231983218541394
0.2146600901535699,0.20840133130885524
0.21562533180181656,0.2084013313088553
0.23980463509039485,0.2296242725320994
0.21465043773708745,0.20612568676377596
0.20981457707937182,0.20157818410380873
0.2166002258665457,0.2133274769879705
0.31324987210548166,0.27206636854839633
0.3277478016621462,0.28154001688747865
0.35769925000723934,0.2985903120397121
0.34706228704356135,0.29290309389210945
0.34995801198830123,0.29403902294955336
0.3441665620988214,0.2906312357772216
0.32967828495863943,0.28381187500236654
0.3364446289128483,0.28646616256659385
