0.6350403971120128,0.1733388796743011
0.40050851052693925,0.14036009686985867
0.3133152076601629,0.11689685372993136
0.3179485484310826,0.11858390952617927
0.2535059955209203,0.090919880127842
0.4641714942110788,0.15966657691401728
0.38546805832169495,0.13867319858045385
0.41015533536627363,0.1456194078671991
0.33839640131011706,0.12685325504823217
0.2442503326253853,0.08474561187904012
0.5798810537131462,0.16921503550873648
0.31176984251599776,0.11319221402722868
0.3063762151500877,0.1129057090796631
0.606110941240314,0.17311821258714363
0.5802722156569455,0.16989877271455406
0.5150831494596732,0.1615631168115638
0.5887538186496099,0.17017433093652545
0.28322328460337004,0.1042282633271856
0.2751163155850488,0.09481226798749806
0.4205707107853265,0.14892713032533592
0.5235647524523376,0.1632719873055785
0.40937852080182685,0.14136341546028894
0.29402706730464634,0.11290547281939849
0.3800606576479047,0.13402021017555635
0.3522964236228759,0.13378875386964786
0.3291407384145821,0.12328099984713961
0.6280986499403617,0.17320657392611244
0.5278151952641859,0.1660837207148511
0.39780894218240825,0.1387173004965167
0.5501830472617287,0.16818958720685317
0.43638797755501746,0.15163955567004558
0.3850768963778955,0.13829817478707634
0.28670242217392383,0.10727153179578827
