0.11445688654684609,0.139085217256757
0.8543019353219786,0.4126635020805588
0.10194159530754995,0.12737551185061974
0.03400144286565666,0.050861787899050076
0.9510053009629561,0.42262697487303896
3.136664471001537e-05,0.022330778455026224
0.8593205984755812,0.41531600731649365
0.10696025846115242,0.13201739601350565
0.09817759794234812,0.12604925923265234
0.7777359555848311,0.4000585761572936
0.7412879144317932,0.39164792413835026
0.7852012170258148,0.4007106503611276
0.4436498227784574,0.3133492852050996
0.493899187603902,0.3133603373102493
0.6659138671936262,0.37947403031592447
0.5089551770647093,0.3323699581677821
0.23010570559267274,0.19681588850636325
0.6207458988112041,0.366432546239245
0.7136539004422697,0.38921093495283515
0.42859383331764994,0.30959156945419186
0.07794611210438819,0.07893966103193506
0.7249458925378751,0.38943197705582977
0.7487845425174869,0.3951790717336885
0.7789278880838117,0.400489608258133
0.4223205043756469,0.30229718005537115
0.3532511527241931,0.26736147567707963
0.16602365045011136,0.18596824730190484
0.6558765408864213,0.37593735666801137
0.5478498165051284,0.34474831593547794
0.6282738935416078,0.37019026199015265
0.6068818418493773,0.36443211520714414
0.1912110661522537,0.19637380430037416
0.7751638907186099,0.39827918722818734
0.5215018349487155,0.33988538966959736
0.5403218217747247,0.34342206331751046
0.5039365139111069,0.32971745293184723
0.49766318496910383,0.3290543266228636
0.6056271760609767,0.362442736280193
0.5893165208117688,0.35824293632329623
0.5943351839653712,0.36222169417719846
0.050343464759574665,0.06855068219119037
0.07292744895078573,0.07275048214808716
0.6646592014052257,0.3783688198009516
0.51020984285311,0.3365697581246789
0.5441485524293466,0.34453832593763306
0.6332611900505003,0.37151098855554515
0.2954110598789248,0.23970910859245917
0.6847652206643455,0.3805847668834722
0.5039365139111069,0.3301595371378364
0.6985979109814623,0.3863373876139058
0.5528998463034409,0.3467432209150038
0.6445531821461058,0.3717320306585397
0.6470938803676171,0.3737269356380657
0.30673441861924033,0.24457756091091454
0.24014303189987768,0.20123673056625463
0.35823844923308557,0.27929222318621144
0.569241868197359,0.35183271533645377
0.6671998996267369,0.37947955636849934
0.5805338602929644,0.3571377258083234
0.40597848248172885,0.2910185067500733
0.539067155986324,0.34143268439055935
0.6898152504626579,0.38390592448096555
0.2891377309369217,0.23263576129663302
0.2414604309776983,0.2319726349876493
0.0806122769047395,0.12428092240869579
0.1446629654025909,0.16606893197981884
0.3845864307894985,0.2815026442161571
0.6583858724632226,0.37704256718298423
0.18863900128603245,0.19592066798923527
0.5905711866001693,0.3593481468382691
0.4009284526834165,0.28570797022562877
0.6194598663780935,0.3664270201866701
0.6772058592892318,0.3805792408308973
0.7249772591825853,0.38987958731439376
0.5616825068222452,0.34895364194494954
0.33185910103196264,0.26359270782102223
0.5792791945045638,0.3553693889843669
0.41855650701044506,0.29876050640745805
0.33060443524356203,0.25099330795033187
