0.9053966660553474,0.43808997315420983
0.8735243868302435,0.4331600410449032
0.8068744510188128,0.4206458892620626
0.7914305846468666,0.4164808160514348
0.7952915512398533,0.4195099602046186
0.8966998388046452,0.4369502576665744
0.8117103116765286,0.42140696173055
0.8146060366212685,0.422164247768846
0.6948388529068255,0.4032018053699152
0.839721624308646,0.42709417987815257
0.8310247970579439,0.4259544643905172
0.7605235470700092,0.413444099037868
0.8870474223221788,0.4354356855899825
0.7228501655389429,0.407753094460074
0.7073966467505143,0.4047201638766986
0.8995955637493851,0.4369502576665744
0.8561403847453214,0.4305057534806758
0.8165365199177618,0.4233001768262899
0.5837684964430847,0.38613636449691585
0.8599916989218256,0.4316378961079283
0.8426173492533859,0.4274728228973006
0.758593063773516,0.4126868129995721
0.8870474223221788,0.43429975653253855
0.8580708680418146,0.4308843964998238
0.6658719510429437,0.3994115887482439
0.7663149969594891,0.41458002809531197
0.6127450507234488,0.38727986641474277
0.8068841034352954,0.420649675692254
0.7711412052007223,0.4157159571527559
0.7469908591615915,0.40965009598600527
0.8918736305634121,0.43619297162827847
0.7788631383866954,0.41609460017190386
0.8561307323288389,0.4278514659164485
0.7344427177343852,0.4085141669285614
0.6301290528083707,0.39031279699811805
0.6166060173164354,0.3884157954721867
0.7643845136629958,0.413822742057016
0.8261889364002282,0.42443610588373376
0.8619318346348013,0.4320203255572677
