0.5427997867068161,0.29766082194506005
0.45864307894984474,0.28570797022562877
0.4875631253724789,0.29500279065655033
0.4599291113829554,0.28571349627820364
0.5679558357642484,0.332817568426346
0.5440858191399267,0.2976663479976349
0.5503591480819296,0.3104867899713198
0.6910071829616388,0.3392443675709132
0.23634766788996583,0.18376887837710887
0.45861171230513476,0.277965970568244
0.18603556977510116,0.09068804880609635
0.542799786706816,0.2958924851211035
0.7173237978733416,0.3396809257243274
0.6808757567203036,0.3354700736622809
0.2199742793513378,0.15568547919164902
0.1961042627270161,0.15523786893308503
0.281578369561808,0.21627311962246012
0.3934004579530128,0.26470897044114483
0.4260531350961389,0.27267201220152415
0.3582384492330856,0.2554196760627981
0.3469150904927701,0.24878288692038616
0.3393870957623663,0.2394991185946143
0.38584109657789917,0.2580721812987329
0.3041937203977291,0.21981531932294807
0.27652833976349545,0.18510065704765116
0.3368463975408551,0.22512585584739253
0.2790690379850067,0.1935057830140196
0.2714783099651831,0.18465304678908714
0.31040431605031205,0.2248882355866734
0.2350302688121452,0.1731478053282199
