0.3889334225843684,0.1338108048276793
0.37118513804986497,0.12668810912326098
0.3480377168262993,0.12277382781241661
0.338393646648541,0.12048044942372578
0.3869996501579799,0.129951729665335
0.38429457249029675,0.12854031084448003
0.36384947427283826,0.12450482801788428
0.4884565906655538,0.15139715263854284
0.3241134810382871,0.10708417740594262
0.2970985149619443,0.0998178354606339
0.5007892105415389,0.1514520437733568
0.5362802702873939,0.1569650982949018
0.5393654912525723,0.15855276727316517
0.582569603411373,0.16492580915793617
0.5304899716545324,0.15683263503987013
0.55364290220125,0.16399959016719431
0.5436104247412685,0.15995308186158286
0.4560645251927575,0.15105544154247713
0.42404158437115214,0.13907035208528432
0.3762041314414317,0.12840824135655607
0.4471945149178698,0.15027263253236117
0.5089071982061644,0.1519597670820306
0.41401186157274644,0.13752670626966226
0.43599681561121806,0.139941364927526
0.4429385627828694,0.14040443504618616
0.4437098680241639,0.1422346645627953
0.5096729941243069,0.15651313240867892
