0.10564285938333176,0.06967247086388781
0.21627301527555598,0.16851697327048368
0.27025501082149245,0.21140466730400476
0.22380101000595967,0.1822215836561469
0.18236567234402937,0.1612170578190881
0.2413976976882783,0.2043313200081786
0.2589630187258869,0.20875216206806993
0.16978764781531325,0.15922215283956212
0.14971299520090336,0.15060151082277398
0.10946959003795365,0.10836589099308691
0.21630438192026602,0.17692209923685215
0.12079294877826918,0.11898143798940103
0.12706627772027226,0.13423334309602622
0.18860763464132244,0.1676217527533557
0.7261064583921457,0.3547117887279581
0.6533985759543304,0.3396919778294772
0.27279570904300365,0.21141019335657962
0.4160158087889339,0.2826189068362797
0.47630249992158336,0.3020816640049514
0.2778771054860262,0.2178314664485718
0.3017157554656379,0.24568277142588735
0.3670838430413099,0.26825117014163274
0.3004610896772373,0.23971463464503404
0.5353031586211223,0.30982366366233616
0.7010131426241334,0.339901967827322
0.706031805777736,0.3412282204452894
0.6394717857030835,0.33701736838324287
0.4838304946519871,0.30959709550676673
0.3607791474545968,0.2578566652483132
0.32680907123365016,0.2459038135288819
0.4260845017408488,0.2870452749487459
0.552931212948151,0.31337138941539894
0.4021831184718171,0.2750979492818896
0.4398858254132556,0.2910240328026481
0.32687180452307024,0.24657799194301538
0.5805024936482545,0.3270704737484873
0.4348671622596531,0.28947673808168617
0.38966782723252097,0.27466139112847526
0.37831310184749545,0.26890324434546675
0.2828957686396286,0.22357856112643054
0.34691509049277003,0.2538668552892613
0.4649791411812679,0.29433966434756664
0.40597848248172896,0.2808505700123231
0.5541231454471315,0.3219809793270374
0.4561337473730435,0.29189714910947673
