0.020299031862626805,0.016671652133085448
9.652416482466385e-06,0.0022756445450793444
0.8261985888167106,0.42330396325648134
0.8387563826603994,0.42709417987815257
0.8233028638719707,0.4225466772181854
0.8416521076051394,0.42898739497389243
0.8001081070646039,0.421399388870167
0.3856816053899095,0.2955573814563367
0.21842453258173178,0.13225622015819705
0.4755649076746365,0.34823419828020336
0.7817492109149529,0.4153335277034164
0.6069439484174864,0.38954793809943916
0.670698159284177,0.4039553049780197
0.5547919421627207,0.3823423614450531
0.6697329176359302,0.4035766619588717
0.5605833920522005,0.38309964748334907
0.44948407833901227,0.33497411974964114
0.49876931689848575,0.36074456363285257
0.7904556905821375,0.4198848167935751
0.5654096002934337,0.383856933521645
0.624337602918891,0.3956137992661897
0.526780629530603,0.37286871310597075
0.6330247777531106,0.39637108530448567
0.6310942944566174,0.39637108530448567
0.06962288008803003,0.059496177598721695
0.22998812752772654,0.13489914843184997
0.5953513962220442,0.38954415166924766
0.17201571413403346,0.10117720114653106
0.3595814712213203,0.24518271418888982
0.1952008185249177,0.11405863665794524
0.4890782907500894,0.3550497726248669
0.7798187276184596,0.41457624166512047
0.49971525371376735,0.36225156284906146
0.6484879489580218,0.4016796604329403
0.12180384359224332,0.08488797846278506
0.3547359581471222,0.23911685302213914
0.1845831603942047,0.10913627740902154
0.553826700514474,0.38044914634931326
0.36631885792608176,0.2542625737880583
0.05703612899489387,0.034869235633337235
0.23097267400893806,0.13566400733052886
0.3740987056109497,0.2682950840776823
0.7701663111359932,0.4138189556268245
0.5277458711788496,0.37286871310597075
0.27543170432717834,0.16181309423288814
0.500680495362014,0.3626302058682095
0.029990058011023064,0.034104376734658326
0.3092537716817406,0.19401289658123214
0.44369262844953244,0.3342168337113452
0.5460854624955359,0.3796842874506343
0.6494531906062684,0.40205830345208826
0.3257400990337932,0.23796577824392937
0.5373982876613163,0.3758978572591546
0.4958735919537458,0.36036592061370454
0.5702358085346668,0.38612879163653285
0.7595486530052802,0.41116845449278866
0.15467997413152382,0.10043506082900103
0.17493074391173827,0.10269934608350595
0.29477514695804097,0.1777312467578691
0.5267806295306031,0.3724900700868228
0.32085597629366513,0.2099234762458301
0.5615486337004472,0.38347829050249704
0.21550950280402692,0.1250544299340025
0.24743969652802575,0.1557548059265205
0.4668777328404168,0.3455836971461675
0.2087528112663005,0.1220252857808187
0.29670563025453434,0.18265360600679284
0.5837684964430847,0.38802957959265577
0.540294012606056,0.3770337863165985
0.4601210413026902,0.34255455299298365
0.3992335981312923,0.31488332115364953
0.08605129294118784,0.06669796782291623
0.48232159921236295,0.35391384356742306
0.5837684964430847,0.38878686563095166
0.3179795561818903,0.1985717585317738
0.5557571838109673,0.3823423614450531
0.5161243617339603,0.36755256511713313
0.3905271184641076,0.30238052866138326
0.32089458595959514,0.21107455102404
0.5074564917327054,0.3671814949583681
0.0029246821941873143,0.006826933635238033
0.5257960830493915,0.36945335307325594
0.28703390893910297,0.17734503087833814
0.585698979739578,0.38954415166924766
0.14979585139139584,0.08564526450108101
0.10441018909083889,0.07920076031518243
0.6127450507234488,0.3948527267977023
0.5026302834914722,0.36453099382433224
0.5258153878823564,0.3709754980102309
0.6397814692908371,0.3990215864385215
0.5287111128270964,0.3751405712208586
0.4948890454725342,0.3554359885043979
0.5229196629376165,0.368324996876195
0.6330247777531106,0.3978856573810775
0.27929267092016485,0.1663568104626639
0.4272449107634098,0.3251142555310279
0.5847337380913313,0.3891655086500997
0.4369359369118059,0.33345954767304925
0.15367612281734733,0.09133248264868364
0.17495004874470324,0.10762927819281262
0.378905609019218,0.2724525844279272
0.4543102865802456,0.3406537650368608
0.4794451791005881,0.35013498623632616
0.6166156697329177,0.39523515624704175
0.6349552610496039,0.39826430040022553
