0.43062247087634054,0.16203713365581812
0.3422749648091984,0.14470413560205142
0.33996104908531466,0.14464900820697282
0.24774875282697148,0.11638952418836528
0.2643428341611092,0.12195770610498888
0.2508422377768779,0.11866100912586774
0.24041584371152083,0.10991741049929592
0.272058641235631,0.12496774062970134
0.24119541293754354,0.11481295944253919
0.23887047856735563,0.10611354148545178
0.2909666382936525,0.1336671585867888
0.41441128750127404,0.15942370136198533
0.4175075271127566,0.16200397846534945
0.3646565901146215,0.15404311009547203
0.4757576007999538,0.1711335476108929
0.3075552103046381,0.1384082720703905
0.34382032995336365,0.14902620212963433
0.37430616961553187,0.1582661048187565
0.35385005275176923,0.15028318549084765
0.2967596915880899,0.13568505750692977
0.43409334446216613,0.1652014461333291
0.33571887025819447,0.14456080437484709
0.33071089551293187,0.1429181655083482
0.29675969158808996,0.13816579028546624
0.27592067676525606,0.12916860564153287
0.3125742036962049,0.14195863382029467
0.319135807570361,0.1425100652779236
0.29018982372920576,0.12997346560968026
