0.395878422885104,0.2691242864484613
0.4411404912016561,0.2821823486828654
0.3105297826291522,0.2271207608269185
0.4273391675292494,0.2810771381678926
0.5152285060067125,0.31358137941324377
0.40594711583701887,0.2792977492387862
0.44493585521156803,0.28970330623725554
0.2250870424390703,0.19681588850636325
0.2514350239954832,0.19747901481534696
0.2024403249584392,0.1808898049856046
0.1685016153822026,0.147059311122286
0.1308302750854741,0.1446223219367709
0.39214579216461215,0.2660352230591122
0.3155170791380446,0.23374649786418067
0.3921144255199022,0.26536657069755365
0.6144098365797811,0.3383491470537851
0.6533044760202,0.34299103121667107
0.6746651610677206,0.3516171992860341
0.6671371663373168,0.348080525638121
0.6394717857030833,0.3385646631042048
0.16856434867162262,0.16453268936400658
0.25397572221699444,0.20765247760567196
0.3129450142718233,0.22887251949315046
0.5516451805150402,0.3279546421604656
0.5667325366205577,0.3341493470968883
0.5604278410338446,0.3337017368383243
0.18738433549763187,0.1678483209089251
0.3582070825883755,0.2624874973060494
0.5315077946112104,0.32087024275948967
0.30551111947554976,0.22623659241494026
0.2828644019949186,0.22578345610380138
0.20623568896835107,0.18222158365614688
0.27279570904300365,0.21737833013743296
0.3192183432138264,0.24080879305485714
0.330573068598852,0.2514298661037461
0.09563689972083686,0.10416056498361526
0.4499231517204605,0.30185509584938197
0.35701515008939494,0.2529937389824327
