0.14485482719879028,0.07802286892212469
0.21614460044799005,0.12045304444363378
0.27383921820789847,0.14140705777558052
0.1657916492958642,0.09867088886723102
0.26592519838045237,0.1396647466761332
0.45821468191999776,0.19986867330087915
0.33491849266186646,0.16445129995464544
0.5079599494068018,0.2042680088269836
0.3190904530069742,0.1608360044232923
0.26196112237759767,0.13866237332173242
0.3270186050126836,0.16392969556924844
0.3982589156379619,0.18357534215995394
0.40165770451028465,0.18453415773686857
0.33549084588152994,0.17015791327755395
0.277223874901958,0.1417985333007376
0.28119501699394434,0.15033694663246658
0.27212922463803957,0.13975077328666843
0.2987330502186954,0.15621833553753836
0.29307311282424514,0.15373499774860735
0.40166477059941635,0.1863641288635068
0.21614460044799003,0.11875429112167267
0.22124631680104012,0.12241423337494917
0.23708142254506398,0.1287742133601504
0.2523441750694243,0.13535143776056396
0.17543686096056413,0.10808209116533933
0.2314285512397453,0.12716257559316163
0.22519626062563153,0.12380753778228842
0.21048466305353977,0.11779547554475807
0.19749012514043854,0.11644572891490498
0.16581284756325915,0.09897742672629001
0.1533553324241632,0.09335684001391673
0.2155793133174582,0.1184058289017832
0.19183018774598823,0.11352681335111216
0.1641099200825319,0.09396773784316041
0.18956903922386076,0.10982440226478664
0.3801767935500739,0.1804397266531674
0.37507507719702377,0.17869632660928292
0.4582076158308661,0.19877918439150602
0.361508186064259,0.17556016663027776
0.36093583284459546,0.17447067772090463
0.35980525858353174,0.17307682884134679
0.3790320871107468,0.1790012310516862
0.34962302414482654,0.17037570216498485
0.4095787904268624,0.1883677866278712
0.4327626288678005,0.19346459106597313
0.4599105433115933,0.20182877328775736
0.44294486330650573,0.19703687329205868
0.35584824866980874,0.1715523066293304
0.41862338451537223,0.19259289104403093
0.41241229216865344,0.18871679331997926
0.38356851633326505,0.18257405774999033
0.4067523547742031,0.18732239996820282
0.3943019057242388,0.18322687994006448
0.3105970138707329,0.1568711577276125
0.27723094099108964,0.14632908663151917
0.17542272878230086,0.10585955556910687
0.2387772839366596,0.13286864444385157
0.5102281640180609,0.20788384883055533
0.4830873156633998,0.2032226221673152
