0.361563105164715,0.1466227264576294
0.3461259816925192,0.13901483092309802
0.2990598340040934,0.12546404469225172
0.3198988488269273,0.1385847584880635
0.4518278556887894,0.16328285527775116
0.4348536310571565,0.16033889487371142
0.39551430908955687,0.15376763062692217
0.3777715338782054,0.15127579361594845
0.4117172284798951,0.15451752070683406
0.43987537911029945,0.161121940144092
0.41981317885191216,0.15634767147002163
0.4749807862355071,0.16934726250350354
0.41479969478349743,0.15628151859592734
0.4202070954572876,0.157803270960361
0.4904068910613987,0.1721918360895587
0.49465457921167094,0.17339377080911506
0.48231369535095764,0.1708248341984528
0.564476986179863,0.18319597292803882
0.4688075896435744,0.16685542549252985
0.510469091319786,0.17553279249158582
0.47266687051162337,0.1682557400809475
0.5108602532635853,0.1759078162849633
0.4699645475055162,0.16748387779642576
0.5382498533142711,0.1823800087274542
0.4541472807358252,0.16613861184966508
0.5085380735549735,0.17420965625627816
0.3573209263375949,0.14334815918996122
