0.4009518143961927,0.5036366760208464
0.48483045806067815,0.5208750930645438
0.31707317073170727,0.47379875150335027
0.2325996430696014,0.39579634614283254
0.4973230220107079,0.5312410514861692
0.32956573468173705,0.4841647099249756
0.28078524687685896,0.4565603344596529
0.4134443783462225,0.5140026344424717
0.5925044616299822,0.5426951491896226
0.3646638905413444,0.486398258977149
0.05116002379535991,0.20651738159326502
0.026174895895300414,0.16173185957276215
0.03866745984533016,0.1720978179943875
0.24509220701963114,0.40730771433480323
0.24509220701963116,0.4336521390527461
0.2688875669244497,0.4405245976748181
0.13622843545508626,0.31435771147127883
0.20880428316478283,0.39006929729110584
0.1368233194527067,0.3178512112708321
0.1124330755502677,0.3074852528492068
0.5211183819155265,0.5358226905675505
0.0993456276026175,0.2707175992211213
0.06305770374776919,0.21797147929671842
0.09934562760261749,0.2581180917473226
0.07555026769779892,0.25582727220663193
0.06365258774538965,0.24208235496248784
0.18441403926234384,0.35679514346257374
0.14812611540749554,0.3258118091747323
0.29327781082688875,0.46692629288127824
0.47352766210588937,0.5140599049309891
0.1838191552647234,0.3395567264188763
0.23259964306960143,0.3992325754538686
0.1719214753123141,0.33153885802645894
0.2082093991671624,0.3636676020846457
0.09994051160023795,0.278792738102056
