0.45489930334608736,0.1471632111896642
0.43406579784640564,0.14086742641142475
0.3873825481170511,0.1293673005240804
0.39741227091545667,0.13558574944236673
0.4714796113723449,0.15033847039276932
0.2785926984940265,0.10023696117007425
0.29710953360824854,0.10398578154226135
0.33530291636021065,0.11938876949432664
0.4664799006118104,0.14977656473007542
0.4217221593241163,0.139389933469897
0.360767007969236,0.12377722515626846
0.37889819046281076,0.12779065702483275
0.38583993763446195,0.12782373346187995
0.4352255103699236,0.14675511095923952
0.5208706934309586,0.15750581928720125
0.41207257982320583,0.13650102170751438
0.4792036824315949,0.15535537835860702
0.515074885474945,0.1574062749623736
0.32063434346773334,0.10679727869126934
0.32488478627958156,0.11119668107880533
0.32951812705050115,0.11385397902843637
0.322945504530041,0.10917870340524284
0.5663749480057628,0.16370205974061305
0.5698540855763166,0.16558765291256536
0.31601202134311795,0.1053972003631163
0.4556706085873821,0.1495667656150906
0.6142096462739071,0.16787008457566205
0.3669374498995926,0.1275258880216125
0.3522798956534195,0.12317074505698246
0.3881676266662259,0.1341527521840096
0.4174689618506919,0.13908090504377077
0.35536787128017394,0.12346851174382836
0.41631751331190214,0.13677673743632884
0.5316717214706588,0.16216967566427135
