0.532476082650866,0.19086994258324305
0.0015618931136215262,0.013054718428560529
0.3928202500681779,0.16165100563000345
0.3638825302117508,0.15079051503241378
0.9332765873048666,0.25213057537801065
0.6169560438652311,0.20769545358860056
0.7230435704821481,0.22629638172917485
0.9197759909206354,0.25210844566655766
0.20956363405973757,0.1116484107047636
0.02667063337933618,0.03803963517949992
0.4495359772575141,0.17545561413847582
0.005043785345751348,0.01763060723376953
0.610399949314227,0.20584317311396
0.8904581277667132,0.24937389061039505
0.07837287650025758,0.06153563974278817
1.3773307880260371e-05,0.008589241920351784
1.1018646304208297e-05,0.007288156643075555
0.8140796262475171,0.23999065669406847
0.010057269414166122,0.022162079109229498
0.9016448084270606,0.2510718931322371
8.263984728156224e-06,0.0057445108274535375
0.3237608843565524,0.1429399802061151
0.8889155172841239,0.2493518396523636
0.5922687668206523,0.20284408531484174
0.8233380438046282,0.24175481209000485
0.8665394013018528,0.24786316372497708
0.25624963845066817,0.1259711379735532
0.14821181143790582,0.08685116335735601
0.6713551006691073,0.21895309769102067
0.1424215128050444,0.08295901175796459
0.48695805476818144,0.18373614264638755
0.7461854823825618,0.22975846089353172
0.8271973246726773,0.24183206919653644
0.09110492230477027,0.06693828196733292
0.5845502050845545,0.20026396571832067
0.8777288366237764,0.24894381817536052
0.06872054233777111,0.051116247059248804
0.4803964508940255,0.17985501652601188
0.3102547786491691,0.13782392168255744
0.6250575035604002,0.2098234497920556
0.7515901283947758,0.23345215387064022
0.7407891003550756,0.2282480490217999
0.37352660038950924,0.15492514841672947
0.7299853176537996,0.22782892331235957
0.7828362546519344,0.2354700527907812
0.6509044931284969,0.21563411349360345
0.8947030612554094,0.2496275553811781
0.5533068334889717,0.196890011632668
0.9074323523983461,0.2513476088610516
0.0007905878723269453,0.011489100408328616
0.06293575302806174,0.0503113870911014
0.79286597745034,0.2382816286932107
0.5224408505293082,0.1896569036312495
0.8966313243586459,0.25001344714672824
0.42407188564848874,0.16803515174721173
0.39127763958558875,0.16093434949398178
0.28942678247263925,0.13136291222592533
0.5741375843270774,0.1998339720367077
0.8283515278730429,0.24260377397421512
0.48309050991540436,0.18090227952566196
0.32376914834128057,0.149489351001716
0.18139446478302904,0.10022554192395085
0.40439258334917266,0.16315054952956257
0.2068530470689023,0.10180234293004153
2.7546615760520743e-06,0.0018964611441249831
0.0038785634990813208,0.013738376880956568
0.4869470361218773,0.18177329236790365
0.91398844694935,0.2518327299377432
0.17560967547331974,0.09994990494855788
0.3685158709826704,0.15290756451027465
0.8557383732621526,0.2454595305461291
0.7469622969470084,0.2315667969589525
0.8970169769792932,0.25065292492963986
0.041330942287085316,0.04528353239966952
0.00040218059010360284,0.010143913214989518
5.509323152104149e-06,0.004068559263642909
0.630079251613543,0.21099238682798632
0.01661611862674611,0.022713431813436928
0.6347070830613104,0.2138149094560101
0.5745259916093008,0.20023096803469506
0.3137339162197228,0.1404041200325
0.01816974775563948,0.029273906841475114
0.2929004107200409,0.13669932282295424
0.11194669178918025,0.07407223941103153
0.6655703113593978,0.21632903368527986
0.7087689141950465,0.22404702650312527
0.4676588957663605,0.17818985418095232
0.168271257034717,0.09207739791764928
0.17368141237008325,0.09526407636687786
0.1046110280121536,0.07182280543156049
0.007743353690282381,0.019041868547781397
0.6181157563887489,0.20890833503375109
0.017395687852768845,0.028413840724827593
0.3712071753424733,0.1529514301660729
0.390498070359566,0.15521188962455967
0.5355557942928922,0.19349384908214073
0.0382347026756028,0.03915305105324432
0.856126780544376,0.24660625911718526
0.8167819492536244,0.24038765269205592
0.1254555521581397,0.08267242805697746
0.9105175733635243,0.25144683817219304
0.06949460224064173,0.05503037086325012
0.0007878332107508932,0.011367741385734181
0.834910377085623,0.2436953751501927
0.017010035232121558,0.02637412710691982
0.8464854650281939,0.24544858382053494
0.8399266158156138,0.244290829770463
0.07220243456990093,0.06134820659952098
0.2157450946363984,0.11658814031749129
0.431016387481716,0.1708136512125941
0.4047837452929721,0.1653227264025021
0.8067467171320666,0.23989126987608395
0.038625864619402185,0.04077395397539791
0.395525327735861,0.1617393669689723
0.050206461885125106,0.049186709478076664
0.20067985047696968,0.1006776653170168
0.27052429473777,0.1265446203892136
0.49312849669853814,0.18637123213114407
0.6308505568548377,0.2137377311029
0.049818054602901764,0.04845894910961776
0.27900314306885826,0.1276359853049266
0.1482173207610579,0.08793181780773943
0.895474366496704,0.24995831975164962
0.7249690789238086,0.2264396342029576
0.6968081736318283,0.22232689426983027
0.9109004713225957,0.25145778489778725
0.10769900363890798,0.07288133017049091
0.6019155916599865,0.20500523670876547
0.681762212103432,0.2212131633823997
0.5691213455970867,0.19819109690994424
0.12005366080750152,0.08194466768851856
0.5139564928750677,0.1867792536081472
0.026654105409879867,0.030453633096156903
0.00310725825778674,0.013440688947532189
0.6269857666636365,0.21035267278481007
0.6111712545555216,0.20662598212407599
0.2516218070029007,0.1244716728274156
0.7643166648761364,0.2349736699748092
0.8784973872034949,0.24914219804422186
0.2809396701568228,0.12856236180251154
