0.4134443783462225,0.5140026344424717
0.013682331945270673,0.11585819827043126
0.25698988697204045,0.42677968043067405
0.13622843545508628,0.34986541435198437
0.2575847709696609,0.4348548193116087
0.12433075550267697,0.33382967756714965
0.1124330755502677,0.3200847603230056
0.16061867935752527,0.35106809461084704
0.02617489589530042,0.16287726934310748
0.31647828673408684,0.45312410514861684
0.173111243307555,0.38434224843937914
0.05175490779298038,0.24322776473283317
0.31766805472932774,0.4589656949773781
0.2325996430696014,0.4232861806311207
0.14872099940511602,0.351068094610847
0.11183819155264722,0.3017009335089628
0.20880428316478286,0.407250443846286
0.10053539559785842,0.3006127942271347
0.388459250446163,0.4749441612736956
0.06365258774538965,0.26613596013973995
0.05116002379535991,0.2374434453925892
0.0761451516954194,0.2765019185613653
0.03926234384295063,0.23286180631120781
0.026769779892920884,0.20416929156405703
0.3527662105889352,0.4726533417330049
0.09994051160023795,0.3005555237386175
0.28138013087447944,0.45089055609644346
0.5574063057703748,0.5267166828933051
0.20880428316478283,0.3935055266021419
0.40214158239143366,0.49229711929442754
