0.14812611540749554,0.3429929557299124
0.08685306365258774,0.23629803562224388
0.388459250446163,0.4692171124219689
0.652587745389649,0.5381707805967585
0.5812016656751933,0.5106809461084703
0.12433075550267698,0.32695721894507757
0.0511600237953599,0.2282801672298265
0.09994051160023795,0.29139224557585475
0.19690660321237358,0.39121470706145123
0.29327781082688875,0.44401809747437143
0.07495538370017846,0.23629803562224386
0.19571683521713268,0.34413836550025767
0.30458060678167753,0.4451062367561995
0.02617489589530042,0.16516808888379816
0.1124330755502677,0.2937403356050627
0.0874479476502082,0.2718630089914667
0.5211183819155265,0.5014603974571903
0.2093991671624033,0.3924173873203138
0.4009518143961927,0.49103716854704765
0.6044021415823915,0.5266594124047879
0.2444973230220107,0.4129774926980127
0.280785246876859,0.4302159097417101
0.437239738251041,0.4945306683466009
0.28138013087447944,0.43256399977091803
0.29268292682926833,0.4405245976748181
0.19631171921475313,0.3728308802474085
0.36466389054134446,0.4600538342592062
