0.3048666606064112,0.1454979700911831
0.36890978758804593,0.16080204374579313
0.3600397773131583,0.15939078243178126
0.3912831489087409,0.16448471124388592
0.3912859035703169,0.16534477736053343
0.43718682941207265,0.17205953034137011
0.44104886494169765,0.17226917194951183
0.4545494613259289,0.17488228922965846
0.4271626159368191,0.17112244337845564
0.4591772927736964,0.17506972237292565
0.45647772442916534,0.17500356949883136
0.2813308321006223,0.13451627797784213
0.34113453491671286,0.1550685583973553
0.3885808259026338,0.16436335222129148
0.2674418284341678,0.13363408214974162
0.2971508535318893,0.14249896104548634
0.2863415615074611,0.1351446515283165
0.2643510981458373,0.12902527441432854
0.28711837607190777,0.13843040178184346
0.29290041072004097,0.13844134850743764
0.3457651210260564,0.15676656091919733
0.34615077364670366,0.15732886034899896
0.30023882915864375,0.14341415455721246
0.4225320298274756,0.1702403263037767
0.4082601282019498,0.16795797339410162
0.40170403365094587,0.16696568028268705
0.4356469735910595,0.1715855134971158
0.4287052264194083,0.17126577460565998
0.4067175177193606,0.1676823364187087
0.4410516196032737,0.17480511087654846
0.40632911043713726,0.16724123850465844
0.3523212155770603,0.15836525537647644
0.33611829618672195,0.15438489994495927
0.3260885733883164,0.15209152155626846
0.35039295247382385,0.15759347184537617
0.3079573908947417,0.14819936995687702
0.33727800871023994,0.15499138004424529
0.3272482859118343,0.15327132656437178
0.3596513700309349,0.15847558892005514
0.3033240501238221,0.1437669698857154
0.3608110825544528,0.1606035851235102
0.3230033524231381,0.15204741964020557
0.3500072998531766,0.15749424253423472
0.34152018753736013,0.155939571239597
0.31683291049278145,0.15184896101792267
0.36080832789287676,0.15998607954520846
0.3735376190358134,0.16256612038830795
0.3581060048867697,0.15837628085549213
0.3449910611231858,0.15634751396317859
0.32956220163571803,0.15403208461645632
0.40517215257519545,0.16700970344532834
0.3870409700816207,0.1638011315449114
0.41636158789711897,0.16940238989858217
0.4071031703400079,0.16785874408296014
0.3839557491164423,0.16376805510786424
0.3986160580241915,0.16662381167977822
0.4140476721732352,0.16928110962940926
0.4202181141035918,0.16983238358019512
0.4090314334432444,0.16866360405110756
0.4086485354841731,0.16858650445141904
0.4244630475922881,0.17038373628440256
0.4113481038287041,0.16882906498976483
