0.11586838555879678,0.17801625764667525
0.11207302154888492,0.173589889534209
0.4624698096044666,0.31909637988295825
0.13597440481791664,0.18575825730405998
0.14472569869201093,0.1910577417233548
0.1171544179919074,0.17802178369925012
0.12966970923120358,0.1833212681185449
0.1824284056334494,0.2144992567459287
0.1485210627019228,0.195484109835821
0.22511840908378034,0.23329336155304187
0.23142310467049343,0.2372776454595189
0.1258743452212917,0.17889490000607866
0.09701703208807753,0.16585341592939915
0.09830306452118817,0.165858941981974
0.0769423794736677,0.1428650372179641
0.11335905398199556,0.17359541558678387
0.13722907060631725,0.18841076253999484
0.1259057118660017,0.18088980498560464
0.14977572849032342,0.19703140455678295
0.2954737931683448,0.2664662551599516
0.2540070888617045,0.24832975060924734
0.17740974247984692,0.21052049889202648
0.22135441171857848,0.2308618984201016
0.2665851133904207,0.2514298661037462
0.27411310812082434,0.2560717502666321
0.29547379316834477,0.2644768762330005
0.24146043097769834,0.2397091085924592
0.16611775038424142,0.2034471515962003
0.1975157617389668,0.2182624985494112
0.14475706533672095,0.19305264670288075
0.16988174774944326,0.20587861472914054
0.2464790941313008,0.2436878664463614
0.17113641353784387,0.20742590945010253
0.15106176092343404,0.19703693060935784
0.24271509676609893,0.24125640331342116
0.24400112919920955,0.24126192936599603
0.15855838900912772,0.1983576571747504
0.21131708541137356,0.22953564580213418
0.07437031460744643,0.14064356408286868
0.025312882280982406,0.07961383944606848
0.08823437156927322,0.15679068970662188
0.09322166807816568,0.16142704781693293
0.20378909068096987,0.2248937616392483
0.0945077005112763,0.1614325738695078
0.13851510303942788,0.1884162885925697
0.2050751231140805,0.22489928769182316
0.1724224459709545,0.2074314355026774
0.2967598256014555,0.26647178121252646
0.26529908095731003,0.2496560032272147
0.34067312819547696,0.2830499389371191
0.29167842915843295,0.26005050812053426
0.27536777390922496,0.2587242555025669
0.31557981242746463,0.2722188758903852
0.3318904676766727,0.27730284425926033
0.3117844484175528,0.26956084460187557
0.1987704275273674,0.22091500378534606
0.2238951099400897,0.232635761296633
0.22888240644898217,0.23351440365603643
0.05802829271352843,0.12405988030570123
0.10708572503999247,0.16895353142389796
0.29042376337003234,0.25982946601753976
0.4273391675292494,0.31202303258713204
0.18371443806656002,0.21450478279850357
0.14224773375991973,0.18863180464298937
0.050437564693704716,0.11321776515381768
0.25278378971801385,0.24568277142588735
0.2527837897180139,0.2476721503528385
0.32815783695618084,0.27332961245793297
0.3168658448605753,0.27222440194296005
0.26787114582353133,0.25143539215632105
0.24776512656441144,0.24369339249893626
0.2728898089771337,0.2534247710832721
0.2766538063423356,0.25872978155514176
0.3532511527241931,0.2850448439166451
0.15981305479752833,0.19990495189571234
0.17995044070135816,0.21207331966556334
0.13221040745271478,0.1848740888920817
0.2226404441516891,0.23086742447267647
0.434835795614943,0.3133437591525246
0.31931244314795654,0.27265543404379955
0.493867820959192,0.3286067163642995
0.5453718515730374,0.34077508413415053
0.4712524701232709,0.3241803482518333
0.04802233305103353,0.11013975386961833
0.024089583137291808,0.07652477605671941
0.0467363006179229,0.11013422781704346
0.1409617013268091,0.1886262785904145
0.21260311784448419,0.22954117185470904
0.25529312129481513,0.2483352766618222
0.08064364354944953,0.14528544824575462
0.17866440826824753,0.21206779361298847
0.16109908723063893,0.19991047794828723
0.13092437501960416,0.18486856283950684
0.1924657319406543,0.2173728040848581
0.1635770521627302,0.2023364150286526
0.3770898027038048,0.29344444383043866
0.4072331482701296,0.3042810329297474
0.3984504877513253,0.29853393825188856
0.47379316834478225,0.3250700427163864
0.51020984285311,0.33590663181569513
0.3620338132429974,0.2907919385945038
0.4059784824817289,0.30428103292974734
0.4599604780276654,0.31843325357397456
0.08192967598256015,0.1452909742983295
0.5240111665255168,0.3398853896695973
0.3294125027445815,0.2744348229729058
0.0869483391361626,0.15678516365404702
0.10579969260688184,0.1689480053713231
0.02907687964618425,0.09022386038980776
0.06301558922242088,0.129359364724996
0.03287224365609611,0.09465022850227398
0.48884915780558946,0.3255121269223755
0.4888491578055896,0.3281646321583104
0.46375584203757725,0.3228596216864408
0.5114958752862206,0.33591215786827
0.5566638436686427,0.345638010400031
0.5553778112355322,0.3418747685965485
0.5076691446315987,0.3356800636601257
0.5026818481227063,0.33259100027077665
0.41855650701044506,0.30738114842424613
0.4034377842602177,0.2998546648172811
0.461246510460776,0.31843877962654943
0.16486308459584076,0.20234194108122747
0.1761550766914463,0.2076469515530971
0.22013111257488788,0.23020429816369276
0.3268718045230702,0.2733240864053581
0.31307048085066347,0.2702294969634342
0.19124243279696373,0.2151679091074873
0.6169191681565823,0.35559043108736144
0.575483830494652,0.34961676825393323
0.07565634704055707,0.14285951116538922
0.06060035757974969,0.12628135344079663
0.4549731815187729,0.31777565331756574
0.4461591543552586,0.3153386641320506
0.05931432514663906,0.12627582738822177
0.14604309776983154,0.19305817275545561
0.1271917442991123,0.1808953310381795
0.22640444151689096,0.23329888760561673
0.19375176437376493,0.21737833013743296
0.0806436435494495,0.14506440614276006
0.07057495059753457,0.13621719597040247
0.08315297512625075,0.1523587955415808
0.06677958658762272,0.12980144893098514
0.054232928703616574,0.11963351219323501
0.08443900755936137,0.15236432159415567
0.07816567861735829,0.14484889009234034
0.056804993569837835,0.12185498532833042
0.06681095323233274,0.13577511176441334
0.03666760766600797,0.1010659755416913
0.0706063172422446,0.14020147987687953
0.3833317650010978,0.2941020440868475
0.33813242997396564,0.27751836030968
0.418525140365735,0.30538624344472015
0.38712712901100965,0.2985284121993137
0.4235438035193375,0.30936500129862243
0.3619710799535774,0.2863600444294628
0.3394184624070763,0.2775238863622549
0.20002509331576804,0.222462298506308
0.04541890154010226,0.10680754416697522
0.022772184059471158,0.07562955553959139
0.04165490417490042,0.10636545996098608
0.30930648348546164,0.266692823315521
0.29296446159154355,0.26204541310006024
0.47630249992158336,0.32507004271638645
0.6144725698692011,0.35317002005957093
0.5905711866001694,0.3527168837484321
