0.2668603584907482,0.24175220843540915
0.3267922124303819,0.2739709429347106
0.3093889055124951,0.2663867232611766
0.27364600727792204,0.25047235716638705
0.38763139351936765,0.3042737437571232
0.4282101524116563,0.31905596722466023
0.3827858804451694,0.2955573814563368
0.6088358220480498,0.3584840648085391
0.5074082296502929,0.3338419771223887
0.475535950425189,0.3326984752045619
0.4059806372525362,0.31298631962771817
0.3808457447321937,0.29441766596870134
0.21276821652300648,0.20955240608706513
0.29296049265933727,0.25539850284550225
0.32195635177266635,0.26866615423644735
0.3190413219949615,0.2686585813760644
0.2948813235393481,0.2610743617025305
0.2359243636644434,0.21787876607812917
0.20888794509705505,0.20348654492031454
0.5779287844711923,0.3512822745843446
0.5653420333780561,0.34104376734658326
0.1972953929016129,0.20045361433693926
0.27846256310267276,0.25122585677449155
0.31518035540197487,0.2682799383569165
0.2485111147575795,0.23417556162225808
0.38378007934286346,0.299355170938391
0.34028629067287,0.284944017629619
0.3228926361714656,0.2694120809841689
0.33933070144110583,0.2830545889640706
0.3354793872646017,0.2777573731261903
0.3026225615582861,0.26297514965865326
0.18665842993793494,0.1834071056148973
0.3306435266068861,0.27661765763855495
0.37122228549917474,0.29329309620183186
0.3258076659491704,0.2709342259211438
0.3634713950637542,0.2910098787963695
0.4204689143927183,0.31488332115364953
0.46681981834152186,0.3262501845884718
0.4619936101002886,0.31981325326295623
0.5209312651422284,0.3402826948780958
0.3702473914344457,0.2910174516567526
0.4436636712000849,0.31905975365485173
0.21273925927355913,0.20386140150927104
0.23885869827511313,0.22395220010526268
0.27361705002847464,0.2421308514545571
0.26492987519425487,0.23985899333966923
0.27848186793563773,0.2531266447306144
0.2562523527765176,0.23607634957838097
0.556664510960319,0.3406689107576268
0.5682763679887259,0.34598127231627296
0.2436945589328288,0.23001427484182185
0.2282120828949527,0.2171252664700247
