0.377872800455594,0.22320248692734973
0.37302728738139596,0.22281627104781876
0.3720813505661142,0.21941605673586997
0.45516935164718486,0.26715536859004696
0.4049092190229824,0.2470607835638638
0.42908852231156075,0.26260407949988823
0.4677174930743912,0.2739709429347105
0.5362979121823148,0.29405795510051075
0.4764046679086109,0.2804078742602262
0.4889624617522997,0.2811689467287136
0.5025144544936826,0.289135595851587
0.5343577764693392,0.29405416867031925
0.4609414967036999,0.27093422592114375
0.44837405044352857,0.26373243569694926
0.47062287043561357,0.2777611595563818
0.45419445758245586,0.2660156531024115
0.49283308076176874,0.283065948254645
0.46964797637088446,0.27586415803045045
0.5005453615312593,0.2838194478627495
0.4251985984691268,0.25009750057743063
0.3788380421038407,0.2307753473103093
0.33248713815503717,0.21032105141593554
0.3904498991322478,0.23533042283065944
0.32088493354311254,0.1947891147704855
0.3479310045269834,0.2122142665116754
0.36532465902838773,0.21297912541035435
0.3295624559608498,0.19516397135944202
0.36628990067663436,0.2137364114486503
0.4030076929759365,0.23912063945233072
0.38947500506751864,0.23229749224728416
0.5961815040395363,0.29558767289786864
0.46486037779558115,0.27209287355973655
0.5305354195422824,0.28990424118045743
0.5662686653603729,0.2940768872514682
