0.5833546819605477,0.16845435621007349
0.6045683307577249,0.17207079208065043
0.5058219772409861,0.15716379317744936
0.2774164580010523,0.08656481591663354
0.2882257500254806,0.09570525303434964
0.36578049203765073,0.12624693245578922
0.31253563843414023,0.11059004347267623
0.36192396583117786,0.1254971998827204
0.29710402428509647,0.10070003128873439
0.28783183342010515,0.0887038375991043
0.2971067789466725,0.10708386239225648
0.5443982579520193,0.1647496377539493
0.5683059657705753,0.16532288390934508
0.5131438677101325,0.15801259755481656
0.48460281912065695,0.15674458871458746
0.39702937295638546,0.1360488983144484
0.4811291908732553,0.1546165925111324
0.3673231025202399,0.12666590065838648
0.4109238859459921,0.14122016298650616
0.3688794863107094,0.13193647339500728
0.3198713022111669,0.1108769421873495
0.403197060225166,0.13684265405015855
0.42905231377799086,0.14497993008428747
0.4988719660846067,0.15714150595915327
0.5170169218860617,0.16360298793631464
0.4892416692147286,0.15677798016532082
0.43561942697529893,0.15005196544520377
0.42365593175050487,0.1433151615063356
0.3750444189179138,0.13330347528611317
0.5131521316948607,0.15980998689464318
0.42481564427402274,0.1443185588501875
0.4618520691640428,0.152643189274162
0.434459714451781,0.1452999052360079
0.389707482487239,0.13575136788786712
0.32758986394726475,0.1108770996941926
0.3653948394170034,0.12569565850500333
0.3680999170846866,0.12666605816522958
0.3287550857939348,0.12461508280804146
