0.0005864853979268093,0.008887420023836995
0.005695267840108534,0.02121590446908242
0.9445806629404818,0.30446777568397965
0.0028688321874492124,0.019430035592148932
0.03342260159269649,0.03528724448599373
0.9247885472827349,0.3013310712327559
0.9033005702333925,0.3009385067631617
0.8529688173486616,0.2948823422759266
0.8671080617010899,0.2967994289575372
0.8744567943980041,0.29732212228737137
0.8869001773588367,0.2988036311941202
0.8648469131789625,0.2954491378554655
0.8382642858657015,0.2923118889320232
0.8495770945654705,0.2934449356188825
0.836003137343574,0.2918327533796752
0.88181259318405,0.2984987267517169
0.832046127429851,0.291310060049841
0.04813419916478826,0.04595998891454563
0.7941577575059529,0.2848188622599626
0.8461853717822794,0.2933578200639102
0.27723800708022117,0.14214808446506422
0.8416560086488927,0.29270390892939885
0.8145151602942317,0.2880862400436449
0.8320461274298511,0.2914407333822996
0.8354378502130422,0.2915278489372719
0.8314808402993191,0.2907873667200068
0.8003759159418034,0.2858206911421448
0.8727609330064084,0.29688654451250956
0.8343143420411102,0.2914412778545182
0.8552370319599207,0.29488288674814517
0.8620204775263031,0.29536202230049313
0.8150804474247635,0.2883911444860482
0.809985797160845,0.2869096355792994
0.12224334197751571,0.08085412445872654
0.869376276312349,0.2967999734297558
0.48085443149779905,0.21067318000632676
0.7641834074095006,0.27871968446745987
0.5956501155305572,0.24221227773963447
0.8767250090092632,0.29732266675958996
0.8105581503805085,0.2873457578263798
0.8196027444690184,0.2891751844807995
0.09790773100811892,0.06329816224292063
0.8128192989026359,0.28791200893370017
0.2930660467351135,0.1464603044361963
0.8258209029048688,0.2900463400305231
0.7698362787148193,0.27959084001718354
0.8405254343878289,0.2926167933744265
0.5357155475159164,0.22731442889492284
0.8246903286438051,0.28965432003314745
0.8269514771659325,0.29013345558549547
0.532889111863257,0.22539788668553082
0.16468227330219543,0.10202647115032278
0.03682845655415098,0.04203978894078919
0.8111234375110404,0.287868451156214
0.8405254343878289,0.2926167933744265
0.8207333187300822,0.28926230003577186
0.05662763830102952,0.04905368006050175
0.82921262568806,0.29043836002789875
0.32588096466248817,0.16027029778819046
0.7704086319344828,0.2802447511516949
0.8071593615081856,0.28677896224684085
0.8082899357692493,0.2868660778018132
0.732513195921453,0.2717493511252335
0.3298379745762112,0.16240462888501345
0.8173415959468909,0.2888702800383962
0.7890631072420344,0.28364225779561714
0.7896354604616979,0.28377347560029426
0.7935854042862893,0.28442629779036843
0.8235597543827413,0.2895672044781751
0.4480536457486876,0.20034889779766432
0.82921262568806,0.29043836002789875
0.5803873630061969,0.2393374644255464
0.8173415959468908,0.2887396067059377
0.7981147674196758,0.2853415555897968
0.7743656418482059,0.28076744448152907
0.40223712381908,0.1872793866629352
0.06736809378113494,0.05153647337721416
0.02663915602631412,0.03441608893627007
0.7964189060280803,0.28529799781231063
0.7511747373181361,0.2768461555633354
0.35076773058415356,0.17007188666701872
0.8258209029048688,0.29004634003052315
0.6912260371252321,0.26429933775844056
0.7913242557641619,0.2839471622380204
0.5713427689176871,0.2368111133313478
0.7811490874145882,0.28229196669354545
0.6629475484203756,0.2572418888612418
0.7647486945400325,0.27928593557478026
0.5243956727270158,0.22260909998197795
0.6895301757336364,0.26403799109352344
0.0792532557005674,0.05894238449430236
0.7868019587199069,0.2831631222432691
0.601882406144671,0.2445219288908393
0.717808664438493,0.2701371688860262
0.6714409875566167,0.2602920222297117
0.41240522607952185,0.1906327910571527
0.7749309289787377,0.28129013781136325
0.2031359303566255,0.1121765222490405
0.11150288649741028,0.0782406578095556
0.5294832569018026,0.22365448664164633
0.7268532585270027,0.27174880665301493
0.4395531405233147,0.19912764661139548
0.8150804474247634,0.28826047115358966
0.5939542541389615,0.2420816044071759
0.7025459119141327,0.2667396622421039
0.38413380346379694,0.18052684220813972
0.6459889345044197,0.25680631108637997
0.5402378445601714,0.22779356444727086
0.3750892093752871,0.17852318444377532
0.7104599317415786,0.2690482244488716
0.018711004020604716,0.029667202245839006
0.7828449488061839,0.28264042891343494
0.4446619229654964,0.19973908891285777
0.5605881812593184,0.23267203552572333
0.5690816203955597,0.2348074555669834
0.8942489100557509,0.29932632452395436
0.5051759102889324,0.21751284001609458
0.3926131104217749,0.18366300218714487
0.429377972173741,0.19673196884965544
0.7687127705428872,0.279330037824485
0.8196027444690184,0.2891751844807995
0.31740165770451023,0.1572212533641577
0.7059376346973238,0.2680463955666894
0.5651246104818366,0.2328473555801052
0.6787897202535311,0.2628183733239103
0.7364772719243077,0.27379711113930266
0.2014400689650299,0.11113113558937211
0.14714424007744434,0.0923119978264669
0.8608899032652395,0.2950571178580899
0.7556970343623911,0.27780442666803146
0.6454236473738878,0.2553689044293359
0.7081987832194513,0.2687433200064683
0.6126228616247763,0.248267897754651
0.7398689947074989,0.274363362246623
0.8048982129860582,0.2866047311368961
0.3779156450279464,0.17900231999612334
0.3813214999894009,0.18039725782011834
0.13186735537482072,0.08176992673037353
0.74326071749069,0.2754087489062914
0.6861384529504453,0.2638637599835787
0.6799202945145948,0.2629490466563688
0.6776591459924673,0.2628183733239103
0.7704015658453511,0.2796779555721559
0.2483871651557012,0.13130056445434898
0.3592611697203948,0.17312202003548868
0.7794532260229926,0.28207417780611455
0.7127210802637061,0.2694838022237334
0.8524035302181298,0.2942289756136338
0.13243264250535258,0.0826410822800972
0.6069699903194578,0.24691760665257934
0.2834632316052034,0.14615594446601157
0.7607846185371777,0.2780657733329486
0.35473887267613985,0.17246865337319595
0.3434189978872393,0.1687215955649471
0.7726627143674786,0.2803748800119348
0.7771920775008652,0.28176927336371127
0.17543686096056416,0.11008574892970373
0.04248132785946961,0.04399988892766741
0.6131881487553082,0.2488341488619714
0.5096982073331874,0.2178177444584979
0.7986800545502077,0.2856029022547139
0.33436027162046617,0.16284020665987525
0.5526741614318723,0.23241068886080624
0.5334543989937889,0.22683529334257482
0.8105510842913768,0.28699675113427175
0.27666565386055775,0.14105859555569109
0.20312179817836218,0.11187052886220006
0.6861384529504453,0.26390731776106485
0.7115905060026424,0.26917889778133014
0.38471322277259207,0.18292360891431694
0.6380749146769735,0.25397505554977806
0.6997194762614733,0.26612985335729733
0.4785932829756716,0.20858240668699
0.13865080094120305,0.0901330200077206
0.6114922873637125,0.24770164664733063
0.7851060973283114,0.28311956446578296
0.5730386303092826,0.2393374644255464
0.10583588301382833,0.06665320005379385
0.545325428734958,0.22870827777448066
0.14318723016372129,0.09135372672177088
0.3411578493651119,0.16336398893414658
0.39430897181337055,0.18401146440703434
0.7342161234021803,0.27344864891941323
0.6635269677291706,0.2580705755779164
0.5820832243977925,0.24151535329985555
0.6765285717314036,0.2627312577689379
0.7511747373181361,0.2768461555633354
0.5492824386486811,0.22923097110431487
0.32419216936002426,0.157875164498669
0.3140028688321875,0.15286493114332086
0.10357473449170088,0.0655642556166393
0.7070682089583874,0.26861264667400975
0.4678316292281711,0.2075353866106659
0.7404342818380307,0.27445047780159537
0.7455218660128174,0.27588788445863943
0.3994106881664206,0.18701803999801808
0.07190452300365316,0.055414204517921575
0.7330855491411166,0.27288239781209284
0.6725715618176806,0.26111962000194916
0.6329873305021869,0.25075178001580056
0.1624069926018047,0.09366228892853858
0.4593523222701931,0.2062722110635666
0.7573928957539866,0.2778479844455176
0.7455218660128174,0.27588788445863943
0.8048982129860581,0.2864740578044376
0.7726697804566103,0.2805932133715843
0.11150288649741025,0.07205545340651766
0.774923862889606,0.2808540155642828
0.18335088078801023,0.11056488448205172
0.436733770959787,0.19764722664908385
0.7771920775008652,0.28150792669879415
0.7873672458504388,0.2834244689081862
0.8026370644639308,0.2861255955845481
0.7161128030468974,0.2699629377760815
0.7918966089838253,0.2843397267076146
0.10073416666077825,0.06369018224029628
0.740434281838031,0.2744504778015954
0.4650051935755118,0.2064899999509975
0.4848043753223904,0.2111517710864562
0.809985797160845,0.2869096355792994
0.2195575214985761,0.1268141133732722
0.299305403438359,0.1522986800360005
0.49271839514983645,0.2169449554921185
0.5668204718734322,0.23297802891256372
0.7794532260229927,0.2822484089160593
0.8507076688265341,0.2935320511738549
0.8196027444690183,0.2890445111483409
0.7195045258300884,0.2707469777708327
0.7364772719243077,0.2739277844717612
0.7534358858402636,0.27732529111568344
0.4791585701062034,0.20971490890163075
0.471230418100494,0.20810218219020482
0.7477830145349449,0.27645413556595977
0.5967948219698843,0.24343298445368472
0.3756544965058189,0.17895876221863716
0.40336769808014367,0.18884746665243776
0.6968789084305506,0.26469135775581615
0.8314808402993192,0.2907873667200068
0.2568806042919425,0.13604945114478006
0.7619151927982415,0.2785013511078104
0.7500441630570723,0.2766719244533907
0.16410285399340022,0.09688556446251607
0.7489135887960087,0.27654125112093214
0.6177104457995631,0.24909549552688848
0.3705669123310321,0.17747779778410697
0.5673786929148324,0.23454556442984775
0.5696469075260916,0.23602707333659653
0.6420319245906966,0.2552382310968774
0.6352484790243142,0.2535830355524024
0.3807420806806057,0.17926366666104046
0.8439242232601518,0.29270445340161744
0.6324220433716549,0.25062110668334203
0.5820761583086609,0.23977249772818968
0.4248627412186179,0.19381414223029977
0.1363896524190756,0.08743243780357728
0.46726634209763934,0.20683846217088697
0.39093138120844256,0.18305428224677547
0.2653599112499205,0.139142053346299
0.670875700426085,0.2601613488972532
0.6081005645805214,0.24691760665257934
0.2133252308844623,0.12023580002842142
0.7619151927982415,0.2782835622203795
0.4859349495834541,0.2161609154973672
0.7771920775008652,0.28150792669879415
0.343404865708976,0.16353713109965418
0.2834632316052034,0.14454430669902282
0.5809455840475971,0.2397289399507035
0.7839755230672476,0.2830324489108106
0.08322439779255374,0.06207963341774467
0.6731368489482125,0.2616423133317834
0.7409995689685626,0.2749296133539434
0.7036764861751963,0.26756726001434133
0.6544682414623976,0.2570676577512971
0.5147787254188424,0.22208586217992524
0.10696645727489204,0.07096542002492594
0.3603776118031953,0.17512458885541593
0.42486274121861783,0.19494664444494048
0.10244416023063714,0.06395261784965052
0.6109270002331808,0.2470482799850379
0.6652228291207664,0.25972577112239137
0.41241229216865344,0.19137381774663637
0.315698730223783,0.15621888000975692
0.773800354717674,0.2807238867040429
0.7704086319344828,0.280026962264264
0.6188410200606269,0.24948751552426413
0.6064047031889259,0.24587221999291095
0.5113870026356513,0.22199874662495284
0.4209057313048948,0.19285587112560373
0.7245921100048751,0.27126967110066685
0.24047314532825514,0.12968892668736023
0.6810508687756586,0.26347173998620305
0.7817143745451202,0.28255331335846257
0.10414002162223276,0.06617406450144585
0.07868796857003554,0.058332575609495806
0.7008500505225371,0.2663040844672421
0.7879325329809707,0.28355514224064476
0.6968930406088141,0.26534581336254603
0.2139046501932575,0.12280679784454336
0.7381731333159034,0.27431980446913684
0.45088008140134683,0.20300592222432146
0.16411698617166354,0.09736578895930124
0.25914175281407,0.136746375584559
0.20710707244861182,0.11849348892897411
0.6001865447530754,0.24417346667094983
0.7048070604362602,0.26765437556931376
