0.5488943156919334,0.3050575348067595
0.31800851343133757,0.21675798274145117
0.27454368201079143,0.18645518191903854
0.295769345855735,0.20349033135050604
0.29868437563343986,0.20690569138322076
0.35378036891535797,0.2493440009693261
0.4078821632995821,0.2592076516181309
0.3344562311174603,0.22586056092176854
0.4126890667078503,0.2660156531024116
0.34410864759992665,0.23229749224728416
0.3373519560622002,0.23078292017069224
0.5257092113010492,0.3020208177931927
0.34891555100819494,0.2326685624060492
0.43686836999642864,0.2770152328086603
0.35475526298008714,0.25805657683992106
0.40207140857713736,0.259200078757748
0.43781430681171035,0.28382323429294093
0.40883775253134624,0.26223300934112326
0.5054391366878698,0.3001276026974528
0.45134699472012824,0.28799588036395163
0.4735668574627659,0.29406174153070225
0.4581133386743372,0.2914074539664749
0.41849982143029507,0.273974729364902
0.41173347747608613,0.2648835104751591
0.32475555255258154,0.2194046974452955
