0.9510053009629561,0.42262697487303896
3.136664471001537e-05,0.022330778455026224
0.8593205984755812,0.41531600731649365
0.9170979580314295,0.422179364614475
0.895737272983909,0.42128967014992186
0.8593205984755812,0.4157580915224828
0.03284087701138609,0.0864661446389001
0.016436121828048055,0.058598261503859946
0.8907186098303065,0.418637164913987
0.005112763087732505,0.04245666193268163
0.09441360057714628,0.13157531180751655
0.07559361375113705,0.12317571189372295
0.7212132618173833,0.390763755726372
0.7500705749505975,0.3965108504042308
0.6885292180295474,0.3827951879134179
0.6659138671936262,0.37947403031592447
0.02148615162636053,0.06611921905825013
0.7123678680091591,0.3892054089002603
0.7638718986230043,0.3980581451251928
0.6332611900505003,0.37151098855554515
0.6458078479345064,0.3737214095854908
0.5943351839653712,0.36222169417719846
0.5868071892349676,0.3584639784262908
0.6973118785483516,0.3863318615613309
0.5742291647062513,0.3564690734467649
0.5365578244095228,0.3436431054205051
0.05548759449201719,0.1176441332662839
0.5717511997741601,0.3536010521604104
0.27913177127442684,0.25209299241272987
0.696057212759951,0.3852266510463581
0.8706439572158967,0.41775299650200876
0.6131551707913804,0.36575836782511156
0.3368777641855651,0.2786235708246529
0.5478811831498385,0.3491746840479441
0.5667011699758476,0.3527113576958572
0.17866440826824756,0.20609965683213513
0.6671998996267369,0.37947955636849934
0.846742573946865,0.41332110233696767
0.6885292180295473,0.3839003984283907
0.43988582541325555,0.31423345361707783
0.4549418148740629,0.3210857588099094
0.6269878611084971,0.3701847359375778
0.6470938803676171,0.3737269356380657
0.6282738935416078,0.37019026199015265
0.5805338602929644,0.3571377258083234
0.7199272293842727,0.39075822967379714
0.67344186192403,0.3799161145219136
0.6948025469715504,0.38412144053138525
0.5215018349487155,0.33988538966959736
0.6898152504626579,0.38390592448096555
0.5114645086415106,0.3376749686396517
0.6583858724632226,0.37704256718298423
0.6985979109814623,0.3863373876139058
0.41855650701044517,0.3062759379092733
0.5579185094570434,0.3513851050778898
0.797810608199241,0.40624775504114147
0.634547222483611,0.37151651460812
0.7575985696810013,0.3969529346102199
0.5704651673410495,0.3529323997988517
0.8229039239672533,0.40978442868905457
0.38712712901100965,0.29852841219931375
0.14472569869201096,0.1910577417233548
0.5905711866001693,0.3593481468382691
0.6496032119444182,0.374611104050044
0.2552617546501051,0.24390890854935596
0.5114645086415106,0.3383380949486354
0.6558765408864213,0.37593735666801137
0.6068818418493773,0.36443211520714414
0.663404535616825,0.3772636092859788
0.2565164204385057,0.24501411906432882
0.7663812301998055,0.40048960825813296
0.39845048775132524,0.3011864434878235
0.6646592014052257,0.3783688198009516
0.3532511527241931,0.2850448439166451
0.3532511527241931,0.28570797022562877
0.7638718986230043,0.39761606091920365
0.7136539004422697,0.38921093495283515
0.5001725165459051,0.3343593370947332
0.6571312066748219,0.3759373566680114
0.3431824597722782,0.28128160211316255
0.5704651673410495,0.3535955261078355
0.4072331482701295,0.3062704118566985
0.7425112135754839,0.39495802963069393
0.5265204981023179,0.34165372649355397
0.3620338132429974,0.28968672807953105
0.6772058592892318,0.3805792408308973
0.7349832188450801,0.3936317770127265
0.45368714908566227,0.31931742198595287
0.7274552241146764,0.39208448229176457
0.43358112982654246,0.31334375915252466
0.5905711866001693,0.35868502052928536
0.33060443524356203,0.2739816866617669
0.24647909413130079,0.2436878664463614
0.5240111665255167,0.34054851597858116
0.49135848938239074,0.33258547421820184
0.4750478341331828,0.326838379540343
0.5390985226310341,0.34563801040003106
0.434835795614943,0.31334375915252466
0.5441171857846365,0.34630113670901475
0.7651265644114049,0.39938439774316015
0.2954737931683448,0.26646625515995165
0.7927292117562185,0.4018158608761004
0.7437658793638845,0.39606324014566674
0.3620338132429974,0.29079193859450386
0.51020984285311,0.3365697581246789
0.5466265173614379,0.34740634722398755
0.4875944920171889,0.32904880057028874
0.4699978043348703,0.3248434745608171
0.373325805338603,0.2910129806974984
0.5378124901979234,0.3456324843474562
0.49010382359399013,0.3308171373942453
0.03155484457827547,0.08513436596835783
0.5277751638907185,0.3434220633175105
0.7638718986230043,0.3982791872281873
0.46504187447068795,0.3235282740479994
0.3946864903861234,0.2987549803548832
0.3280951036667608,0.27353960245577785
0.608167874282488,0.364437641259719
0.44493585521156803,0.3177756533175658
0.4637558420375773,0.3235227479954245
0.36077914745459677,0.28880255966755275
0.2954737931683448,0.2569614447311852
0.16988174774944326,0.20322610949320574
0.3318904676766727,0.27796597056824407
0.3770898027038048,0.29388652803642784
0.6056271760609767,0.3633269046921713
0.679715190866033,0.38124236713988097
0.5918572190332799,0.35935367289084397
0.559204541890154,0.35139063113046465
0.5956212163984819,0.36222722022977333
0.16862708196104265,0.20123673056625463
0.5014585489790158,0.33436486314730807
0.4725385025563815,0.32484900061339195
0.026536181424673004,0.08181873442343932
0.5880932216680782,0.35846950447886566
0.13594303817320663,0.1775741734406861
0.4348671622596531,0.3133492852050995
0.7337285530566795,0.39230552439475913
0.581819892726075,0.3571432518608983
0.10194159530754995,0.14174324854526665
0.3770898027038048,0.2945496543454115
0.0491828989053041,0.10702858626996978
0.5265204981023179,0.3414326843905594
0.6182365672344029,0.36665358834223954
0.8178852608136508,0.4071319234531197
0.48006649728678524,0.3286067163642996
0.6244785295316959,0.3679743149076321
0.041654904174900406,0.10636545996098606
0.7739092249302093,0.4018158608761004
0.640789184780904,0.3719530727615343
0.10451366017377123,0.15391161631511763
0.08186694269314011,0.1236177960997121
0.7186725635958721,0.38965301915882433
0.575515197139362,0.35647459949933974
0.7287412565477871,0.39209000834433944
0.31931244314795654,0.27265543404379955
0.6508892443775288,0.37461663010261886
0.5579185094570434,0.35072197876890604
0.13597440481791667,0.1837688783771089
0.41855650701044517,0.3073811484242462
0.21887644678648724,0.22600449820679597
0.4926445218155014,0.3325910002707767
0.3519964869357925,0.28371859129867766
0.1660863837395314,0.19636827824779926
0.39719582196292463,0.30030227507584517
0.3997365201844359,0.3016340537463874
0.3858724632226091,0.29852841219931375
0.4813525297198959,0.3286122424168745
0.614441203224491,0.36576389387768643
0.5491672155829491,0.349180210100519
0.6810012232991437,0.38124789319245583
0.5454032182177472,0.3463066627615896
0.33694049747498506,0.27996087554777
0.5729744989178507,0.35447969451981376
0.11837771713559801,0.17359541558678387
0.29164706251372297,0.2525295505661441
0.6747278943571406,0.37992164057448846
0.09566826636554689,0.13732240648537528
0.47633386656629345,0.32684390559291787
0.5076691446315987,0.33568006366012576
0.42733916752924944,0.3120230325871321
0.3117844484175528,0.2680135498809136
0.8329412502744582,0.4122158918219948
0.4247984693077382,0.3093650012986225
0.29293309494683356,0.2558507081636375
0.5252971989586274,0.340554042031156
0.6445531821461058,0.372616199070518
0.2087763871898623,0.21825697249683637
0.5617138734669552,0.35139063113046465
0.24146043097769831,0.2397091085924592
0.10959505661679372,0.16033288940710982
0.6420752172140146,0.37195859881410914
0.5742291647062514,0.3544796945198137
0.4699978043348703,0.32418034825183334
0.23142310467049343,0.23727764545951893
0.6169505348012922,0.3666480622896647
0.19121106615225372,0.21427821464293414
0.26912581161193194,0.251435392156321
0.686019886452746,0.381689977398445
0.6784918917223425,0.38058476688347215
0.05043756469370471,0.11012317571189373
0.26780841253411125,0.24744558219726906
0.06925755151971394,0.12272257558258409
0.4436498227784574,0.31777012726499093
0.7362692512781908,0.39363730306530137
0.03914557259809918,0.10106044948911644
0.5127505410746213,0.3383436210012103
0.3344311658981839,0.27797149662081894
0.24522442834290017,0.24103536121042657
0.657162573319532,0.37594288272058624
0.6056271760609767,0.362442736280193
