0.37081647376180177,0.2810660860627428
0.34942442206957125,0.26911876039588645
0.5817571594366551,0.3392277894131885
0.5868071892349676,0.344538325937633
0.6457764812897964,0.3628848204861822
0.3883817947994103,0.28570797022562877
0.2966970923120354,0.24568277142588738
0.5465951507167278,0.32662286348992325
0.6420438505693047,0.3498488624620775
0.35453718515730376,0.26957742275960017
0.12073021548884916,0.11675996485430565
0.3369091308302751,0.26713490752151015
0.2765910730529155,0.2416984875194103
0.12330228035507042,0.14042252197987412
0.1371349706721872,0.1547957847270959
0.07556224710642702,0.10460264918960441
0.14469433204730092,0.15944319494255665
0.14968162855619335,0.16098496361094378
0.483830494651987,0.3177756533175657
0.21131708541137353,0.21118915125358506
0.5554091778802421,0.3337017368383243
0.5076691446315987,0.31998607434751136
0.6947398136821304,0.3668691043926593
0.6408205514256139,0.3472018832787176
0.36203381324299744,0.2726664861489493
0.461215143816066,0.3146755378230669
0.5503905147266397,0.32684943164549274
0.2301684388820928,0.2176048982930024
0.15727235657601707,0.18531064704549602
0.2502744581412127,0.23772525571808292
0.18738433549763184,0.1921629522383276
0.3029076879646184,0.25318715082255294
0.2879144317932311,0.24170401357198515
0.4273078008845393,0.30339686451776904
0.4097111132022207,0.29565486486038434
0.34186506069445755,0.26822906593133333
0.26906307832251186,0.23860389807748633
0.0893949374235438,0.11101839622902171
0.67347322856874,0.3659959880858308
0.2879457984379411,0.24369891855151113
0.4160471754336438,0.2976552958924852
0.4549418148740629,0.30561281160028964
0.3080518176970609,0.2578511391957383
0.27655970640820554,0.23992462464287884
0.3256485053793796,0.2598460441752643
0.3909224930209216,0.291681633059057
0.1924343652959443,0.20189433082266345
0.4587371788839748,0.30561833765286445
0.4951224867475926,0.3191019059355331
0.5126878077852012,0.32352274799542446
0.2363790345346758,0.22510927768966796
0.32687180452307024,0.2640403180795862
0.5402904551300148,0.3259542111283647
0.569210501552649,0.33701736838324287
0.29795175810043606,0.2505456976917679
