0.5671517625702095,0.16481579062804358
0.4934755840571207,0.15715261019159057
0.37194542464485525,0.12869443129043545
0.42365042242735274,0.1398419781095415
0.3696370182441237,0.12407491308969283
0.5922246922354355,0.16634848971807142
0.3179347751232023,0.10789982659284111
0.34378176469129895,0.11720556714237146
0.3283529052038312,0.11272914390856854
0.44448392792703456,0.148320807732893
0.3565138104958115,0.11906903060287082
0.39741227091545667,0.1342516664814649
0.4340657978464056,0.1402169231494974
0.4209508540828217,0.13866225185485967
0.45335944752507434,0.15334858367090334
0.4691767142947653,0.15650202817624162
0.4942579079447196,0.16246720609085266
0.4383107313351019,0.14375618066696433
0.46686279857088164,0.15515691973632412
0.5891394712702571,0.16591849603645845
0.3881510986967696,0.13181487811214818
