0.2062984222577711,0.2021264250308078
0.15849565571970767,0.14618066876288263
0.5968445155421725,0.35448522057238857
0.6847652206643455,0.373511419587646
0.30805181769706097,0.2629351075646134
0.7198958627395627,0.3759428827205863
0.7839779178821242,0.3887799028519958
0.7375239170665914,0.3887743767994209
0.43737649383645427,0.3093705273511973
0.4373451271917443,0.30627041185669845
0.6797465575107431,0.3717430827636895
0.4625011762491766,0.3137968954636635
0.5717511997741602,0.3427699891136765
0.2402057651892977,0.22688866661877422
0.4160471754336439,0.2963290432745177
0.43238919732756187,0.2996502008720111
0.3256171387346696,0.26890324434546675
0.37586650356011414,0.2863766225871873
0.2967284589567455,0.25209851846530473
0.27285844233242373,0.2496615292797896
0.31931244314795654,0.264255834130006
0.4248298359524482,0.2965500853775123
0.35576048430099433,0.2804029597537591
0.29672845895674543,0.2503301816413482
0.330635801888272,0.272882002199369
0.3758665035601142,0.2910185067500733
0.44744518678836925,0.3109233481247341
0.7224365609610739,0.383684882377971
0.6119632382924001,0.3558225252955058
0.5516451805150404,0.3398909157221722
0.5680185690536683,0.3405650941363057
0.16981901446002323,0.1720481208658219
0.7953012766224398,0.39165897624350005
0.6232552303880053,0.36554837782726674
0.7148771995859602,0.375058714308608
0.6044038769172861,0.3558169992429309
0.29923779053354665,0.2607191604820928
0.216335748564976,0.22025187747636232
0.24271509676609893,0.23528826653256782
0.21131708541137353,0.20345267764877517
0.21762178099808663,0.2202574035289372
0.18619240299865125,0.1988052674333144
0.20253442489256926,0.20102121451583493
0.4637872086822873,0.31932847409110254
0.59185721903328,0.35051198877106127
0.5227565007371161,0.33944330546360824
0.5792791945045638,0.35050646271848634
0.48006649728678524,0.3286067163642995
0.4700291709795803,0.32064920065649505
0.5014585489790158,0.3295019368814276
0.644584548790816,0.37063234619614177
0.5943351839653712,0.35072750482148096
0.5591731752454441,0.34033299992816135
0.2313917380257834,0.22069396168235145
0.41102851228004145,0.29257132752361004
0.412283178068442,0.2930134117295992
0.5717511997741603,0.3502854206154918
0.31435651328377406,0.26360375992617197
0.2979831247451461,0.2558562342162124
0.23393243624729462,0.22534137189781225
0.4261158683855588,0.2969976956360763
0.3231391738025784,0.2649300125441394
0.25529312129481513,0.2483352766618222
0.340673128195477,0.27354512850835266
0.4035005175496377,0.2921292433176209
0.34446849220538883,0.27598211769386777
