0.42476710266302814,0.26426688623515565
0.5628744393212258,0.307386674476821
0.47746306577585396,0.281508170268732
0.5252344656692074,0.2936820640911578
0.5365264577648129,0.3045131271378916
0.6483171795113077,0.32531318902968054
0.7687964618424767,0.3365918623349784
0.34311972648285816,0.23949359254203945
0.532731093754901,0.3005288432314145
0.6056271760609768,0.31182409469443695
0.471221103478561,0.2735561806135024
0.44863711928734984,0.26626179121468163
0.608136507637778,0.31226617890042613
0.44355572284432737,0.26448240228557535
0.5541545120918415,0.30562938975801424
0.4749851008437628,0.2812926542183123
0.20996831968884289,0.1548068368322456
0.17223424610269442,0.13135979575709683
0.2753050406198049,0.22644105636021022
0.39964242025030583,0.2525461287238687
0.4623757096703366,0.2691242864484613
0.3996424202503059,0.2569669707837601
0.24641636084188073,0.19946839374229808
0.5817571594366551,0.30850293709694365
0.5879991217339481,0.3087184531473633
0.47881183149838463,0.2866087167953316
0.6332298234057903,0.3253076629771056
0.46620244032495844,0.2733351385105078
0.16586681722656127,0.08249291283757273
0.21504971613186535,0.1855427412536403
0.4285624666729401,0.2642724122877306
0.37078510711709173,0.24193610778012942
0.2577083529374863,0.20123673056625463
0.39211442551990217,0.2507777918999122
0.45745114645086415,0.26781461198821843
0.5177064709388036,0.29102955885522297
0.18236567234402937,0.1501649526693597
0.3846805307236285,0.24880499113068566
0.4059471158370189,0.2582987494543023
0.3355289984630344,0.2293146036991396
