0.5286725031611663,0.3512709152937701
0.18087663246493754,0.18644003619827262
0.4678236696556983,0.3357314057879372
0.46298780899798264,0.33118390312796997
0.45042036273781144,0.32928311517184705
0.4755456028416714,0.3380032639028251
0.44559415449657824,0.32776854309525516
0.42434918581866976,0.32132782533954807
0.2755764905744153,0.25615200245360675
0.25819248848949333,0.2466821405447158
0.2678642098049247,0.25199071567317044
0.2640128956284206,0.251237216065066
0.2533662802482602,0.2451675684681239
0.26013262420246913,0.2470645699940553
0.4282198048281387,0.3236034698846274
0.26882945145317133,0.2553985028455023
0.1634443682976033,0.16445602250654104
0.17216050038127043,0.17431210029496286
0.1711856063165413,0.17165781273073555
0.17217015279775288,0.17961688899322606
0.45816160075674944,0.32929068803223005
0.44754394262603653,0.3281547589747862
0.3007017306782753,0.2720663685483962
0.28716904276985744,0.26637915040079363
0.2427486221175471,0.23948792318090426
0.21568324630071137,0.22773484386655102
0.27849152035212016,0.2584314334288776
0.23694751981158482,0.23948413675071276
0.263028349147209,0.24744321301320324
0.2098917964112315,0.22584162877081113
0.2610882134342332,0.24743942658301174
0.1905483537803689,0.2095448332266822
0.20796131311473823,0.22432705669421923
0.19538421443808457,0.2106845487143176
0.19828959179930694,0.21182426420195302
0.22825069256088257,0.23493663409074553
0.22245924267140277,0.23190748993756172
0.18187083136263163,0.20424761738880198
0.2495053136552736,0.24403163941067996
0.24660958871053368,0.24100249525749615
0.2012046215770118,0.22054062650273945
0.21665814036544045,0.23001048841163035
0.2330769008021158,0.23645120616733742
0.4340209071341011,0.32701504348715077
0.4069748361502303,0.3201918962821041
0.4668584280074517,0.33118768955816147
0.31520931265142227,0.28154380331767004
0.3345237980328375,0.2932855233414489
0.3615602166002259,0.30275538525033985
0.3876410459358501,0.3110931045319783
0.39053677088059,0.31336496264686614
0.3538286309977703,0.29858652560952065
0.3316184206716151,0.28798073464318574
0.32486172913388867,0.2857088765282979
0.28718834760282236,0.2709304394909523
0.3181050375961622,0.28305837539426204
0.39730311483479896,0.3148833211536495
0.38184959604637025,0.3107144615128303
0.35674366077547515,0.3016232426230873
0.27945676200036684,0.2629751496586533
0.3683265605544348,0.3073028879103071
0.345151108580033,0.2959398109056762
0.3316280730880976,0.2898777361691171
0.3973127672512814,0.31791625173702487
0.3499773168212662,0.2982116690205641
0.362535110664955,0.3046523867762712
0.32873234814335767,0.28722723503508124
0.3267922124303819,0.2872234486048898
0.30071138309475776,0.2758565851700675
0.3219660041891488,0.2853302335091499
0.366405729674424,0.3054134592447586
0.3741276628603971,0.3088212464170904
0.35673400835899266,0.2993475980780081
0.37219717956390386,0.30806396037879447
0.2755861429908978,0.2569130749220942
0.3084526211136958,0.27813601614533834
0.34322062528353975,0.2948038818482323
