0.43235783068285183,0.310033653660181
0.33944982905178633,0.27863462292980257
0.34067312819547696,0.2830499389371191
0.40977384649164084,0.30384447477633303
0.47881183149838463,0.32308066378943534
0.39845048775132524,0.30162852769381254
0.38464916407891847,0.29521830670697
0.41102851228004145,0.30561281160028964
0.0793889777610489,0.1439591956277872
0.25024309149650265,0.23573035073855697
0.26278974938050875,0.2470034979912799
0.42859383331765,0.30959156945419186
0.3896364605878109,0.29786528589032996
0.1799818073460682,0.20390028790733916
0.15608042407703648,0.19151087803449363
0.248988425708102,0.23285680339962758
0.47630249992158336,0.3213123269654788
0.6709011637025187,0.36907952542260497
0.5127191744299112,0.3328120423737712
0.751293874094288,0.3810323771420362
0.696025846115241,0.3728427672260875
0.67341049527932,0.3695216096285941
0.6395658856372134,0.366432546239245
0.7148771995859603,0.37616392482358085
0.6859571531633262,0.37062682014356696
0.7023305417019541,0.3737324616906406
0.8303691854082369,0.39341626096230686
0.5051911796995076,0.32971745293184723
0.43988582541325555,0.31135990627814836
0.042909569963301024,0.09641856532623053
0.09952636366487877,0.14728587927785547
0.05802829271352843,0.1209652908637773
0.10074966280856937,0.15435370052110675
0.4800978639314953,0.3230861898420102
0.5805338602929645,0.355811473190356
0.5528998463034409,0.3467432209150038
0.2050751231140805,0.2153944772630567
0.21134845205608357,0.21782594039599695
0.1875098020764719,0.21119467730615993
0.13594303817320663,0.17226916296881647
0.13089300837489418,0.1722636369162416
0.1171544179919074,0.16542238382855973
0.11586838555879678,0.16188018412807179
0.3155798124274647,0.26735594962450476
0.595621216398482,0.36222722022977333
0.4926445218155014,0.32750703190190156
0.07565634704055707,0.14285951116538922
0.4461591543552586,0.31710700095600713
0.13851510303942788,0.18576378335663488
0.18744706878705186,0.20919424627405908
0.1585897556538377,0.19615276219737957
0.216335748564976,0.22423063533026455
0.7537718390263795,0.3881001983852876
0.1849377372102506,0.2047734042141677
0.13848373639471787,0.18398992048010343
0.15228506006712464,0.18664242571603826
0.200025093315768,0.21494686700449273
0.16991311439415327,0.2012422566188295
0.29042376337003234,0.25982946601753976
0.23267777045889404,0.23241471919363843
0.13594303817320666,0.17934251026464268
0.281641102851228,0.2518719503097353
0.37335717198331303,0.29079746464707873
0.3645431448197986,0.28902360177054726
0.3909224930209215,0.2978708119429048
0.32436247294626896,0.27089262327241787
0.3770898027038048,0.2938865280364278
0.2540384555064145,0.24015671885102316
0.4875631253724789,0.3235172219428496
0.10579969260688185,0.15878006863357297
0.09196700228976507,0.14418576378335662
0.7851698503811048,0.3905371875708026
0.3280951036667608,0.27287647614679406
0.3620338132429974,0.28526588601963965
0.3180891440042659,0.2708926232724178
0.3871271290110097,0.29609694906637346
0.5077005112763088,0.3312647476528092
0.5441171857846366,0.34276446306110164
0.4411404912016561,0.31246511679312117
0.5227565007371161,0.3350224634037169
0.5240111665255167,0.33855913705162993
0.4913584893823908,0.3239648322014136
0.4964085191807033,0.32949641082885267
0.5341112261221417,0.3403385259807362
0.1271603776544023,0.17160603665983276
0.28788306514852113,0.2547399715960898
0.30798908440764095,0.26358718176844737
0.2954737931683448,0.25983499207011457
0.4360904614033436,0.31091229601958437
0.30802045105235093,0.26403479202701136
0.22013111257488788,0.22865700344273077
0.4549731815187729,0.3193229480385277
0.47379316834478213,0.32087024275948967
0.2703177441109125,0.2516453821541658
0.33687776418556514,0.27751836030968
0.16486308459584076,0.2007946463602655
0.20501238982466047,0.2151623830549124
0.20626705561306105,0.21670967777587438
0.19500643016216554,0.21384165648951986
