0.5792791945045639,0.35603251529335056
0.16106772058592897,0.19791557296876122
0.542862519996236,0.34453279988505814
0.6257331953200965,0.36576389387768643
0.24898842570810203,0.24147744541641572
0.22511840908378034,0.23329336155304187
0.1635770521627302,0.2023364150286526
0.2050437564693705,0.2204729195793569
0.3193438097926665,0.2689032443454667
0.2967598256014555,0.26647178121252646
0.16486308459584076,0.20234194108122747
0.4976631849691039,0.3312647476528092
0.4398544587685455,0.3126806328435409
0.5013958156895957,0.3341327689391637
0.39465512374141337,0.2967600753753572
0.2665851133904207,0.24944048717679498
0.4235438035193375,0.30936500129862243
0.15099902763401402,0.17978459447063178
0.19375176437376493,0.207652477605672
0.1560176907876165,0.18995253120838193
0.23393243624729465,0.23550930863556238
0.49261315517079135,0.32949088477627775
0.2402057651892977,0.23573035073855692
0.19378313101847494,0.21517343516006213
0.26410714845832944,0.24900392902338075
0.2954737931683448,0.2664662551599516
0.25406982215112456,0.24767767640541336
0.27662243969762557,0.25430341344267554
0.2439697625544996,0.23683556125352978
0.44615915435525866,0.31600179044103427
0.24525579498761022,0.23684108730610465
0.3231391738025784,0.27001398091301443
0.29293309494683356,0.26203988704748543
0.38464916407891847,0.29521830670697
0.5629371726106459,0.3491746840479441
0.5114645086415106,0.3376749686396517
0.5730058655625607,0.35139063113046465
0.47504783413318274,0.3239648322014136
0.4072958815595496,0.2974397798420655
0.34067312819547696,0.2830499389371191
0.3883817947994103,0.29676007537535715
0.3231078071578684,0.269787412757445
0.32812647031147085,0.2744292969203309
0.35453718515730376,0.28505036996921995
0.28167246949593805,0.25475102370123953
0.3833631316458079,0.29211819121247123
0.29167842915843295,0.26005050812053426
0.3620338132429974,0.2907919385945038
0.3130704808506634,0.2669138654185156
0.48132116307518585,0.32507004271638645
0.3344311658981839,0.2779714966208189
0.48257582886358646,0.3279435900553158
0.3532511527241931,0.2850448439166451
0.3331451334650733,0.2755345074353037
0.6294658260405884,0.367084620443079
0.5767384962830526,0.35425865241681914
0.45494181487406293,0.3210857588099093
0.5302844954675199,0.34121164228756473
0.42106583858724633,0.3056128116002896
0.5528684796587309,0.34607456855344526
0.5868071892349674,0.35846397842629085
0.5390985226310342,0.3436486314730799
0.5491358489382391,0.3451959261940419
0.49637715253599324,0.329932968982267
0.6043725102725761,0.3604533573532419
0.46375584203757725,0.3228596216864408
0.4373764938364543,0.3098126115571864
0.4135064772121327,0.30295478031177997
0.663404535616825,0.37726360928597885
