0.27126805336330406,0.10652156296245488
0.45684133975720415,0.15507989889005716
0.29865214409083773,0.11055696703562909
0.3850796510394716,0.1393566995260068
0.3889444412306727,0.1429402164663797
0.57140771470521,0.17405553581032274
0.5328314339941768,0.1713980803538486
0.3588470088507276,0.13367834157264755
0.4236697050583851,0.15019545417925115
0.358070194286281,0.12942234916573747
0.4668683078940337,0.16253312270468231
0.4483514727798117,0.15431898333112956
0.5166257599422623,0.16391154384191167
0.31100404659785524,0.11480209147036655
0.30984157941276125,0.11382066633112459
0.28823952333336084,0.10826366740035981
0.26583861539690545,0.08574869420920579
0.4101498260431215,0.14540976625905735
0.3607725172923881,0.13554156877288234
0.29672388098760133,0.10922288407472724
0.42327027912985754,0.146854340270381
0.40822982692461324,0.14406489407940443
0.5027422655989598,0.16278694498230847
0.3148660821274802,0.1200173005516441
0.3245129069668147,0.12925680947365858
0.4221160759294917,0.14549828510486928
0.31100680125943125,0.11782315147409474
