0.5179486684491462,0.28572402224906374
0.5150336386714415,0.2849591633503849
0.550786189322497,0.30201324493280973
0.49184853428055714,0.2823010893559661
0.5111823244949374,0.2830697346848364
0.48704163087228886,0.2762503739099815
0.5053715697724925,0.2826835188053055
0.5305064622928352,0.2940579551005107
0.5218192874586153,0.28913559585158705
0.5411337728400305,0.2940617415307022
0.3266570785996274,0.19175239775691874
0.3054024575052364,0.1678903146902132
0.6184110191986564,0.3077156088011783
0.5952548720572195,0.3046902510781859
0.5865580448065173,0.3043078216288465
0.3324581809055897,0.20652326193388135
0.3518016235364524,0.2190336272865305
0.4368008030810514,0.2648721511845847
0.4426019053870137,0.27055558290199583
0.4909025974652754,0.2781435890057213
0.41457128792193126,0.2569092884919027
0.3701412148531385,0.23948035032052126
0.46675225142614457,0.2713204418006747
0.4068493547359581,0.24857914207064716
0.3942819084757869,0.2478142831719683
0.38369320759452136,0.24441785529021093
0.42910782714452567,0.2603397942453834
0.40591307033715895,0.24783321532292568
0.40784355363365227,0.2504837164569615
0.39046920396521273,0.24631864324633373
0.36242893408364785,0.23342584844434516
0.3537417592494281,0.22926077523371738
0.3517919711199699,0.20691326424360373
0.29383886255924174,0.15994638414848864
0.3073812028841421,0.17737532231987002
0.274514724761344,0.1508513788285542
0.2899778959662552,0.15653859697615682
0.32472659530313414,0.18493682341225512
0.3121494966264805,0.18076039091105292
0.294775146958041,0.16372145504939398
