0.4015466983938132,0.4888036194948742
0.31766805472932774,0.4589656949773781
0.173111243307555,0.38434224843937914
0.24509220701963116,0.4336521390527461
0.14812611540749554,0.34528377527060305
0.28138013087447944,0.45089055609644346
0.35276621058893515,0.4611992440295515
0.3652587745389649,0.4807284806139396
0.16061867935752527,0.37397629001775384
0.11183819155264722,0.3051371628199988
0.07555026769779892,0.26155432105835863
0.12373587150505651,0.3120096214420709
0.038667459845330154,0.19386060363094898
0.2212968471148126,0.4176164022679113
0.2575847709696609,0.4348548193116087
0.13682331945270673,0.34419563598877495
0.13622843545508628,0.3407021361892217
0.0511600237953599,0.2282801672298265
0.025580011897679947,0.11356737872974057
0.03807257584770969,0.15485940095069012
0.02617489589530041,0.15256858140999943
0.09994051160023795,0.3005555237386175
0.12433075550267697,0.33382967756714965
0.06365258774538965,0.25697268197697726
0.1124330755502677,0.31092148216024285
0.0761451516954194,0.26733864039860256
0.10053539559785842,0.3006127942271347
0.08804283164782867,0.2902468358055094
0.024390243902439022,0.02411087566576943
0.20880428316478286,0.407250443846286
0.024985127900059485,0.07227535650879102
0.2325996430696014,0.4232861806311207
0.22070196311719215,0.4095412633869766
0.2688875669244497,0.4405245976748181
0.14872099940511602,0.3602313727736097
0.2082093991671624,0.3991753049653513
0.05116002379535991,0.2374434453925892
0.0874479476502082,0.2810262871542294
