0.005801102305962298,0.004547502659967209
0.08410150481172964,0.05608839042638989
0.018368548566133534,0.016671652133085448
0.7093271300470075,0.40585609293414254
0.6185365006129285,0.3967459418934422
0.6446173299485527,0.40053994494530487
0.7093271300470075,0.4092638801064743
0.6426868466520594,0.39713215777297306
0.6117798090752021,0.3948527267977023
0.764365208830031,0.4187375284455567
0.5934209129255511,0.3906800807266915
0.7112576133435008,0.41002116614477024
0.3470526346270789,0.27396715650451897
0.5760465632571117,0.38727229355435977
0.5692705668864202,0.3853715055982369
0.6088840841304621,0.39409544075940633
0.585698979739578,0.38954415166924766
0.7411994092721115,0.4157083842923729
0.7498865841063314,0.41760159938811275
0.6021080877597708,0.3918160097841355
0.5876294630360713,0.3895441516692476
0.7778978967384488,0.4213956024399755
0.5847337380913313,0.3891655086500997
0.5547919421627207,0.3823423614450531
0.7315276879566802,0.41342895331710205
0.5518769123850158,0.3800629304697823
0.45722531635795033,0.3421759099738357
0.2097759674134419,0.14135879833851442
0.7257362380672003,0.41229302425965814
0.4939431086572526,0.36036592061370454
0.564444358645187,0.383856933521645
0.21655196378413333,0.15310430479248469
0.5634791169969403,0.38347829050249704
0.4890975955830544,0.35657191756184176
0.5171089082151719,0.368317424015812
0.6166060173164353,0.3956100128359983
0.44562311174602576,0.33497411974964114
0.44369262844953244,0.3311876895581614
0.21170645070993518,0.14552387154914218
0.5885947046843178,0.38992279468839564
0.6059883591857224,0.39371679774025836
0.11504715205451686,0.0792083331755654
0.17595390005887968,0.1299843620433092
0.5441549791990427,0.3785483583931904
0.4784799374523413,0.3550573454852499
0.7411994092721116,0.41495109825407694
0.7431298925686048,0.4164656703306689
0.5760272584241467,0.3865074346556809
0.5992123628150309,0.3914373667649875
0.17886892983658453,0.13983665340153956
0.3770137353886546,0.2948076682784237
0.713188096639994,0.41191438124051016
0.12278839007345489,0.0886819815146478
0.5837684964430847,0.38840822261180374
0.5828032547948381,0.3880295795926557
0.5490004922732408,0.3796918603110173
0.1382322564454011,0.09019655359123971
0.46593179602513496,0.34521262698740246
0.6030733294080174,0.39219465280328347
0.4871864171195261,0.3558222043839288
0.36251580583199006,0.28646994899678524
0.5837684964430847,0.38878686563095166
0.4891169004160193,0.3569581334413728
0.3992335981312922,0.3092036758664298
0.553826700514474,0.38196371842590515
0.5055260084362121,0.36604556590092424
0.031901236474551405,0.022737513299836046
0.5856989797395781,0.3895441516692476
0.7788631383866954,0.42177424545912345
0.08890840821999789,0.05986724775748671
0.22913871487726947,0.18795460827486452
0.5557571838109673,0.3823423614450531
0.0608777907549155,0.03713352088784215
0.47558421250760147,0.3516495583129181
0.47751469580409467,0.353542773408658
0.5654096002934337,0.383856933521645
0.5055260084362121,0.36528827986262824
0.6079188424822155,0.39371679774025836
0.5528614588662274,0.38082778936846123
0.2726131987142982,0.20387276079984545
0.44369262844953244,0.33232361861560533
0.4040598063725255,0.31109689096216964
0.553826700514474,0.3815850754067572
0.41568131581741496,0.32209268423822696
0.2948523662899008,0.22282005747801029
0.46784297448866335,0.3489914843184993
0.5818380131465914,0.3876509365735078
0.3721682223144565,0.28646994899678524
0.6030733294080174,0.3929519388415794
0.5267806295306031,0.3736259991442667
0.611779809075202,0.3944740837785543
0.0685997239408886,0.040162665041025974
0.24361733960096912,0.19098375242804835
0.500699800194979,0.3633950647668884
0.5702358085346668,0.38612879163653285
0.5364330460130695,0.37627650027830256
0.0560515825136823,0.027667445409142708
0.3886159400005792,0.3035240305792101
0.497804075250239,0.3633950647668884
0.45915579965444364,0.3444477680887235
0.5393287709578094,0.3781697153740424
0.4919933205277943,0.3592224186958776
0.45143386646847056,0.3380108367632079
0.5209891796411233,0.3705968549910829
0.40407911120549034,0.31451225099488445
0.5663748419416802,0.38385693352164507
0.779828380034942,0.4221528884782714
0.32000656364320806,0.2281437783272308
0.5373982876613161,0.37665514329745053
0.5200046331599117,0.369453353073256
0.7421646509203582,0.41608702731152086
0.2668217488248183,0.2027368317424015
0.07730620360807329,0.05039359941840432
0.45819055800619696,0.34255455299298365
0.4108358027432168,0.31564818005232836
0.5460854624955359,0.3796842874506343
0.41857704076215485,0.32474318537226277
0.32288298375498314,0.2413887111370271
0.2552195442128936,0.20121468680542673
0.5634791169969404,0.3834782905024971
0.51905869634463,0.368324996876195
0.2735977451955097,0.21183183706233596
0.5335373210683295,0.3758978572591546
0.5248501462341097,0.37286871310597075
0.4668777328404168,0.3467196262036114
0.5248501462341097,0.3732473561251188
0.5663748419416803,0.384235576540793
0.5567224254592139,0.3823423614450531
0.3045047827723672,0.227363773707786
0.7218752714742138,0.41191438124051016
0.45046862482022393,0.3357389786483201
0.529676354475343,0.3755192142400066
0.32965898012567457,0.25161964551440547
0.45432959141321044,0.3406613378972438
0.5055260084362121,0.368317424015812
0.5219544212893699,0.37173278404852683
0.14307776951959925,0.11027220646646552
0.40118338626075045,0.3099685347651087
0.4127662860397101,0.321327825339548
0.4678622793216283,0.34899905717888224
0.505526008436212,0.36490963684348027
0.10051061283192247,0.06858361005827317
0.29774809123464074,0.22433462955460218
0.1537340373162421,0.11937478464678289
0.4272835204293396,0.33080904653901344
0.4118010443914635,0.3190559672246601
0.5605833920522005,0.38309964748334907
