0.6057335526043948,0.17857606096018852
0.615372113459001,0.17902802684641142
0.43677913949881686,0.15834320441844496
0.39859402073158307,0.14853037058761318
0.2519771583462114,0.10039116036945119
0.20799623162296396,0.08580397911112746
0.6470066469983831,0.18379134879488757
0.3854763223064231,0.14772535311262266
0.4290660870858711,0.15608298122022285
0.39473473986353413,0.14816645102667292
0.4973486382330499,0.1686195808884662
0.46726222449940924,0.16539998350903357
0.5212646100363341,0.17159661772955304
0.2384793166235562,0.0972709498080031
0.28824778731808903,0.11507764969233795
0.2975117141983522,0.11903603291924522
0.2527567275722341,0.10528670931269449
0.36156035050313895,0.14506805516299162
0.5829828026477808,0.17769410139235264
0.5644714768567108,0.17456286535188884
0.5486514554254438,0.17386802391363398
0.2959718583773391,0.11819817526747223
0.35384729809019316,0.13967659592430567
0.42482666292032695,0.15524512356844986
0.27589863947264753,0.11255257873747399
0.3584668655532324,0.13988584376533975
0.5339883918561186,0.17186115047250872
0.5756526481939062,0.17564328354200764
0.5575242203619074,0.1741547651214642
0.31178086116230186,0.12427313545171113
0.4279118838855053,0.15552076054384278
0.38469675308040036,0.14586181089870173
0.4240526030174563,0.1530509744909005
0.5779638092562139,0.17699933870751935
0.26586616201266594,0.1073814715722593
0.2924927208067854,0.11753641026626453
0.25467948135231844,0.10705062844836623
0.3272179846344978,0.13244333041604414
0.5729503251877991,0.17489347221551726
0.4433490073577011,0.16119919725062357
0.5363078169031545,0.17220309782883908
0.502747774922112,0.16915982936023635
0.47728919263623876,0.1669876524872969
0.43100261417383573,0.15750550427351503
0.31100680125943125,0.12269641319904197
0.3291490023993103,0.13585028218532244
0.4132460656546041,0.15273099933918008
0.45568438189526234,0.16149672767720488
0.6161489280234477,0.17981099336337045
0.6165373353056711,0.18109002768261523
0.5455634797986895,0.17240155645112198
0.4664881645965385,0.16336019113770422
0.39936532597287766,0.1507464918697724
0.3002057732197311,0.12147250627487576
0.34150365956790385,0.13866217310143814
0.30291085088741415,0.12260828812033776
0.31834521969803403,0.13137378019809798
0.2793832863663535,0.11504473076213388
0.2905617030419729,0.11512175160840082
0.22227915189479397,0.09592576261466398
