0.37335717198331303,0.2914605909560624
0.634547222483611,0.3611275357673754
0.42357517016404755,0.30937052735119724
0.3318904676766727,0.277965970568244
0.20378909068096987,0.2248937616392483
0.3770898027038048,0.2945496543454115
0.5454032182177473,0.34564353645260587
0.31683447821586525,0.2742082548173363
0.4436498227784574,0.3177701272649908
0.5805652269376745,0.3560380413459254
0.6420438505693046,0.36709014649565386
0.34067312819547696,0.2830499389371191
0.5390671559863242,0.343643105420505
0.48006649728678524,0.3286067163642995
0.5642232050437566,0.34984333640950266
0.39845048775132524,0.30229165400279623
0.3532511527241931,0.2857079702256287
0.562968539255356,0.3480749995855461
0.45494181487406293,0.3210857588099093
0.3105611492738622,0.26691386541851564
0.3858724632226091,0.2985284121993137
0.3946864903861234,0.2987549803548832
0.28920046422634177,0.2591718657611309
0.22013111257488788,0.23020429816369276
0.38715849565571975,0.29853393825188856
0.2942191273799442,0.2620454131000603
0.09444496722185629,0.13135979575709683
0.16862708196104262,0.20300506739021115
0.2226404441516891,0.23086742447267647
0.32185314136946774,0.2753134653323092
0.43358112982654246,0.3133437591525246
0.38342586493522784,0.2965500853775123
0.39719582196292463,0.29963914876686143
0.2954737931683448,0.2664662551599516
0.3821398325021173,0.29654455932493745
0.5554405445249523,0.3469697890705733
0.3620338132429974,0.2907919385945038
0.46999780433487026,0.324843474560817
0.4562278473071736,0.32109128486248417
0.4913584893823908,0.3325854742182017
0.3419591606285876,0.283055464989694
0.47504783413318286,0.326838379540343
0.5491358489382391,0.3460800946060201
0.373325805338603,0.2910129806974984
0.29042376337003234,0.25982946601753976
0.2238951099400897,0.232635761296633
0.44493585521156803,0.3177756533175657
0.1924657319406543,0.2173728040848581
0.42228913773093696,0.30936500129862243
0.2766538063423356,0.25872978155514176
0.35453718515730376,0.2857134962782036
0.15231642671183465,0.19372129906443933
0.2703177441109125,0.2516453821541658
0.40851918070324017,0.3062759379092733
0.1032903610300806,0.16253778438448063
0.2527837897180139,0.2476721503528385
0.11210438819359494,0.16276435254005006
0.27411310812082434,0.2560717502666321
0.16483171795113077,0.19570515193881557
0.26410714845832944,0.24900392902338075
0.23267777045889404,0.23993015069545376
0.33694049747498517,0.27996087554777
0.2502117248517926,0.2439033824967811
0.2740817414761143,0.252087466360155
0.25406982215112456,0.24767767640541336
0.4712838367679809,0.3248490006133919
0.2967598256014555,0.26647178121252646
0.35698378344468495,0.28680765468802677
0.395972522819234,0.298760506407458
0.22640444151689096,0.23329888760561673
0.1975157617389668,0.2182624985494112
0.3181205106489759,0.27421378086991116
0.24271509676609893,0.24125640331342116
0.29296446159154355,0.26204541310006024
0.29547379316834477,0.2644768762330005
0.12716037765440233,0.16917457352689255
0.24776512656441144,0.24369339249893626
0.25529312129481513,0.2483352766618222
0.3746432044164235,0.2914661170086372
0.43113453153916126,0.3113654323307232
0.3997365201844359,0.30229718005537104
0.2892318308710518,0.2591773918137057
0.4198425394435557,0.3080498007858047
0.4411404912016561,0.31334928520509947
0.36077914745459677,0.2888025596675527
0.37963050092531603,0.29455518039798634
0.4072331482701295,0.30627041185669845
0.42482983595244816,0.310033653660181
0.3382265299080958,0.27996640160034486
0.3582698158777956,0.28681318074060164
0.5152598726514225,0.3363542420742591
0.3205671089363571,0.27530793927973435
0.1573350898654371,0.194384425373423
0.36331984567610803,0.2907974646470787
0.4059784824817289,0.30428103292974734
0.3406731281954769,0.28106056001016794
0.5077005112763088,0.33568558971270057
0.5013958156895957,0.3341327689391637
0.4813525297198959,0.32861224241687437
0.21260311784448419,0.22954117185470904
0.4423951569900567,0.3157807483380397
0.2665851133904207,0.2514298661037462
0.26787114582353133,0.25143539215632105
0.22888240644898217,0.23550378258298751
0.20002509331576804,0.222462298506308
0.28794579843794116,0.2591718657611308
0.5641918383990465,0.34895364194494954
0.2716037765440231,0.2516509082067407
0.27536777390922496,0.2587242555025669
0.5503905147266396,0.34696426301799843
0.31557981242746463,0.2722188758903852
0.5252971989586275,0.33989091572217217
0.22135441171857848,0.2308618984201016
0.21131708541137356,0.22953564580213418
0.41855650701044506,0.3080442747332298
0.1824284056334494,0.2144992567459287
0.5140052068630219,0.33591215786827
0.2916784291584329,0.2620398870474854
0.5215018349487155,0.33988538966959736
0.6056585427056869,0.3589115886848548
0.5340798594774318,0.34276446306110164
0.16988174774944326,0.20477340421416773
0.1987704275273674,0.2198097932703732
0.33317650010978334,0.2779714966208189
0.3117844484175528,0.2702239709108593
0.46375584203757725,0.32352274799542446
0.42984849910605066,0.31025469576317555
