0.451961193038489,0.17177118446119843
0.4875954805293914,0.18179110669967619
0.5091046558461289,0.18527790678744513
0.5537764713364094,0.20370393560853753
0.4661075034800489,0.17408083561240328
0.2817179075896863,0.11169793116891108
0.2732315345425767,0.0991527467806719
0.5028794313211467,0.18418841787807197
0.7143674790313804,0.221697109015861
0.3388613703973261,0.13478736454211793
0.4378219486860607,0.17011544444450497
0.5854184184679305,0.2067518910881332
0.49439305827403707,0.1838829689634501
0.33715137682746726,0.13443781337779126
0.3812649712763477,0.151601211124003
0.4706227344351722,0.17935078221601283
0.4694921601741084,0.17455942669253274
0.6544258449276078,0.21481334675638844
0.32811384882808914,0.1258574756852319
0.6866472113679242,0.2159458489710292
0.5351078638505946,0.19673360226631115
0.3275202973410307,0.12332894670215899
0.4180439652065771,0.17002887336175115
0.3128157658580706,0.12049714669333855
0.6006953031705541,0.21097808444873004
0.2636075211452717,0.09884675339383145
0.355240565004487,0.13979542000859177
0.32979557804142146,0.13247716891869452
0.5232156358420305,0.19032897555918657
0.3869461069381929,0.16510630003359394
0.35807406674627795,0.14628607332625157
