0.4367791394988169,0.15721860555884176
0.2592852755074776,0.08386341605093961
0.2751190702466249,0.10712780680147622
0.32297580580737756,0.1247695970211046
0.26393238958627735,0.10151575922905441
0.4217359326319966,0.1511104114307127
0.358072948947857,0.13331442201170735
0.5301318656496457,0.16771557036259888
0.47612672545114476,0.16044938592413321
0.47998325165761774,0.16238987023089957
0.326066536095708,0.13198041780422706
0.4082380909093413,0.14936838574622927
0.5131576410180128,0.1653339093883608
0.4645599014933022,0.15855308228685136
0.27357370510245965,0.10167011593527446
0.27821530985810744,0.11035858716676769
0.3553816445880542,0.13285158815331183
0.31795405775423463,0.12222247510820919
0.5440236239776763,0.17168497906852187
0.29133576294484353,0.1143279958726907
0.31795681241581075,0.12303843930879382
0.2963547563364103,0.11773502639539055
0.3125604303883247,0.12190289372359644
0.4552932199514628,0.15849763987808657
0.39511763782260534,0.1483538054165186
0.5316744761322348,0.16861965964188774
0.5008084931725714,0.16337113786329843
0.3862421182245656,0.14536574309641603
0.47303599516281436,0.16037205006418012
0.42559245883846936,0.15606085150876992
0.48268832932530076,0.16251130800691552
0.3808402268739275,0.14360158770047965
0.36078078127711627,0.13440618069452806
0.3634831042832233,0.14312741334938223
