0.5781120823058061,0.21851575784271396
0.5950636301326303,0.22043175557988737
0.5373760784618536,0.20466166224101498
0.42992206103687786,0.17416740669515707
0.6324008451042601,0.2322816489450034
0.6137181054401819,0.22295810667408597
0.5277661972428119,0.20265800447665058
0.5475653789896905,0.2078424689419435
0.45479469478027995,0.18375011774211725
0.43219027564813706,0.1781317089186183
0.37450979006649193,0.1637124511540361
0.4021876611951583,0.1658015910567171
0.31906925473957926,0.1390119244860591
0.2562799867157524,0.10895379118728155
0.23761844531906928,0.10141775120995339
0.2596858416772069,0.12176086671265643
0.31851103369817907,0.1384462178509573
0.4010782852014896,0.1657161089184005
0.22232036234905067,0.08390480229941506
0.28289794447467154,0.12912485346891417
0.3705598462419004,0.15717932900332726
0.367153991280446,0.15587150673430464
0.33096148274814335,0.1487705000596197
0.2902325449933225,0.12964645785431123
0.3445566382374347,0.15256220458979192
0.35923290536386826,0.15269124450559474
0.361508186064259,0.15482666454685484
0.3072123571766734,0.13696579788864566
0.29757421160110514,0.13156245559148466
0.4129705132100536,0.1727741022878178
0.4010782852014895,0.1641480289288979
0.5051264476650108,0.19686264218211397
0.5096487447092657,0.1972982199569758
0.5418842433278453,0.20592374884367715
0.4446053942524431,0.18026440659878548
0.5509429695946185,0.21097753997651145
0.4819708735805993,0.19603667782653222
0.39430897181337043,0.163887771208418
0.46046169826386185,0.18923948664981344
0.5153228142819792,0.20226544000705637
0.4429377972173741,0.1794389867154223
0.4440683714784378,0.18013591115520125
0.42652327216455505,0.17325214889572868
0.40277414659308514,0.16976698222461548
0.32754149560842555,0.14384629331480672
0.29869065368390557,0.13164848220201988
0.3207580500420432,0.141276384443122
0.28061559768514915,0.1250287889685573
0.23024144826562842,0.0937929622609971
0.2325167289660192,0.09919521561372091
0.2404448809717286,0.10477170007638946
0.2545699931458935,0.10542452226646361
