0.42040134747734104,0.24935157382970907
0.42521790330209175,0.2501050734378136
0.37694616847327733,0.24063521152892262
0.3527958224341464,0.22434598884517662
0.3566471366106505,0.226614060529873
0.3682493412225751,0.23457313679236352
0.3518209283694173,0.2235849163766892
0.3479406569434659,0.2125966959610149
0.27641625080838994,0.15803423690179133
0.26576963542822946,0.13909072665381803
0.4174766652831537,0.24328192623276695
0.33729404156330545,0.20993483553640457
0.30446617310643725,0.18796975399563043
0.27642590322487237,0.16030988144687067
0.27640659839190745,0.155758592356712
0.41749597011611866,0.24366814211229793
0.29091418036505445,0.17697396071957316
0.3189544502466193,0.18835218344496987
0.27644520805783723,0.17394860299658083
0.2986650708004749,0.17925717812503547
0.327641625080839,0.20387654723003693
0.2706248009189101,0.1550050927486075
0.3247169428866517,0.19326318340331916
0.45517900406366735,0.27094558521171824
0.4300634163762899,0.259957364796044
0.45615389812839646,0.27738630296742534
0.494763564058262,0.283065948254645
0.4947732164747444,0.2838270207231325
0.4474474184612118,0.26866994066663885
0.5025337593266475,0.2959587430566336
0.49865348790069597,0.2849705226409593
0.48416521076051383,0.282316235076732
0.3981814847347034,0.24177114058636653
0.43396299263520627,0.2611084395742538
