0.4084411500766671,0.17242509559570976
0.39600483320496604,0.16772085562720204
0.5939401219606985,0.2206065311620507
0.4887543191469817,0.19351032673233365
0.2783615152521534,0.13099674895638289
0.328135047095484,0.14528587786072508
0.32303333074243396,0.14502344225137084
0.2353572967969418,0.10607843340097495
0.28684082221013135,0.13278261783331635
0.3439560206612446,0.14763745337276038
0.2461260166335738,0.12202275784979208
0.41973982659817266,0.17704167553702654
0.45027946382515677,0.1833586422169602
0.367153991280446,0.1629714244645524
0.3971283413768981,0.1688963711471104
0.3603564135358004,0.15931148221127592
0.4067311565068082,0.17216265998635552
0.3580952650136729,0.1587887888814417
0.4525476784364158,0.1868002511105872
0.4672663420976392,0.18884910006909353
0.42992912712600956,0.1821390244473471
0.4107093646879262,0.17525689560453023
0.36659577023904577,0.16088119561743422
0.40786879685700356,0.17216320445857408
0.5062711541043379,0.199694986663153
0.3541311890108182,0.1578735310820133
0.4287914867758142,0.1806575155405983
0.27835444916302177,0.1259870600732533
0.5028794313211467,0.19825758000610896
0.4683686520021763,0.1905892332796665
0.4910225337582408,0.19821511117305995
0.5696257092586965,0.21354962673707054
0.5865913892637841,0.21947402894741
0.6041364885776669,0.2244848067749767
0.6041152903102719,0.22143412893428818
0.6295814755407324,0.23071411342771944
0.5882872506553798,0.2196047022798685
0.5809526501367288,0.21712299790759326
0.5266568212491433,0.2084528222989686
0.660128178856848,0.2378156645746229
0.5809385179584654,0.2148133467563884
0.34678952240303557,0.1548685889076853
0.33603493474466684,0.14545902002623268
0.4655492824386487,0.18797631110271412
0.4259721172122865,0.18030959779292743
0.509684075154924,0.20048066007456003
0.5249468276792842,0.20326835783367572
0.39941068816642045,0.1704660845532687
0.39428777354597555,0.1670658555482536
0.5238091873290889,0.20296290891905389
0.5588711216003278,0.2122418044680479
0.5543417584669412,0.2114136622235919
0.5125034447184517,0.20126415559709274
0.3750821432861554,0.16650069338537035
0.4339002692179959,0.1824885756116737
0.3360420008337985,0.14746322226281564
0.4706580648808304,0.1905914111685408
0.4672734081867709,0.18959012675857723
0.29813949873163703,0.1425825732954889
0.4802538139216088,0.19189705554868913
