0.43900198557104597,0.19930296666577735
0.24274842602864594,0.13178078895113415
0.23255912550080907,0.12685767115075836
0.2518000862062874,0.13626778450442953
0.25801117855300626,0.14275734887765218
0.25066244585609204,0.13217280894850983
0.28573851230559416,0.15164531337370774
0.30100833091908613,0.15804885113639516
0.30440711979140905,0.16188248002739786
0.3264603839712834,0.16758909335030636
0.31287936066025535,0.16240462888501345
0.37508920937528706,0.18200780664266997
0.33663555232085696,0.1704639066643944
0.32759095823234713,0.168939384452378
0.3417372686739071,0.17399317558521235
0.3920619554695063,0.1863211155582392
0.42429745408808583,0.19507731777739906
0.4344726224376594,0.1986926133087522
0.4356102627878548,0.19917229333331882
0.4254209622600179,0.19612215996484886
0.4011065495580161,0.18923948664981344
0.5854608150027204,0.22452673113580718
0.24161078567845054,0.12851341116745188
0.29252195787197655,0.1548685889076853
0.40393298521067544,0.18997996886707852
0.3388967008429844,0.1709865999942286
0.3869602391164562,0.18449059995938236
0.46048996262038844,0.2039641933290175
0.4610481836617887,0.20505259329395348
0.3801838596392055,0.18440402887662857
0.3411578493651119,0.17233689109630024
0.3615152521533907,0.17634475109724762
0.3620876053730541,0.1799170333233332
0.4044982723412073,0.1905462199743989
0.45539531235647,0.20357162885942326
0.27894093456094854,0.149117873335072
0.27950622169148037,0.14977123999736475
0.2846008719553988,0.15147053779154443
0.29873305021869545,0.1560876622050798
0.2755421456886257,0.14733145998591995
0.2664975516001159,0.14602472666133445
0.2755492117777574,0.14903075778009964
0.3762197836363508,0.18435992662692383
0.3931783975523067,0.18732185549598426
0.38865610050805177,0.18540531328659218
0.35359416623681295,0.17603930218262578
0.3694292719808368,0.18026495107100407
0.31909751909610584,0.1669781955210626
0.35924703754213155,0.17612641773759816
0.4158040149518446,0.19337747551100076
0.4978130454137549,0.21594367108215487
0.4831155800199263,0.2123719333282879
0.4090205693854622,0.19159160663406727
0.4503077281816833,0.20200354886992067
0.4797167911476035,0.21010638442678778
0.5198663095936292,0.22016931997053316
0.5102564283745874,0.21973374219567132
0.48593494958345407,0.21476706661780937
0.4672663420976392,0.20810163771798623
0.4503006620925516,0.20178521551027118
0.43956020661244616,0.20060915551814423
0.44973537496201976,0.201741657732785
0.4808402993195356,0.21180459327653034
0.5277873955102069,0.22378515997410486
0.4729333455812212,0.20858186221477143
0.46613576783657545,0.20644644217351132
0.5023353424580097,0.21746819329417125
0.41694165530203997,0.1940313866455121
0.41241935825778503,0.1927682110984128
0.4463507182679602,0.2014808555400865
0.4288197511323408,0.1964711666569569
0.4163763681715081,0.19394427109053974
0.46444697253411155,0.2056193888734924
0.45144536853187867,0.202178324452084
0.4474812925290239,0.2016986444275174
