0.4252565129680215,0.2554212214266512
0.446520786478895,0.266034585253369
0.4223125259408694,0.25199450210336194
0.2976901767357458,0.19364182642246716
0.3112228646441637,0.2072805479721773
0.29671528267101666,0.18757975168590804
0.2967249350874992,0.18871946717354343
0.27642590322487237,0.17734881730852967
0.30445652068995477,0.19667475700584244
0.2899489387168078,0.18227496298764487
0.306387003986448,0.20008254417817423
0.3469850677117016,0.22547434504223762
0.413635003523132,0.2512410024952575
0.39915637879943244,0.24972643041866555
0.3634038281483769,0.23418692091283255
0.3894943099004836,0.24442164172040237
0.3807974826497814,0.242524640194471
0.36147334485188365,0.23002184770220482
0.3518112759529348,0.22812484617627343
0.2676904663082403,0.15839773420017342
0.26576963542822946,0.14931408817081343
0.24256522620438023,0.13226000658838852
0.25610756652928063,0.14552387154914218
0.27640659839190745,0.16181688066307962
0.2532021891680582,0.14173365492747092
0.4899759654829587,0.28686752416689065
0.33633845233154125,0.22546298575166315
0.32763197266435656,0.21333883627854494
0.32087528112663005,0.21144562118280502
0.37209100298259673,0.24062385223834817
0.3102383181629521,0.20386518793946254
0.3981718323182209,0.24555378434765482
0.5257188637175316,0.2978595310127565
0.48610534647348974,0.2861064516984032
0.5122054806420787,0.2940731008212767
0.45715774944257304,0.27891602076478317
0.49095085954768786,0.2921723128651538
0.4339533402187238,0.266027012392986
0.5546857655814134,0.30467889178761154
0.4812984430652214,0.28346352342475034
0.4571287921931256,0.27057451505295327
0.43104796285750135,0.25807172256068694
0.4290499126456308,0.2565306454727547
