0.10799535773658292,0.042235619829687064
0.9522913333960668,0.42263250092561383
0.34691509049277,0.23507827653472294
0.830463285342367,0.410010996844624
0.6973118785483516,0.3863318615613309
0.1345001725165459,0.08801896541243695
0.738747216210282,0.39274760860074825
0.618205200589693,0.36532180967169725
0.3846177974342085,0.2545410337033947
0.6445531821461058,0.372616199070518
0.4461591543552586,0.30229718005537115
0.7324738872682789,0.3907582296737972
0.7714312599981181,0.3996109658987296
0.8002885731313323,0.40535806057658835
0.5202471691603149,0.3261807792839342
0.7437658793638845,0.39606324014566674
0.6872745522411468,0.3827951879134178
0.5290298296791193,0.3312647476528093
0.4876258586618989,0.3177811793701406
0.5692418681973589,0.3447593680406276
0.3732630720491829,0.24834080271439707
0.6885292180295473,0.3839003984283907
0.24886295912926193,0.14397577378551177
0.1847181706972805,0.10018180712971303
0.5805338602929644,0.3571377258083234
0.5454032182177473,0.33724393653881235
0.6659138671936262,0.37947403031592447
0.6533672093096201,0.37372693563806575
0.7500705749505975,0.3965108504042308
0.5717511997741601,0.3516116732334592
0.3129763809165334,0.20588966683429025
0.4222891377309369,0.2797453594973503
0.6068818418493773,0.36443211520714414
0.6583858724632226,0.37704256718298423
0.30911828361720145,0.18244262575914147
0.67344186192403,0.3799161145219136
0.6571312066748219,0.3759373566680114
0.38461779743420854,0.27023502301600905
0.2538816222828644,0.15171224739032166
0.5227565007371162,0.32662286348992325
0.7236598601047647,0.39031061941523315
0.36197107995357736,0.24193058172755455
0.38210846585740726,0.25431999160040014
0.43737649383645427,0.29809738009847436
0.25011762491766254,0.15060703687534882
0.6332611900505003,0.37151098855554515
0.3430883598381481,0.22092052983792088
0.5277751638907185,0.33060162134382554
0.598099181330573,0.35868502052928536
0.7136539004422697,0.38921093495283515
0.6948025469715504,0.38412144053138525
0.1834948715535899,0.09598753322539112
0.6194598663780935,0.3664270201866701
0.7638718986230043,0.39761606091920365
0.4222577710862269,0.27178231773697104
0.4311031648944513,0.2927923696266047
0.2991123239547066,0.17581688872187928
0.48505379379567765,0.3106967799691647
0.6182052005896929,0.36465868336271356
0.44992315172046043,0.30583385370328425
0.7701452275650075,0.3996054398461547
0.7337285530566795,0.39230552439475913
0.6056271760609767,0.362442736280193
0.6458078479345064,0.3737214095854908
0.6282738935416078,0.37019026199015265
0.5503905147266397,0.34475384198805276
0.30664031868511027,0.17670105713385753
0.5215018349487156,0.32640182138692875
0.2589630187258869,0.17228021507396618
0.6269878611084971,0.3701847359375778
0.6470938803676171,0.3737269356380657
0.12813274364041277,0.07031901901514692
0.4247671026630281,0.28968672807953105
0.29409366080110405,0.17449063610391188
0.7638718986230043,0.3980581451251928
0.48637119287349834,0.31667596885516774
0.696057212759951,0.3852266510463581
0.1872902355635018,0.12296019584330325
0.41222044477902203,0.2715612756339765
0.3217590414353377,0.2127419720271219
0.5177378375835138,0.3239703582539885
0.2953483265895047,0.17581688872187928
0.5139738402183119,0.3226441056360211
0.49138985602710084,0.3213178530180537
0.3280323703773408,0.21627864567503494
0.5704965339857595,0.349180210100519
0.22994887236912268,0.1390962693619067
0.6810012232991436,0.38146893529545045
0.7801825538722124,0.40203690297909495
