0.6796524575766131,0.32751808400705135
0.4347730623255231,0.2461359077370262
0.4398230921238355,0.25851979155729693
0.49261315517079135,0.2850614220743697
0.47623976663216344,0.2735561806135024
0.4071390483359995,0.24126745541857086
0.48376776136256705,0.2744403490254807
0.4636617421034472,0.26448792833815027
0.4699664376901603,0.27112471748056216
0.5289670963896992,0.2888136117727024
0.40086571939399646,0.23618348704969577
0.18609830306452116,0.12827625842032261
0.40585301590288886,0.2392725504390449
0.5666698033311377,0.30496073739645563
0.461121043881936,0.2593984339167003
0.41334964398858254,0.24258265593138856
0.2827703020607886,0.19791557296876122
0.3480756563470406,0.22202021430031885
0.3895109940089708,0.23617243494454607
0.31416831341551393,0.21626759356988526
0.26765157931056116,0.1861892894048994
0.2702236441767824,0.19128430987892414
0.2438442959756595,0.185310647045496
0.29911232395470655,0.21560446726090154
0.23750823374423635,0.15280640580014476
0.2136695837646247,0.14418576378335662
0.3267149712995201,0.21803593039384178
0.3656409773846491,0.2273252247721885
0.4348357956149431,0.24879946507811074
0.46868040525704974,0.2660352230591122
0.3745177378375835,0.23375202391675556
0.22743954079232143,0.1528008797475699
0.18095417333207867,0.09708721768778909
0.20112292588061856,0.13843866910549787
