0.9510053009629561,0.42262697487303896
3.136664471001537e-05,0.022330778455026224
0.8593205984755812,0.41531600731649365
0.1748376776136257,0.18420543653052315
0.6835105548759448,0.3792585142655047
0.9170979580314295,0.422179364614475
0.895737272983909,0.42128967014992186
0.8593205984755812,0.4157580915224828
0.03284087701138609,0.0864661446389001
0.016436121828048055,0.058598261503859946
0.30042972303252724,0.2516453821541659
0.28794579843794116,0.2485618448173916
0.8907186098303065,0.418637164913987
0.005112763087732505,0.04245666193268163
0.44487312192214806,0.29676560142793207
0.7475612433737963,0.3931952188593123
0.6332925566952102,0.3624537883853428
0.3055111194755497,0.2569614447311852
0.9183839904645401,0.42218489066704984
0.4222891377309369,0.2965445593249375
0.0025720648662212603,0.03405153596631319
0.5114645086415106,0.3283912003138799
0.029014146356764216,0.07385569266306
0.5629058059659359,0.34563248434745614
0.33189046767667263,0.26359823387359715
0.00887676045293435,0.04577229347760015
0.47128383676798086,0.31733356911157656
0.7826918854490136,0.40026856615513845
0.012672124462846211,0.057272008885892546
0.6872745522411468,0.3827951879134178
0.5227878673818261,0.3350279894562918
0.07437031460744645,0.14064356408286868
0.45494181487406293,0.30517072739430057
0.20121702581474862,0.1945999414238427
0.5943351839653712,0.357358767911318
0.0063674288761331205,0.0426777040356762
0.2062984222577711,0.2023474671338023
0.5215018349487155,0.33369621078574946
0.1748376776136257,0.1769110471317024
0.3369091308302752,0.26890324434546675
0.7249458925378752,0.38280071396599274
0.09322166807816569,0.14462784798934578
0.48633982622878835,0.318659821729544
0.19993099338163803,0.18928940489939822
0.6696778645588282,0.37284276722608745
0.6382798532041027,0.3712899464525506
0.3519964869357925,0.2695718967070253
0.03914557259809918,0.10106044948911644
0.532762460399611,0.3359011057631203
0.8970233054170197,0.4212951962024967
0.20124839245945864,0.1965948464033687
0.8543019353219786,0.4131055862865479
0.1270976443649823,0.15523786893308503
0.11451961983626613,0.14550649034874918
0.8693579247827861,0.4177474704494339
0.47002917097958025,0.30893396919778304
0.8178852608136508,0.4071319234531197
0.14469433204730092,0.1758003105641547
0.2200370126407578,0.20675725708854398
0.13089300837489418,0.16961113168030678
0.46874313854646976,0.3071601063212516
0.6219691979548948,0.35780637816988203
0.7299645556914777,0.39075822967379714
0.020262852482669926,0.07032454506772176
0.1748376776136257,0.18376335232453403
0.8329412502744582,0.4122158918219948
0.7525799065273988,0.3936373030653014
0.01646748847275807,0.06368775592530987
0.03155484457827547,0.08093456601146104
0.2803550704181174,0.23506722442957326
0.7601079012578025,0.395405639889258
0.27276434239829367,0.2312984565735159
0.565446504187447,0.34895364194494954
0.4574511464508642,0.3058338537032842
0.7839779178821242,0.4004951343107079
0.5416078542078354,0.3363542420742591
0.4511150842194411,0.300959875332254
0.6320065242620997,0.3584695044788656
0.055518961136727205,0.1138919435679511
0.32812647031147074,0.2609457286376623
0.010131426241334965,0.04687750399257298
0.07054358395282456,0.12405435425312636
0.7802139205169223,0.39806367117776764
0.23518710203569523,0.22755179292775793
0.37708980270380477,0.2925602754184604
0.3444371255606788,0.2691242864484613
0.8229039239672533,0.40978442868905457
0.7965245757661303,0.4062422289885666
0.35572911765628434,0.27089262327241787
0.7915059126125278,0.4011582606196916
0.26529908095731,0.22954117185470904
0.37335717198331303,0.29079746464707873
0.024026849847871776,0.07120871347970004
0.30673441861924033,0.257619044987594
0.7764499231517205,0.3967374185598002
0.19619836266114613,0.1890738888489785
0.15598632414290645,0.176684478976133
0.01016279288604498,0.04909345107509353
0.6746965277124306,0.37836881980095166
