0.5228072205189233,0.17586347810863578
0.5066153197748892,0.17584158465744745
0.43447899708281346,0.16903831283079887
0.2639544268788858,0.11674257577713286
0.2481288961244666,0.10914562696819569
0.5478773955225732,0.17804660170716943
0.48848138261973834,0.1753452018414755
0.470741362069963,0.17358112519896068
0.3874073400712356,0.1548589167892136
0.3013820137127054,0.13220084863111986
0.30215331895399994,0.13252058752257567
0.31989609416535136,0.13729469868980296
0.4094033127560114,0.16053743224941588
0.4016902603430656,0.15997513281961426
0.5648626388005102,0.1834826353824475
0.3804738568843125,0.1521358597325959
0.3939772079301198,0.1593025785996555
0.32646871668581157,0.1423999679946095
0.2597039840670375,0.11130677836211941
0.30600984516047286,0.13594951149646392
0.3962966329771557,0.15996426484744167
0.43216232669735366,0.16510213806876609
0.41133157585924784,0.16481531810751435
0.4506819164731517,0.17119946422472263
0.3465171436363186,0.14710769002747787
0.47575484613837765,0.17526802348836548
0.37544659950801745,0.1506911282144292
0.3831679159056915,0.1524003137221301
0.3596375967230547,0.14999660178986057
0.3565496210963003,0.1487947458237258
0.387798502015035,0.155079583876371
0.3457513477181761,0.14423019751121863
0.26627660658749774,0.12394244983466113
0.277080389288774,0.12814331484649266
0.29212359615559436,0.13120847676628375
