0.3508846439706181,0.2652470077735412
0.24362699201745158,0.20045361433693926
0.2880763699192094,0.2247056997133672
0.2861555390391985,0.21827255481804306
0.19144602851323828,0.1663530240324724
0.2049690640051737,0.17695881499880725
0.390517466047625,0.28950287958016063
0.33058561210799126,0.25463364394682336
0.36057567011901426,0.27018451274323074
0.5614907192015521,0.34559127000655054
0.23299002905377356,0.19173725203615283
0.2562040906941053,0.20576597589558537
0.3866564994546385,0.282308662216349
0.2639163714635959,0.21522826494409333
0.347033329794114,0.259192505897365
0.29681180683584135,0.23684120847705986
0.30740050771710703,0.2489464257992207
0.45523691856256215,0.3092112487268128
0.40599028966901873,0.2955725271771027
0.45620216021080884,0.3156481800523284
0.4909991216301001,0.32967690391176097
0.3711836758332449,0.276996300657703
0.3470043725446666,0.25690928849190275
0.40887636219727613,0.29784059886179903
0.4166176002162142,0.3023918879519577
0.4030752598913138,0.2940503822401278
0.4291657416434205,0.30807153323917735
0.5421955386531018,0.34294455530270607
0.3886062875840967,0.2849667362107678
0.4668487755909692,0.3236110427450104
0.3702280866014807,0.27359229991556255
0.357670292757792,0.26601565310241154
0.5180162353645235,0.33080904653901344
0.22429320180307138,0.17734503087833817
0.3228733313385006,0.25047235716638705
