0.008894802229072147,0.017189430566297743
0.0826095460042257,0.05350893351250261
0.011985532517402572,0.02036492602966752
0.0015618931136215262,0.013054718428560529
0.21765958443175462,0.1059591847792317
0.6860154095768562,0.2279610715537051
0.7053035499323729,0.23054119115022612
0.7731894298126001,0.23488554489610503
0.6906432410246238,0.2283910652353181
0.8530415595791977,0.24556986408970782
0.161712407822137,0.08466819726566543
0.1767583693505334,0.08896829158863843
0.13392889116607581,0.07522991470768187
0.7685615983648326,0.23469811175283783
0.6539952234168271,0.2223267367629872
0.5795477396624438,0.21018721184615274
0.6991275986788641,0.22939438382574842
0.6725120585310491,0.22611965905123715
0.6647990061181033,0.2248407034854139
0.7843788651345236,0.23720105299624883
0.7404034477344283,0.23348515155426583
0.2238355356852634,0.10849520245968985
0.7415604055963702,0.23413565481619317
0.6254514201657755,0.21848971255867433
0.7033752868291365,0.2302214522587703
0.6428112974180556,0.22168725898007555
0.24852281272984209,0.11466962821533484
0.6894862831626819,0.22836901427728665
0.5540891573765705,0.2052696906982996
0.553317852135276,0.20457508552030937
0.40864578082259706,0.16831078872260463
0.6879436726800927,0.2281485046969723
0.6674985744626344,0.22531479908308977
0.4749973142049634,0.1854118579499336
0.6173527151321824,0.21680281426926953
0.6192809782354188,0.21751947040529115
0.17714402197118073,0.09099697972753047
0.6254514201657755,0.21810382079312424
0.8171648472126956,0.23893221070855963
0.6887149779213875,0.2282146575710666
0.6813875781290888,0.22716723706457342
0.598450227397313,0.2136714207219626
0.6825445359910306,0.22742082308193493
0.7114739918627295,0.2310814396219963
0.0687095236914669,0.04504089310790219
0.334953074340052,0.1462809366081422
0.8210213734191684,0.23921887316296828
0.6574716063258046,0.22325303450715056
0.048258916150856285,0.03573507380495029
0.7184157390343807,0.23197450342226944
0.6840871464736198,0.22764133266224928
0.14357571600541016,0.07951898355163912
0.679070907743629,0.22708997995804187
0.4769283319697759,0.18555526793055943
0.20299927552400548,0.101648064977243
0.033978750540602336,0.028347687850733282
0.6038493640863751,0.21464166287534575
0.7110883392420824,0.23101528674790198
0.08106142619848439,0.05010190298980277
0.08685172483134586,0.05377354500887984
0.8121513631442807,0.2381714526564751
0.5922797854669564,0.21206170078566788
0.7022183289671945,0.22954889803881154
0.28364474782450605,0.133976029506072
0.6466678236245286,0.22197392143448422
0.15399384608603908,0.08408368937098933
0.6335528798609447,0.2201766896015007
0.25201021428512405,0.125023025531623
0.6659559639800452,0.2250942895027754
0.19335245068467113,0.09773386241982016
0.6617110304913489,0.22469729350478804
0.24968527991493605,0.11837434667145909
0.6408830343148191,0.22136752008861973
0.6154244520289459,0.21664845756304946
0.5351866696417011,0.20223752646213414
0.5668156938579311,0.2067801813234529
0.40363229675418233,0.1682887377645732
0.7731894298126001,0.23533758953574946
0.5629591676514581,0.2067471048864058
0.5772338239385599,0.20982337103863408
0.6601711746703357,0.22407994543332937
0.5278537605262505,0.19909510743581155
0.5922797854669564,0.21213887913877785
0.5745342555940288,0.209161842297691
0.6971993355756276,0.2290746449342926
0.4815561634175433,0.18774933825468726
0.14743775153503516,0.08314652365465333
0.17792083653562735,0.09419452614893169
0.09842681277391668,0.06128205372542666
0.8360673349475649,0.2437394770662556
0.20531319124788927,0.10175831976740017
0.4746144162458922,0.18252326120123705
0.4206065213858152,0.17257780660853045
0.6416543395561137,0.22166520802204412
0.49351690398076153,0.18981126033746953
0.31450797612259346,0.13962138977580563
0.5394288484688213,0.20224855194114985
0.04014919247095898,0.0285461464730162
0.19952840193817986,0.10137242800185009
0.6628679883532909,0.22477447185789806
0.6605540726294071,0.22444370748742654
0.4105740439258335,0.16918180156484633
0.8414664716366269,0.2443569038911358
0.49351965864233766,0.19185105270879885
0.8217926786604629,0.23925194960001547
0.6242917076422576,0.21808169108167128
0.34575685704132825,0.15057000545209945
0.63934042383223,0.22079419517980242
0.6740546690136383,0.2263401686315515
0.5120337390949836,0.19602978800917736
0.6655703113593979,0.22499506019163396
0.43565248291421166,0.17662431491414196
0.4028554821897355,0.16471632505663755
0.6188953256147716,0.21710050220269392
0.6482104341071178,0.2222716093679086
0.5949793538114874,0.2133627073095225
0.6146531467876513,0.21624051483946793
0.582632960627622,0.2106502819648129
0.4557119285110228,0.18113389333841354
0.4807876128378249,0.1875399329068102
0.1732874957647078,0.088946240630607
0.12581916748617855,0.06787560519051199
0.2732321270670292,0.13084479346560812
0.42446304759228803,0.17276523975179764
0.3449855518000336,0.14786876309324862
0.825654714190088,0.2427251329968096
0.552152630288606,0.20419998297351033
0.6177383677528296,0.21695717097548958
0.32569190212136495,0.1416059759986348
0.6350954903435337,0.2204854030139408
0.6701981428071654,0.22553530866340413
0.6547665286581216,0.22234878772101863
0.7886210439616439,0.2376751485939247
0.4946738618427034,0.1925125026963204
0.4425942300858628,0.17830018772453105
0.6026924062244332,0.21438807685798428
0.7689472509854799,0.23476426462693215
0.6956567250930384,0.22885413535397825
0.23077728285691462,0.1128833431079455
0.2392671498343071,0.11419553261765901
0.6119535784431203,0.21583257211588638
0.33301930191366336,0.14247698884087648
0.6786880097845578,0.2267262179039447
0.2500709325355833,0.11877126391602492
0.32221551921238717,0.1405253215482514
0.41134534916712817,0.17032845138248098
0.3118028984549103,0.13789023206349482
0.5915084802256618,0.21156555422996057
0.10498841664807274,0.06186656162010278
0.529779268967911,0.1996573281121916
0.541740009531129,0.2027997471385142
0.6709694480484599,0.22560146153749844
0.12157698865905833,0.06610050306898144
0.3874238680406919,0.16353644129511277
0.5938223959495456,0.21227118488696647
0.5101082306533231,0.19540141445870302
0.5687494662843195,0.20847826259871655
0.657854504284876,0.22400268832679782
0.570677729387556,0.2088531288852509
0.6254514201657755,0.21821407558328143
0.6161957572702405,0.2166594830420652
0.4186782582825786,0.17237934798624752
0.42562000545423,0.1728975454999863
0.6019211009831387,0.2138368029071984
0.5544720553356418,0.20569960562649103
0.1347001964073704,0.07552760264110624
0.6038493640863751,0.21485114697664442
0.5895802171224253,0.2109812038421275
0.37623994204192046,0.16125416713885915
0.558716988824338,0.20597532135530555
0.6385691185909355,0.22066188943161383
0.8133083210062225,0.2388329813974182
0.18292881128089006,0.09459128588665446
0.45918280209684836,0.18249002725734684
0.16325501830472616,0.08622278980688161
0.6863983075359275,0.22799406923733073
0.6015354483624913,0.21381475194916696
0.19528071378790754,0.09940973523020925
0.4464562656154879,0.18048339007648623
0.6092485007754371,0.21582138913002757
0.5942080485701928,0.21255784734137517
0.36814123700832735,0.1596003452865015
0.6663416166006925,0.22529274812505834
0.5864894868340951,0.21085976606611156
0.5691351189049669,0.20856646643084226
0.33996104908531455,0.14710769002747795
0.48811501263012336,0.1896678503568437
0.5675842444376497,0.20733137652081723
0.17058241809702465,0.08664175800947892
0.35578933450130995,0.1522901376853945
0.6196666308560661,0.21793843860788845
0.5008498130962121,0.19419955849256823
0.22884351043052603,0.11135064401791767
0.20917522677751424,0.10556226753466585
0.5459904523429775,0.20384740390527203
0.8268116720520298,0.24346384009086267
0.6266083780277174,0.2190189355514288
0.2855730109277424,0.13397602950607196
0.3959082256949322,0.16467206563373166
0.6323931673374268,0.21955918402319896
0.6752143815371562,0.22653870600725598
0.7944058332713532,0.2379397600903019
0.44529379843039374,0.17925940439889845
0.42792841185496155,0.1731289230524733
0.6844700444326911,0.22781766157307923
0.48426124108522656,0.18955767432010803
0.664413353497456,0.2247855760903353
0.36041716594907736,0.15374550091546924
0.29059200431930937,0.13479207246007816
0.5166615705427511,0.19622824663146032
0.5313273887736523,0.20033003983899347
0.6987474553813691,0.22916300627326142
0.6640277008768087,0.2247745506113196
0.5185953429691396,0.19790427694869248
0.07333735513923437,0.04596703334522247
0.508562865509158,0.19467365409024412
0.5668212031810832,0.20723238346994044
0.21920770423749592,0.10797700494595111
0.19218998349957714,0.09576014416916359
0.6547665286581217,0.22317569864719744
0.4321761000052339,0.17343779397175643
0.12890989777450898,0.07042264834998586
