0.008894802229072147,0.017189430566297743
0.011985532517402572,0.02036492602966752
0.0015618931136215262,0.013054718428560529
0.9332765873048666,0.25213057537801065
0.0007878332107508932,0.010673136207743968
0.07991273232127069,0.0595840512035846
0.043250941405593615,0.03672752442320798
0.8437858966836627,0.24508474301301625
0.7469622969470082,0.23445547246107049
0.8530415595791977,0.24556986408970782
0.6860154095768562,0.2279610715537051
0.04323992275928941,0.030266278706311243
0.867701868486947,0.24580155665588097
0.35386107139807355,0.1569208388719959
0.7022155743056185,0.23016624611027017
0.6809991708468655,0.22727741310130906
0.6790736624052051,0.2268474981731176
0.6860126549152804,0.22785073801012637
0.6856270022946331,0.22783971253111066
0.7087716688566225,0.23073957101908749
0.6840871464736198,0.22764133266224928
0.8044355560697588,0.24141286473367451
0.6809991708468656,0.22707895447902612
0.7083860162359752,0.23070649458204034
0.7257458934882554,0.2324927796894297
0.48233297798199004,0.18986638773254813
0.10961900275741626,0.06724707413319456
0.7095429740979171,0.23091597868333896
0.004649868740375902,0.01400298837733379
0.6844700444326911,0.22781766157307923
0.13894512989606664,0.07729175803704262
0.6829274339501019,0.22758612651374915
0.7238176303850189,0.23242662681533538
0.7296024196947282,0.2333086651365928
0.5733745430705112,0.20945945147769388
0.09148782026384153,0.0632115913065988
0.7064577531327387,0.23064034170794603
0.3993901179270622,0.1704607571306696
0.11619162527787652,0.07610100630334513
0.4082601282019498,0.17350378933900767
0.6601684200087599,0.22431140173923791
0.7056864478914443,0.23057418883385172
0.8260376121491592,0.24392683145610122
0.6752116268755801,0.22642837246367725
0.6898719357833293,0.22851234550449098
0.16480038344889142,0.09279405405367094
0.11502364876963045,0.06926489429991399
0.7971026469543082,0.240023496870851
0.5768454166563369,0.20963585914194535
0.520523606072376,0.19859888212668272
0.24892223865836963,0.12324784465667092
0.05405472410686985,0.04251605841330283
0.6929571567485077,0.22865567673169532
0.018938298335358008,0.02823743306057611
0.3685213803058227,0.16193758933099056
0.4861950135116151,0.19316316346509085
0.2631968949454715,0.12764716829078537
0.6223634445390213,0.21783913054332546
0.38588401221967883,0.16483752657238893
0.5803162902421622,0.21053994842123416
0.66441059883588,0.22495087952214954
0.4263913106955246,0.17707620204694327
0.5888061572195549,0.2121057239483092
0.3773968999038623,0.16359156869019126
0.5251569468432955,0.20056157489832357
0.4337242198109752,0.18011939176212446
0.41867825828257876,0.17461752022643826
0.5579429289214674,0.20583191137467965
0.5729888904498639,0.20911766162820664
0.6983590480991457,0.2296149721594843
0.09148782026384153,0.06450157235143777
0.527085209946532,0.20061670229340214
0.5668184485195071,0.2079820372895877
0.45378366540778636,0.18361462611695004
0.6605540726294071,0.22444370748742654
0.6582401569055233,0.22395858641073493
0.808677734896879,0.24230592853394764
0.6347098377228866,0.22051847945098793
0.709542974097917,0.231070335389559
0.5787736797595732,0.20995559803340114
0.5930483360466751,0.2132523737659438
0.6775282972610399,0.22670408819249174
0.6941141146104495,0.22898644110216684
0.6736690163929909,0.22619683740434718
0.4642017954884152,0.1868562744544141
0.3554119458653908,0.15928052764162412
0.14166122621005398,0.08969589445025429
0.37778255252450965,0.16407668976688286
0.42793392117811363,0.177671577913792
0.676371339399098,0.2265607569652874
0.4028609915128877,0.17106715847653406
0.11231857110194729,0.0676439913777604
0.5147388167626666,0.1974632577880638
0.490051539718088,0.19347187687753092
0.605006321948317,0.21573318529790186
0.5313273887736523,0.2013884858245024
0.6678814724217056,0.2252265164975425
0.599607185259255,0.21481807053959726
0.28364474782450605,0.13685367952917427
0.22500075753193338,0.11496739490218079
0.47809079915486985,0.18940331761388798
0.7851474157142421,0.23947222292006512
0.6235231570625391,0.21837945776851717
0.6651819040771746,0.2251052362283696
0.4325672619490333,0.17893966550744264
0.42601116739802936,0.17696610476362917
0.6516813076929433,0.2231977496052289
0.6408802796532432,0.22140051777224534
0.704146592070431,0.23028760513286461
0.23039438489784336,0.116830543348994
0.6721264059104018,0.22616376096730004
0.5039377887229665,0.1942547646410684
0.5324843466355942,0.20173027567398966
0.6933428093691548,0.22892028822807253
0.5660471432782126,0.20744178881781752
0.49506502378650274,0.19352700427260952
0.41520738469675317,0.17438598516710815
0.27670024599127874,0.1335128806339903
0.3897460477493038,0.16843199023835595
0.6597827673881126,0.22415704503301787
0.6875580200594454,0.22819260661303517
0.4734574583839502,0.18844394343267745
0.7855330683348895,0.23988016564364667
0.517824037727845,0.19769479284739389
0.2909749022783806,0.13830912151267055
0.4541693180284337,0.18413282363068878
0.23387627712997316,0.11855083308913211
0.5513868343704635,0.20497192401145373
0.6593971147674653,0.22414601955400215
0.32531451348544577,0.1497650667305305
0.614264739505428,0.2175524680889168
0.35347817343900223,0.15656810229691448
0.645893763721658,0.22185256241188978
0.58803485197826,0.21175290861980625
0.5621906170717397,0.20736461046470753
0.23888425187523585,0.11986270758515945
0.5116535957974884,0.19741915587200093
0.015853077370179686,0.027190012554082932
0.45378366540778636,0.1839012885713587
0.6293079463722485,0.21969148977138755
0.3928285140529061,0.16881780325048454
0.6821588833703833,0.2274649249979978
0.5174383851071976,0.19768376736837814
0.441437272223921,0.18133219445385337
0.6501386972103542,0.22297724002491454
0.25586398583002085,0.12375501669139395
0.32145798727897285,0.14746074161624553
0.11270422372259459,0.06834962203476631
0.42292594643285103,0.17686687545248772
0.6242944623038338,0.2188976552822559
0.5517724869911108,0.2053357648189724
0.48233297798199004,0.19061612030561692
0.7828334999903583,0.23931786621384507
0.5753028061737475,0.20945945147769388
0.6825417813294546,0.22749792268162342
0.4985358973723284,0.19386879412209676
0.5185953429691397,0.19779402215853534
0.6690384302836474,0.22524856745557392
0.2585580448513998,0.12688609522501468
0.4827186306026374,0.19081457892789985
0.5209092586930233,0.19949194592695582
0.5444450871988122,0.20400168185807058
0.6528382655548852,0.2234513356225904
0.6520669603135906,0.22329697891637035
0.5197523008310815,0.1980145317388497
0.6250657675451283,0.21905201198847593
0.6566947917613581,0.22363876876585762
0.2724580671641586,0.1334026258438331
0.47268615314265566,0.18816830645728452
0.6485960867277651,0.22272365400755303
0.6331672272402974,0.219812848793982
0.5621851077485875,0.20641626176251268
0.7211180620404879,0.23169894520029802
0.6478247814864705,0.22265750113345872
0.22074756005850898,0.11352274213743559
0.6374094060674176,0.22078309094736517
0.5926626834260278,0.21303186418562947
0.5949765991499113,0.21336262855610102
0.5884205045989075,0.2118080360148848
0.04981254527974967,0.0404983957534265
0.620820834056432,0.21780605410627832
0.6343241851022393,0.22041925013984648
0.579930637621515,0.2101871330927312
0.5494585712672271,0.20459705772491932
0.4364237881555063,0.18118886322664907
0.5039405433845425,0.19683480548416793
0.388969233184857,0.16607238022214935
0.6474391288658231,0.22253622086428582
0.5097253326942519,0.19713249341759229
0.6632536409739381,0.2249178030851024
0.43025334622514955,0.17794737239602806
0.20261637756493428,0.10643320162348605
0.6300792516135431,0.21975764264548187
0.6285366411309539,0.21949303114910468
0.39475677715614266,0.16950138294945907
0.5729888904498638,0.20940432408261525
0.5471446555433431,0.20457500676688786
0.361193980513524,0.16019556364650717
0.5729888904498638,0.2087097189046251
0.39012894570837503,0.16855319175410735
0.3839529944548664,0.16482642233995165
0.2041534787243713,0.10674175752908306
0.5101109853148992,0.19716556985463943
0.6115651711608969,0.2165491494984865
0.6239088096831864,0.218776375013083
0.06872605166092322,0.054688659767184414
0.10190595034447048,0.06617760266866994
0.6794565603642763,0.22704587804197898
0.5683610590020963,0.20808126660072918
0.3862724195019022,0.1649147836789205
0.6493673919690597,0.22287801071377308
0.6474363742042472,0.2223046070515342
0.5926626834260277,0.21277827816826797
0.6767542373581692,0.22659375464891304
0.40633186509871344,0.173217126884599
0.5861065888750236,0.21157650095555477
0.3002333198354917,0.14060249990136137
0.6659532093184691,0.2251713891024639
0.669809735524942,0.22541394964080969
0.6597827673881125,0.224190121470065
0.5895774624608493,0.2125467431089379
0.6574660970026527,0.22372697259798335
0.4198407254676727,0.17675662066233055
0.5598711920247038,0.20639421080448125
0.5386547885659506,0.20263436495327847
0.12312786312637564,0.07674032657941365
0.1393307825167139,0.07741303830621554
0.45764019161425923,0.18537870275946486
0.44452249318909925,0.18180629005152923
0.2998476672148444,0.13877227038475223
0.6786852551229817,0.22677024106658605
0.48503254632652104,0.19105713946624564
0.6582401569055234,0.22412396859597072
0.17832026246415497,0.10421708034132679
0.6617110304913489,0.22469729350478804
0.8048212086904061,0.24161132335595745
0.3561804964451093,0.1598206973599727
0.5529294448530525,0.20580986041664823
0.41906391090322603,0.17626031659978017
0.7230463251437244,0.23176509807439233
0.3168246465080532,0.14727315096613525
0.6536095707961798,0.2235174884966847
0.6397233217913014,0.22134539037716677
0.5857209362543765,0.2113118894591775
0.3866580721225495,0.16589605131131938
0.5992215326386077,0.21422269467274854
0.2172821957958355,0.11294957473546136
0.5232286837400592,0.1998338932832862
0.3673671771054567,0.1606476870395731
0.4607309219025898,0.18643730625181684
0.805978166552348,0.24173260362513033
0.6489817393484123,0.22275673044460018
0.17793460984350767,0.10413990198821678
0.4487701813393717,0.18353744776384004
0.5610281498866456,0.20640523628349697
0.5513868343704634,0.20474038895212363
0.5413598662336339,0.20365989200858328
0.6443539079006448,0.2217644373331856
0.5768454166563366,0.20993354707536974
0.47654267934912853,0.18907239573657336
0.5980645747766659,0.2139801341344027
0.6601684200087599,0.2243003762602222
0.6721264059104018,0.22603145521911142
0.33843772123375787,0.15606093026219148
0.5583285815421146,0.20610754835007258
0.6111795185402497,0.21605300294277918
0.2520074596235479,0.12372194025434681
0.7018299216849714,0.23007804227814443
0.43604364485801106,0.18097953663219352
0.3700722547731398,0.16306242445085836
0.6385663639293595,0.2209374476535852
0.6447368058597162,0.22180846049582692
0.8156194820685303,0.24231695401296335
0.16674517452158413,0.10155978239169577
0.57067497472598,0.20867664246757792
0.6196666308560662,0.21768485259052694
0.13200338272441542,0.07698304462460254
0.6701981428071654,0.22584402207584423
0.6354811429641811,0.22067283615720798
0.5699036694846855,0.20829075070202782
0.7010586164436766,0.22991266009290867
0.8333650119414577,0.2447206659452329
0.4476132234774297,0.18315155599828986
0.7994165626781918,0.24036528672033824
0.24236063478421363,0.12269641319904197
0.4966076342690918,0.1937254628948924
0.6624823357326436,0.22476344637888235
0.5826357152891981,0.21113548179492606
0.22345814704934422,0.11422868780812771
0.6424228901358323,0.22175333310074832
0.5992187779770317,0.21413441208720121
0.6740546690136383,0.22635119411056723
0.6975849881962751,0.22928412903559123
0.46728701645359366,0.18726421717799566
0.77974827902518,0.23904222923845214
0.6863983075359275,0.22799406923733073
0.5286278204291213,0.2012561800763138
0.4090396974279726,0.17434196200446683
0.3064010071042722,0.1424436761435647
0.6424228901358324,0.2214887216043711
0.20802653290030054,0.11268496323908415
0.5012354657168595,0.19401212534930107
0.6393376691706539,0.22122411010799387
0.3148963834048168,0.14538779405444746
0.5371121780833615,0.20188463238020962
0.5764597640356893,0.2094815024357253
0.1841050517738643,0.10439348800557828
0.3897432930877277,0.16629296855588516
0.669809735524942,0.22538087320376254
0.6084799501957187,0.2159317226736063
0.5969048622531479,0.21356108717838393
0.5702893221053327,0.20838998001316925
0.3226149451409147,0.14958865906627902
0.4723032551835844,0.1874958309907473
0.5347982623594778,0.20179642854808388
0.5965192096325006,0.21341775595117962
0.6138790868847808,0.21690196482698945
0.5189809955897867,0.19782709859558248
0.3318761173596018,0.15300671506799463
0.30910608477195534,0.14505687217713287
0.2701386421171227,0.12925688822708015
0.5471446555433434,0.2042001404803535
0.36852413496739855,0.16269842613649663
0.6570831990435814,0.22370500039337343
