0.5076691446315987,0.30208166400495134
0.5378438568426336,0.3087239791999382
0.3066403186851102,0.20477340421416773
0.6847338540196356,0.33172893606909787
0.5791850945704338,0.31490210597863627
0.287820331859101,0.20300506739021118
0.3682444088955804,0.2503301816413481
0.31928107650324644,0.21429479280065875
0.1948809635833255,0.14750692138085
0.32304507386844833,0.23750421361508833
0.5553464445908222,0.308933969197783
0.4184937737210251,0.2839396334016722
0.6520811768765097,0.3149242101889358
0.683447821586525,0.31757671542487065
0.1910228662839936,0.12383883820270668
0.18098553997678865,0.0822829228397279
0.23007433894796275,0.19570515193881557
