0.160500381270451,0.14550493939818476
0.22050945454194454,0.2258416287708111
0.2755764905744153,0.2610743617025305
0.32872269572687524,0.2887380206814817
0.28426366540863507,0.2648607918940103
0.3238771826526772,0.283050802533879
0.3267922124303819,0.28798073464318574
0.3683169081379523,0.3012408131737479
0.3538382834142528,0.2985903120397121
0.29877124738178207,0.27661008477817195
0.3258269707821353,0.283815661432558
0.16059690543527566,0.18037796146171348
0.19051939653092145,0.20006739845740829
0.30941786276194244,0.2788933021836343
0.2369378673951023,0.24478135258859296
0.27461124892616867,0.2580452175493467
0.2852289070568817,0.26826857906634205
0.373152768795668,0.30616695885286316
0.3403152479223174,0.29669331051378073
0.3779789770369012,0.3118466041400828
0.24951496607175605,0.2497150711280911
0.20890724993001994,0.21788255250832064
0.1973050453180954,0.20992347624583016
0.2610882134342332,0.2519831428127875
0.18570284070617074,0.19969254186845178
0.21180297487475988,0.2250767698721322
0.20985318674530168,0.21825362266708567
0.16348297796353312,0.18870432145277752
0.19345373114159128,0.20500490342709793
0.23305759596915082,0.23682227632610245
0.17217980521423532,0.19552368222763256
0.34029594308935246,0.2910060923661781
0.35672435594251023,0.29896516862866857
0.19925483344755357,0.21371747929769289
0.29780600573353544,0.26941586741436035
0.4146871169197209,0.3167803226795809
0.48711885020414863,0.3361062623768937
0.4919547108618643,0.33989647899856495
0.5170509937162768,0.3451974812666365
0.5634405073310103,0.3543076323073369
0.4620322197662185,0.3304304035198655
0.47942587426762295,0.3342244065717282
0.462022567349736,0.32891204501308213
0.5412302970048553,0.3543038458771455
0.44655939614482487,0.3270112570569592
0.45816160075674944,0.32815475897478613
0.41374118010443917,0.31640925252081586
0.4388471153753342,0.3255004714105588
0.41952297757743656,0.3254928985501758
0.2611171706836807,0.25199450210336194
0.32099111012441967,0.2822973029257746
0.2968311116688063,0.26903343796502094
0.3316087682551327,0.2898701633087341
0.3779693246204187,0.31032824563329936
0.2253453151996602,0.23228234652651822
0.2040713892723043,0.21560690796324128
0.2108666904759606,0.21978712689463495
0.2813775928803776,0.26107814813272195
0.2659144216754664,0.2565268590425633
