0.4913584893823908,0.3325854742182017
0.49264452181550145,0.3325910002707766
0.42482983595244816,0.310033653660181
0.40851918070324017,0.3062759379092733
0.3997365201844359,0.30229718005537104
0.4813525297198959,0.32861224241687437
0.5089551770647094,0.33568558971270057
0.5755151971393621,0.3564745994993397
0.31307048085066347,0.2702294969634342
0.35453718515730376,0.2857134962782036
0.33317650010978334,0.2779714966208189
0.5127505410746214,0.3383436210012103
0.5290611963238293,0.34342758937008533
0.6433298830024152,0.3693060935781744
0.5491672155829491,0.349180210100519
0.49010382359399013,0.33081713739424523
0.559204541890154,0.35139063113046465
0.5390985226310342,0.345638010400031
0.601894545340485,0.36001679919982765
0.5479125497945485,0.3474118732765624
0.4712838367679809,0.3248490006133919
0.4562278473071736,0.32109128486248417
0.44493585521156803,0.3177756533175657
0.4650418744706879,0.32352827404799933
0.4763338665662935,0.32684390559291787
0.42862519996236004,0.3120285586397069
0.36331984567610803,0.2907974646470787
0.5227878673818261,0.3398909157221722
0.5026818481227063,0.3341382949917386
0.3582698158777956,0.28681318074060164
0.38715849565571975,0.29853393825188856
0.3783758351369155,0.2945551803979864
0.3181205106489759,0.27421378086991116
0.33816379661867574,0.27862909687722776
0.2942191273799442,0.2620454131000603
0.6069132084940875,0.36333243074474614
0.38342586493522784,0.2965500853775123
0.3620651798877074,0.28880808572012756
0.26787114582353133,0.25143539215632105
0.2892318308710518,0.2591773918137057
0.24776512656441144,0.24369339249893626
0.26410714845832944,0.24900392902338075
0.18998776700856312,0.2136206143865253
0.43358112982654246,0.3133437591525246
0.45494181487406293,0.3210857588099093
0.5277751638907187,0.34342206331751046
0.4235751701640475,0.31003365366018093
0.5227565007371161,0.33944330546360824
0.5064144788431981,0.3356800636601257
0.2151124494212854,0.22622554030979056
0.22518114237320033,0.23264128734920786
0.19252846523007436,0.21517343516006215
0.17116778018255388,0.2058841407817154
0.11963238292399861,0.1605539315101044
0.18622376964336126,0.21273644597454705
0.1724224459709545,0.2074314355026774
0.13221040745271478,0.17669553108128275
0.20131112574887866,0.22246782455888287
0.2050751231140805,0.22489928769182316
0.2766538063423356,0.25872978155514176
0.3419591606285876,0.283055464989694
0.4699978043348703,0.3241803482518333
0.39845048775132524,0.30229165400279623
0.5378124901979235,0.34563248434745614
0.6885292180295474,0.3768270511325646
0.43486716225965305,0.3133492852050995
0.3770898027038048,0.2945496543454115
0.2967284589567454,0.2664662551599516
0.35698378344468495,0.28614452837904303
0.42228913773093696,0.3100281276076061
0.2967598256014555,0.26647178121252646
0.3532511527241931,0.2850448439166451
0.24400112919920955,0.24126192936599603
0.23396380289200466,0.23993567674802863
0.29547379316834477,0.2644768762330005
0.2929644615915436,0.26027707627610375
0.3117844484175528,0.2702239709108593
0.32185314136946774,0.2753134653323092
0.3168658448605753,0.27222440194296005
0.3318904676766727,0.277965970568244
0.34067312819547696,0.28194472842214624
0.23267777045889404,0.23993015069545376
0.2628211160252188,0.2489984029708059
0.19249709858536432,0.214283740695509
0.2464790941313008,0.2436878664463614
0.30930648348546164,0.266692823315521
0.22640444151689096,0.23329888760561673
0.2238951099400897,0.232635761296633
0.15106176092343404,0.19703693060935784
0.2201624792195979,0.22866252949530563
0.2540070888617045,0.24832975060924734
0.20005645996047802,0.22092052983792093
0.1498070951350334,0.19548963588839585
0.24271509676609893,0.24125640331342116
0.17995044070135816,0.21207331966556334
0.275399140553935,0.25607727631920696
0.16862708196104265,0.1988052674333144
0.2214171450079985,0.23020982421626762
0.167341049527932,0.19879974138073953
0.13851510303942788,0.1884162885925697
