0.24509220701963116,0.4061623045644579
0.3170731707317073,0.45547219517782483
0.038667459845330154,0.16293453983162476
0.0511600237953599,0.2042265620525743
0.08804283164782867,0.271920279479984
0.20880428316478286,0.3889238875207605
0.2325996430696014,0.39579634614283254
0.305175490779298,0.4405818681633354
0.388459250446163,0.46234465379989687
0.4009518143961927,0.49103716854704765
0.3890541344437835,0.47729225130290354
0.34146341463414637,0.46011110474772343
0.01427721594289114,0.13882366416585534
0.013682331945270675,0.09982246148559648
0.03866745984533016,0.1720978179943875
0.18500892325996432,0.3774697898173071
0.09994051160023795,0.282228967413092
0.12433075550267697,0.31550312124162416
0.14812611540749554,0.34528377527060305
0.11183819155264722,0.3051371628199988
0.16061867935752527,0.35564973369222835
0.12373587150505651,0.3120096214420709
0.18441403926234384,0.36252219231430044
0.0874479476502082,0.2718630089914667
0.07495538370017846,0.23744344539258921
0.1963117192147531,0.37855792909913516
0.26829268292682923,0.4278678197125021
0.13622843545508628,0.32237557986369625
