0.1396129356042784,0.12097081691635217
0.16602365045011136,0.19282055249473645
0.23393243624729465,0.2313095086786656
0.2828957686396286,0.25275611872171355
0.5842664910134563,0.348732599841955
0.40469245004861837,0.2910129806974984
0.21254038455506413,0.21184675150999388
0.46626517361437847,0.30981813760976123
0.42605313509613885,0.30560728554771477
0.3858724632226091,0.2874763070495853
0.31181581506226286,0.2527671708268633
0.14472569869201096,0.1797845944706318
0.2565791537279258,0.24436204486049481
0.36953044132869106,0.2788501389802223
0.22511840908378034,0.21892562485839492
0.42100310529782636,0.29565486486038434
0.22637307487218092,0.22202021430031887
0.3318904676766727,0.26381927597659166
0.48508516044038763,0.31644940069959826
0.5277751638907187,0.34342206331751046
0.41720774128791444,0.2916705809539073
0.3720711395502023,0.286592138637607
0.3582384492330856,0.2746503390233255
0.47125247012327093,0.3111388641751538
0.36074778080988684,0.2755345074353038
0.3431510931275682,0.26403479202701136
0.3482011229258807,0.2733240864053581
0.40218311847181715,0.2890236017705473
0.31802641071484583,0.2567348765756158
0.412189078134312,0.29167058095390724
0.4988551174680845,0.3277170218997464
0.4851165270850977,0.31711805306115687
