0.011878095830300802,0.004922573328157217
0.052048812543721415,0.017469935605270707
0.16064753640802423,0.06660800885965193
7.066089131648307e-06,0.002352664456472441
0.9559005377293824,0.3049480001807648
0.032807851838243085,0.012981851107538163
0.8405254343878289,0.2926167933744265
0.8671080617010899,0.2967994289575372
0.8382642858657015,0.2923118889320232
0.24096070547833892,0.09061161108785004
0.14197892892220942,0.049140251143255535
0.30208237646709674,0.1222400022650044
0.8744567943980041,0.29732212228737137
0.3332014330028759,0.13792298004890446
0.8727609330064084,0.29688654451250956
0.8529688173486616,0.2948823422759266
0.7766267903703333,0.2801140778192363
0.8874654644893686,0.2985858423066893
0.7732350675871422,0.2799834044867778
0.15897287328382362,0.05741895122672313
0.93441256068004,0.3034229334965298
0.41294931494265874,0.1669357266880136
0.063368687332622,0.02613902226945821
0.05939047915150402,0.020605551112057283
0.09445947951187456,0.03210643778506524
0.33205672656354884,0.12855696894493804
0.8105581503805085,0.2873457578263798
0.39993357876216257,0.16066231778556614
0.3744815257099653,0.14981534224706952
0.19401360928766753,0.07619180885104927
0.8150804474247635,0.2883911444860482
0.2839790561118138,0.11296110671601037
0.3959765688484395,0.15508692226733475
0.3914401396259213,0.15103496001668262
0.8128192989026359,0.28791200893370017
0.7964118399389485,0.2840778355704789
0.8620204775263031,0.29536202230049313
0.38919312328205713,0.15068758674123026
0.10522819934850658,0.04595998891454563
0.44575010069177023,0.17421096447264323
0.6007306336162124,0.2278812244744618
0.043548307318348516,0.015029066649388748
0.8037605726358629,0.2847312022327717
0.08316786907950055,0.02992963785519326
0.5136269528903837,0.20261390222694586
0.8269514771659325,0.29013345558549547
0.4910013354908459,0.19281231334811758
0.8405254343878289,0.2926167933744265
0.7834102359367157,0.28250975558097635
0.8099928632499767,0.2854727733944739
0.5690533560390331,0.22138948221236487
0.8280820514269962,0.2903512444729264
0.7918895428946937,0.28307600668829674
0.39201955893471646,0.154433555605042
0.06392690837402223,0.026530497794615276
0.5803732308279336,0.22592058001536502
0.8196027444690184,0.2891751844807995
0.8111234375110404,0.287868451156214
0.3428254464001809,0.14554668005342358
0.4672451438302443,0.19176583774401207
0.8314808402993191,0.2907873667200068
0.661816974159312,0.24905302669383944
0.433879070950601,0.17198951782084793
0.5255121148098163,0.203094126723731
0.7234615357438114,0.2690046666713854
0.8461853717822794,0.2933578200639102
0.6471053765872201,0.2473531844274412
0.6544682414623977,0.24809475558914346
0.7596540442761142,0.2766719244533907
0.5379484316815172,0.21354799332041485
0.82921262568806,0.29043836002789875
0.6408872181513696,0.24360721556362952
0.718373951569025,0.26682677779707625
0.20363762268497254,0.07649780223788971
0.7313755555712577,0.27096476665826363
0.8416560086488927,0.29270390892939885
0.807152295419054,0.28521033778511967
0.8343143420411102,0.2914412778545182
0.7483483016654768,0.27479894002148486
0.15387115693077355,0.056372475622617595
0.42370390260102747,0.17168461337844465
0.7828449488061838,0.28229196669354545
0.7845408101977794,0.2826839866909211
0.7766267903703333,0.28011407781923636
0.7975424142000124,0.284339182235396
0.089930116378488,0.03175743109295719
0.18101200528543462,0.07514642219138089
0.5486888871616226,0.21672771107690617
0.8354378502130422,0.2915278489372719
0.8320461274298511,0.2914407333822996
0.7721044933260784,0.278371766719789
0.23815546809307447,0.08791266230036246
0.6872690272115092,0.25785278669048556
0.8246903286438051,0.28965432003314745
0.9197080291970798,0.3017236357023501
0.8173415959468909,0.2888702800383962
0.46272284678598946,0.1851014977886261
0.7771920775008653,0.2809416755914738
0.7913242557641618,0.28298889113332437
0.7777573646313971,0.2811594644789047
0.669730993986758,0.2550204422094465
0.21494336529560984,0.08372839330059603
0.8507076688265341,0.2935320511738549
0.8145151602942317,0.2880862400436449
0.6092170066633219,0.23402341557223214
0.20760876477695883,0.07915591560898401
0.32300506638590737,0.12254545117962629
0.5786632372580748,0.22448208441388381
0.8105581503805085,0.28721508449392125
0.5339914217677941,0.21001981334403408
0.8235597543827413,0.28956720447817513
0.6312773369323279,0.24347654223117096
0.8258209029048688,0.29004634003052315
0.5634004847337143,0.21685947335380185
0.5735897852615512,0.22430894224837625
0.836003137343574,0.2918327533796752
0.7370284268765762,0.2712696711006669
0.01811038644441461,0.011849348892897415
0.6148698779686407,0.2341105311272045
0.604694709619067,0.23376206890731505
0.7924548300252255,0.2833373533532138
0.09219126490061547,0.03197521998038811
0.5283385504624757,0.20588182448284673
0.7477830145349449,0.2740584578042197
0.5877219635248478,0.22666106223263013
0.5283385504624756,0.20880019557442095
0.8207333187300822,0.28926230003577186
0.6437136538040289,0.24530596888559061
0.794150691416821,0.28351158446315855
0.7432607174906902,0.2722290311498001
0.9146204450222931,0.30141873125994684
0.6160145844079677,0.23855451337523226
0.7788879388924608,0.28172571558622506
0.4661145695691807,0.1860597688933221
0.7206351000911524,0.26739302890439665
0.8501353156068706,0.29340083336917777
0.20422410808289937,0.07850309341890983
0.5707492174306286,0.2218686177647129
0.6012888546576126,0.22949231776923198
0.5108005172377245,0.19760475781603482
0.8212986058606139,0.28926230003577186
0.665208696942503,0.25384438221731953
0.5006253488881509,0.19634158226893555
0.17762734859137516,0.0675679133810037
0.24890298966231153,0.11056325106539602
0.6957483341694868,0.2624263533265347
0.6182757329300952,0.23938211114746974
0.33260788151581744,0.13095155776224096
0.6844425915588498,0.2566331689208724
0.7573928957539866,0.27658480889841836
0.4576352626112027,0.18257514669442748
0.7879325329809705,0.282901775578352
0.09673476021226532,0.0358534955933141
0.9129245836306975,0.30098315348508503
0.869376276312349,0.2967999734297558
0.7098946446110467,0.26608629557981117
0.6408872181513696,0.24434769778089457
0.70480706043626,0.2654764866950046
0.44915595565322475,0.17974389115782557
0.763611054189837,0.27780442666803146
0.6035641353580034,0.23302158669004994
0.6850078786893815,0.25780922891299934
0.7619151927982415,0.27736884889316965
0.8439242232601518,0.29270445340161744
0.2126822167734823,0.08041800221164615
0.8105581503805086,0.2861261400567667
0.5656616332558418,0.2202569799977241
0.3162145547303934,0.12237067559746297
