0.4552176137295973,0.31450467813450156
0.36925319253675165,0.29138473538532605
0.3692435401202692,0.28645858970621085
0.34894450825764234,0.2754665828603451
0.3354118203492244,0.2640997194255228
0.3180471230972674,0.26221029075997443
0.3595814712213203,0.27963922893135573
0.36345209023078934,0.28418673159132296
0.3450931940811382,0.2743344402330926
0.3489541606741248,0.2769849413671284
0.5132093319562552,0.33346712053343225
0.5045221571220355,0.32968069034195246
0.5489522301908283,0.3399154111495223
0.5441163695331126,0.3387756956618868
0.4784413277864114,0.32134297106031406
0.5267323674481906,0.33384954998277167
0.3006438161793806,0.24932506881836866
0.299659269698169,0.24060870651758223
0.328655128811498,0.2637210764063748
0.3402380285904576,0.26485700546381874
0.3064352660688604,0.2538687850481444
0.3412129226551867,0.27054043718122994
0.23689925772917247,0.21674662345087675
0.23302863871970345,0.2076554045611338
0.2059922201523151,0.19667097057565097
0.20114670707811697,0.1894691803514564
0.25522919662937615,0.22090791023131298
0.21565428905126394,0.20651947550368985
0.22915801971023445,0.20727297511179435
0.2910010521133966,0.2391054937315648
0.4658449242767927,0.3186735377753208
0.4001698825300914,0.2982116690205641
0.42141485120799993,0.3050310297954192
0.4291464368104555,0.30806396037879447
0.435903128348182,0.31033581849368236
0.4687406492215327,0.3190521807944688
0.4813177478981863,0.3281509725445947
0.39918533604887985,0.29631088106444126
0.40789181571606453,0.3027553852503399
0.4436250615341551,0.31109310453197836
0.41561374890203767,0.3046486003460797
0.453287130433104,0.31336874907705764
0.4484512697753883,0.31185039057027425
0.3876120886864027,0.2948000954180408
0.47165567899923744,0.31905975365485173
0.4049960907713246,0.3008621701546
0.2813486356309302,0.23796956467412086
0.2996978793640988,0.24478892544897593
0.23399388036795013,0.21295640682920547
0.2601036669530217,0.23001427484182183
0.2620244978330325,0.23493284766055403
0.25524850146234107,0.22924562951295144
0.24271001245161727,0.22016198348359145
