0.17935147433949733,0.0738424112278883
0.20765116131174877,0.10747173780831419
0.20991937592300788,0.11256854224641613
0.2167240197567852,0.11509652675727047
0.5589064520459861,0.2270977289519291
0.46783162922817106,0.20444278440914693
0.4389949194819143,0.19708097554176346
0.4955518968916274,0.2128946266581221
0.45766352696772916,0.20283169111437674
0.35698588902000405,0.1717706399889799
0.45540944453473337,0.2021788689243026
0.5040453360278686,0.21402821781719997
0.47067219705909374,0.20818984221739578
0.4684110485369663,0.2064039733404623
0.4390090516601776,0.2001311089102334
0.2218186700207036,0.1179718845435771
0.2036870853088941,0.10381234002725627
0.3552970937175402,0.17033377780415443
0.3852643777248606,0.17904587777360953
0.20710707244861187,0.10520836679568843
0.32248924187929706,0.16440828664937787
0.46444697253411155,0.20387707777404512
0.43787141130998225,0.1969508466815235
0.5080023459415917,0.21607543335905055
0.41016527582478923,0.18871788226441635
0.48650730280311755,0.20893086890687948
0.6386260696292422,0.242779617791392
0.36264582641445436,0.17447176666534178
0.33719377336225714,0.1667173933283641
0.30777764430720533,0.15652323997994164
0.561160534478982,0.22849103335926835
0.657859964245589,0.24569907782740338
0.35019537736449,0.1702891310822311
0.27892680238268525,0.14598062441162968
0.3383243476233209,0.16741431776814303
0.3660375491976456,0.1754300377700378
0.3219168886596336,0.1615764866405574
0.37169042050296425,0.1786968710815015
0.28120208308307604,0.14833383334032077
0.38583673094452414,0.17974334668560704
0.3886631665971834,0.18261815999969508
0.40280241094961167,0.18653890444567012
0.4005341963383526,0.1850573955389213
0.4124122921686534,0.1900670844220509
0.43900198557104597,0.19777844445376097
0.3869602391164562,0.179873475545847
0.3038206343934822,0.15255948222869903
0.30212477300188667,0.15251592445121284
0.33153383596780694,0.16567146219647713
0.304951208654546,0.1533870800009365
0.3049582747436776,0.15343118225064126
0.35811646328106783,0.1725546799837312
0.31853223196557406,0.16135924222534506
0.31344464779078723,0.15874577557617411
0.3168363705739784,0.16044452889813524
0.2851590929967991,0.14946633555496147
0.3394619879735163,0.16954919333718454
0.4316461867850001,0.19590491554963652
0.46445403862324325,0.20418252668866696
0.45256887670381074,0.2002176799929872
0.43729905809031877,0.1959920311046089
0.4271238897407452,0.19581779999466414
0.3994036220772889,0.18470893331903188
0.4220292394768268,0.1925068644334957
0.48254322680026285,0.2083205155498543
0.4084552822549304,0.1870180399980181
0.4141152196493806,0.1922455177685786
0.30721942326580504,0.1539974333579616
0.2925078256937133,0.1516006666517844
0.33662142014259366,0.16567146219647716
0.3100387928293328,0.15661035553491398
0.2704545615138389,0.1449357822241799
0.23707435645593233,0.1298626133250864
0.22350746532316756,0.12637799112619177
0.24386486811144634,0.134872302208216
0.23990785819772328,0.13090854445697336
0.2614029013361974,0.14293157998759692
0.2806297298634125,0.14828973109061597
0.23084913193095016,0.12646456220894556
0.2512136008083606,0.1355256688705087
0.2534818154196197,0.14110160886095868
0.18844553105192868,0.1008520445748516
0.1946636894877792,0.10294281789418835
0.20936822097073932,0.10847520010715214
0.17995915800481904,0.09762822456865548
0.5583340988263226,0.22674872225982107
0.6188480861497586,0.24012313783695347
0.5741621384812148,0.23097382667598076
0.6550405946820612,0.2451333711923016
0.6386331357183739,0.2432157400384724
0.6635128355509076,0.24587330893734813
0.6737021360787445,0.25018661785291735
0.6024406271860713,0.23820550668312424
0.6194133732802906,0.2407765044992462
0.6527723800708021,0.24513282672008302
0.6335526176327189,0.24269359118085682
0.5911278184863024,0.23624486222402746
0.6069699903194578,0.23959990003490067
0.5227068774245518,0.21720848004590992
0.5340196861243207,0.2234813444761388
0.5758650659619421,0.23149706447803353
0.5232721645550836,0.2181667511506059
0.5611534683898503,0.2274886600048676
0.5979183301418163,0.2372472355784282
0.5656898976123685,0.23071302448328226
0.5871778746617109,0.23363194004707505
0.5899972442252387,0.23384918446228742
0.5147928575971057,0.21703424893596518
0.5294973890800658,0.22051941560707836
0.5792638548342648,0.23293501560729613
0.5057482635085958,0.21450789784176658
0.5538188678711993,0.22613945784723308
0.5334543989937889,0.22261018892641513
0.5600370263070499,0.22740263339433237
0.5012189003752093,0.21367975559731053
0.5521159403904721,0.22605179782004214
0.5289321019495339,0.21895133561757577
0.6312914691105913,0.24147397341124371
0.5408101977798347,0.223873908945733
0.5458977819546216,0.22548554671272175
0.5651246104818366,0.2295805222686415
0.5249609598575476,0.21829688001084588
0.5255262469880795,0.21860178445324915
0.4904643127168406,0.2113701044461057
0.46784576140643436,0.20540214445828006
0.4898990255863087,0.20901798446185182
0.5334473329046572,0.2216513733495005
0.4537065170540061,0.2016120733447636
