0.23631630124525582,0.15348058421427824
0.2149242495530253,0.12959698498571515
0.28791443179323106,0.20854769812279994
0.33311376682036326,0.2191632451191141
0.3029704212540385,0.21274749807969676
0.4071390483359995,0.262708539409044
0.4786863649195446,0.27442929692033097
0.4687117719017598,0.26338824387575227
0.3820143659232772,0.24214609777797427
0.4799410307079452,0.2755345074353038
0.39964242025030583,0.2540934234448307
0.39211442551990217,0.251883002414885
0.3493930554248612,0.23816733992407205
0.4083937141244001,0.26337166571802767
0.27144694332047303,0.18531064704549605
0.37828173520278535,0.23905703438862516
0.24133496439885826,0.1596697630981261
0.27781437219660615,0.18996910936610653
0.24130359775414825,0.1574538160156056
0.19989962673692793,0.12871834262631177
0.3481383896364606,0.22158918219947943
0.4762397666321634,0.2700195069655893
0.6419811172798846,0.3100502318179056
0.33057306859885205,0.2162841717276098
0.6808757567203038,0.33414382104431345
0.6168250682224523,0.3091550113007776
0.7211191618832534,0.33460248340802723
0.6671057996926071,0.3248655787711165
0.6545277751638907,0.3230917158945851
0.48505379379567765,0.2969921695835014
0.59176311909915,0.30451865319046645
0.5816944261472351,0.30407104293190246
0.5955271164643519,0.3065080321174176
0.4711897368338509,0.26581418095611764
0.5515824472256203,0.3020816640049514
0.646999780433487,0.31181856864186214
