0.3237806584878524,0.21447855176618033
0.21174506037586505,0.1773450308783382
0.34214920705398605,0.22963563182267382
0.3305470024420614,0.21599691027296372
0.30253568980994394,0.20463004683814146
0.47740851922278743,0.281558949038436
0.3363577571645062,0.22206277143971428
0.3933745813264351,0.24594378665737726
0.3218598276078417,0.2065308347942643
0.4571287921931256,0.2758755173210249
0.42715803901506744,0.25881764930840856
0.27935058541905966,0.17849610565654803
0.34603913089641997,0.2300256341323963
0.3711354137508326,0.24289949678342754
0.4725533537321069,0.27700387351808586
0.42520825088560926,0.25805279040972956
0.35760272584241465,0.23683363561667692
0.47931969768631577,0.2853378063695328
0.40784355363365227,0.25729929080162517
0.4039825870406657,0.24821185834207363
0.5797917008523084,0.31225553860076255
0.3102576229959171,0.20576597589558537
0.5440391502012529,0.29974517324811334
0.32280576442312336,0.21030969212536108
0.44261155780349615,0.25957872177689595
0.4764432775745408,0.2773938758278082
0.2822270055308347,0.18644003619827257
0.4435961042847077,0.26753779803938643
0.28609762454030363,0.1917448248965358
