0.19989962673692793,0.15082255292576854
0.3280010037326307,0.22622001425721566
0.6445531821461059,0.3401230099303165
0.26282111602521885,0.19683246666408788
0.20877638718986233,0.16321748885118895
0.28038643706282745,0.20501102447488684
0.2966970923120354,0.21341062438868044
0.43232646403814184,0.27333513851050784
0.3556977510115743,0.2520985184653047
0.4725385025563816,0.2892612220312665
0.3833944982905179,0.26626179121468163
0.4185565070104451,0.27311962246008814
0.4423637903453468,0.2775349384674046
0.3104984159844421,0.22026292958151206
0.46494777453655783,0.2868187067931765
0.5039051472663969,0.29257685357618496
0.5327938270443212,0.3122551267952764
0.5227565007371162,0.2941296743497218
0.25526175465010514,0.19306922486060532
0.2879144317932311,0.21053707704975105
0.297920391455726,0.21760489829300236
0.2728270756877137,0.205005498422312
0.3293184028104514,0.22711523477434364
0.33185910103196264,0.2377307817706578
0.6194284997333837,0.32597078928608936
0.35447445186788373,0.24038881305916743
0.5679558357642484,0.3213233790706286
0.5290298296791193,0.3018661479545317
0.44992315172046043,0.28549798022778394
0.14337693296948026,0.1211918590193467
0.2351243687462752,0.17272229927995536
0.21501834948715537,0.17072739430042935
0.150967660989304,0.12960251103829
0.16480035130642076,0.147954531639414
0.20749035475675168,0.15238089975188024
0.2501489915623726,0.17890595211122842
0.18616103635394124,0.14862318400097257
