0.6510553204118117,0.22688048453671675
0.5401954480253814,0.20322371111175236
0.5402095802036446,0.20849529113201762
0.3377449283145258,0.15573974445740893
0.41069523250966283,0.17407974666796613
0.6035500031797401,0.2202145111646751
0.3111693670903965,0.13857743565563438
0.37790857893881474,0.16580376894559143
0.39598363493757116,0.16885172442518706
0.489291341920987,0.19516334438793426
0.33096148274814335,0.1503385800491223
0.6199433299651642,0.22631260001274067
0.48535553027465883,0.1939018022574907
0.6052458645713356,0.2255721177954755
0.32302626465330236,0.14693943998854428
0.44632245391143366,0.18318441110701547
0.4259721172122865,0.18170344667248522
0.5860190360441205,0.21729559560088227
0.3100317267402011,0.13844621785095726
0.5034376523625469,0.2024385821725639
0.4191957377350357,0.17769667561597505
0.39032369754312085,0.16872050662050994
0.540223712381908,0.21494293114440982
0.4485765363444294,0.18597156439391258
0.31343758170165553,0.1455472245256422
0.22802269627829086,0.10973837565425143
0.35528296153927685,0.16027084226040908
0.40334649981274867,0.17211964668108792
0.48365260279393163,0.19124423335861498
0.41860925233710894,0.1772159066469713
0.5271797118448852,0.2025256977275363
0.4830802495742681,0.19037253333667276
0.47177450696363077,0.19032897555918657
0.4027670805039535,0.17094249774452383
0.36037054571406363,0.16379902223678988
0.31851103369817907,0.14611238668852541
0.4966824711526911,0.20213585561903497
0.45142417026448367,0.18871733779219782
0.2602581948968704,0.12759815336802346
0.29191427420665483,0.13408826221346468
0.2562799867157524,0.11252552894114853
0.31001052847280614,0.13722496666468842
0.38016266137181054,0.16654370669063795
