0.5724521449113559,0.21437722450930802
0.46499106139724844,0.18619098669799922
0.4655492824386486,0.18710515555299048
0.4310597013870733,0.1783494978060492
0.4655492824386487,0.18736650221790757
0.2353572967969418,0.10520727785125127
0.4768762233166809,0.19285641559782232
0.3886490344189201,0.1691141600345413
0.467831629228171,0.18876198451412116
0.435023777389928,0.1810070667049249
0.3479342288423626,0.1542163111898297
0.37677800467775097,0.16327741785139285
0.3745097900664919,0.16305908449174333
0.3846778923269338,0.16854681998278379
0.3620593410165276,0.15883289113114646
0.3592258392747366,0.15713359333696678
0.5057058669738059,0.2041814377442298
0.35075359840589027,0.15661144447935116
0.5622628443835189,0.21293872890782684
0.32982384239794804,0.14389148450894867
0.40673822259593984,0.17482022888523124
0.396548922068103,0.1722927888465955
0.44520601182863323,0.1852327155933032
0.32699740674528865,0.1438043689539763
0.4197398265981727,0.1763883088747338
0.30267592795415527,0.1374002867190703
0.44011136156471475,0.18244447336196895
0.30890821856826906,0.14049397786502643
0.597317712565626,0.22156371332230956
0.5780979501275428,0.21912447778308333
0.6629192840638491,0.232803797802619
0.6159933861405728,0.22779410891948945
0.5481236000310907,0.21215414444085698
0.6205227492739592,0.22914494449377965
0.6058111517018673,0.22452673113580715
0.6827255318998593,0.24460958891803025
0.42766091251475047,0.17808760666891352
0.4536782526974796,0.18597265333834975
0.36319698136672296,0.1590076667133098
0.3049441425654143,0.138620448960902
0.3196416079592428,0.14275843782208933
0.3343532055313346,0.14493741564083562
0.36545106379971876,0.1592684689060083
0.339447855795253,0.14855325564440736
0.3360420008337985,0.14763745337276038
0.4401113615647148,0.18444813112633332
0.3716762883247009,0.16079353559024326
0.47121628592223064,0.1892841333717368
0.5028864974102782,0.2005666866850952
0.4327555627786689,0.18004825112801032
0.3813003017220059,0.16693627116023219
0.573010365952756,0.21459446892452036
0.5707562835197603,0.21337539562712582
0.5260844680294797,0.20788602671942966
0.4802679460998721,0.19777844445376097
0.33320849909200756,0.14402161336918864
0.3417019382282488,0.15282137336583473
0.24441602306371493,0.11753521782427813
0.2376255114082009,0.10877956007733684
0.28061559768514915,0.13047351115433012
0.2789197362935536,0.1289054311648275
0.25402590428275656,0.11853704670646033
0.26647635333272096,0.12498468671885252
0.2625122773298662,0.1228062533723248
0.29249369351544996,0.1357009889248906
0.3224680436119021,0.1435860355943268
0.28457260759887226,0.13234649558623596
0.3156775319563881,0.14140760224779914
0.27439743924929866,0.12851341116745188
0.2794920895132171,0.12973357340928357
0.25403297037188827,0.11892961117605455
0.2478218780251694,0.11805900009854947
0.25686647211367925,0.1215000645199579
