0.5428694207773105,0.1784436764585784
0.23850686323931675,0.12280674674262068
0.24236614410736568,0.1249678193831229
0.2500819511818876,0.12855117881665268
0.24352310196930757,0.12548601689686162
0.25201296894670006,0.1294112449333002
0.24815368807865112,0.12734940160393945
0.249310645940593,0.12739350352000234
0.2412091862454238,0.12492371746706002
0.24390875458995487,0.12579473030930172
0.25047035846411086,0.1294002194542845
0.25240413089049946,0.13234417985832422
0.2547180466143832,0.13355698255005316
0.26898994823990896,0.13770264141338454
0.26397370950991816,0.13566284904205525
0.26088848854473984,0.1356518235630395
0.46805005771016006,0.1782230881248425
0.44258872076271066,0.17456239283135958
0.446833654251407,0.17457349706379685
0.4287024717578322,0.1723020908797159
0.4472193068720543,0.17501451622442557
0.45647772442916534,0.17646995820792183
0.41944680886229724,0.17218081061054302
0.3488530966528107,0.15896070999674672
0.36351340556055994,0.16198184875389648
0.3573402089686272,0.1608020437457931
0.36081108255445277,0.1616069037139405
0.3403659843369943,0.15740603870210898
0.3264797353321157,0.1545062589675537
0.3546406406240962,0.16043820293827446
0.36467036342250175,0.1622795366873208
0.41250506169064605,0.17096800791881406
0.3696866021524926,0.16326088307314127
0.3905145983290223,0.1673183381043469
0.3723861704970236,0.16437445645372875
0.3600425319747343,0.16127621809689052
0.38203024067478186,0.165829898437225
0.3708435600144344,0.16385625893999
0.3692981948702692,0.16233466408239944
0.3773996545654384,0.1650249597156561
0.3465364262673509,0.15853063756171218
0.36929819487026927,0.1624559443515723
0.3596513700309349,0.16112170388382738
0.41867550362100264,0.17187209719810292
0.3866580721225494,0.16623784116080656
0.3658273212844437,0.1623015876453523
0.377011247283215,0.16496975356715593
0.40015866850678056,0.1687958310458746
0.3870437247431967,0.1668883444227339
0.4290936337016316,0.17406632502907382
0.4028609915128876,0.1708025469801568
0.38087328281284,0.1658188729582093
0.40131838103029854,0.1688841136314219
0.40247533889224035,0.16985435578480504
0.3936025739557767,0.16868557625571745
0.37624545136507254,0.16444068808124457
0.39128590357031684,0.16773730630694417
0.378170959806733,0.16524546929597042
0.2643621167921415,0.13757033566519597
0.35193831761798905,0.15972146804883125
0.35001005451475264,0.15921429601410822
0.2948452017927338,0.14854115980636426
0.33457844036570883,0.15621520821498994
0.333421482503767,0.1556859852222355
0.33535250026857955,0.1572737329539204
0.3338071351244143,0.15609392794581706
0.34113728957828887,0.15846448468761787
0.32917930367664683,0.15548752659995257
0.3233917597053614,0.15429669611283353
0.3473104861702216,0.1588945571226524
0.34692207888799825,0.1588283254951366
0.31799262301629927,0.15366824380893762
0.32262045446406684,0.15420849228070782
0.32725104057341037,0.1548700997750724
0.26899545756306104,0.1407237801705343
0.27169778056916816,0.14287382733202075
0.2994757879020773,0.14951148071316897
0.2836585211323863,0.14631393429176776
0.31413609680982646,0.15255467042835014
0.2936909985923679,0.14844200924864437
0.3102768159417775,0.15195921580807986
0.30410361934984476,0.15042659547147355
0.29870448266078276,0.14929097113285464
0.27709967191980633,0.14503489997252297
0.2952336090749571,0.14876174814010018
0.2763283666785117,0.1443623457525642
0.2871293947182119,0.14635803620783064
0.29060302296561363,0.14775835079624833
0.2894460651036717,0.1475047647788868
0.3164472578721341,0.15266484646508577
0.280573300167208,0.14529959022232172
0.28173025802914986,0.14563035459279328
0.31876668291917,0.15383370474759495
0.301789703625961,0.14985327056265624
0.30526333187336274,0.15070231120028804
0.2975447701372648,0.14914756115222877
0.287132149379788,0.1465786245415665
0.2998614405227246,0.1497209648144676
0.30564898449401,0.15163947691662405
0.2879034546210825,0.14725117876152533
0.2921456334482027,0.14801193681360983
0.2952308544133811,0.14857423624341143
0.3133620369069558,0.15221280182544134
0.31645001253371013,0.1533485049174818
0.3349668476479322,0.1566011787339616
0.31181942642436666,0.15220177634642565
0.2828872158910917,0.14564138007180896
