0.3505849879238418,0.22688314056619938
0.23129763809165335,0.18398439442752856
0.26520498102317996,0.20145224661667432
0.1785075750446975,0.15390609026254276
0.1634515855838901,0.13600167991998277
0.16084815407295883,0.1021656600040893
0.1722028794579844,0.13931178541232642
0.25134092406135317,0.18530512099292112
0.2099683196888429,0.17934251026464265
0.19105423292870363,0.1618636059703472
0.2865656660707004,0.20654174103812425
0.2187509802076472,0.18310022601555032
0.2024089583137292,0.16651654223838286
0.6344531225494809,0.31071335812688927
0.6055958094162668,0.3065135581699925
0.7148458329412504,0.32156099933134774
0.6445218155013959,0.3171291051663066
0.6771744926445219,0.318902968042838
0.32680907123365016,0.22556794005338165
0.6494777453655782,0.31866534778211886
0.39590978952981404,0.2560883284243567
0.45870581223926477,0.2740037908720664
0.45365578244095234,0.27222992799553497
0.4637244753928672,0.2786456750349523
0.4411091245569462,0.2715668016865513
0.4323264640381419,0.2675880438326491
0.35698378344468495,0.2523250866208741
0.4046924500486183,0.2655931388531231
0.4963771525359932,0.299208116666022
0.4310090649603212,0.2675769917274993
0.434741695680813,0.26823459198390814
0.4862770929393683,0.2806295279093286
0.39459239045199335,0.2554141500102232
0.5289670963896992,0.3049496852913059
0.5214391016592955,0.30362343267333847
0.4962830526018632,0.2812871281657374
0.25896301872588684,0.19195296224048275
0.15212822684357455,0.07985145970678766
