0.4888177911608795,0.31975950619194193
0.6458392145792164,0.3657694199302613
0.5390671559863242,0.3392222633606137
0.2791317712744268,0.24899840297080586
0.5165145384398231,0.3301650631904113
0.5566638436686429,0.347185305120993
0.5880618550233682,0.35404313636639945
0.7463065775853958,0.38170102950359475
0.43737649383645427,0.30384447477633303
0.3682757755402905,0.28061847580417887
0.09319030143345566,0.13312813258105338
0.12590571186600172,0.15657517365620216
0.624478529531696,0.3613430518177951
0.5503905147266397,0.3409961262371451
0.38085380006900665,0.2888025596675527
0.3293497694551614,0.26801354988091364
0.45619648066246354,0.31754908516199626
0.41852514036573507,0.3029547803117799
0.27662243969762557,0.2459038135288819
0.275399140553935,0.24148849752156543
0.10325899438537059,0.15015390056420996
0.07684827953953766,0.10460817524217925
0.06677958658762272,0.10416056498361526
0.2477651265644114,0.23418858207016982
0.15231642671183465,0.17846939395781414
0.18747843543176185,0.19903183558888382
0.22013111257488788,0.21296301413011645
0.16483171795113083,0.18863180464298934
0.1862237696433612,0.1943899514259979
0.16611775038424142,0.18863733069556426
0.19503779680687558,0.21185780361514361
0.1685957153163326,0.18973701515796218
0.44619052099996864,0.31026022181575036
0.40848781405853024,0.291681633059057
0.3168344782158653,0.26249302335862423
0.2402057651892977,0.22578345610380138
0.23641040117938583,0.22202021430031887
0.3004610896772372,0.250987781897757
0.39340045795301276,0.2890236017705473
0.2565164204385057,0.23904598228347546
0.3230764405131583,0.26712938146893533
0.29418776073523417,0.25010361348577875
0.356983783444685,0.2766397179502766
0.25024309149650265,0.2346251402235841
0.3004610896772373,0.2580611291935832
0.1421850004704997,0.16939008957731222
0.18114237320033877,0.19194743618790788
0.3695618079734011,0.28239233868071023
0.15984442144223832,0.18311127812070005
0.24644772748659075,0.2308618984201016
0.31052978262915215,0.2622664552030548
0.07807157868322825,0.11698100695730021
0.18744706878705186,0.19504755168240673
0.7513252407389981,0.38700603997546434
0.6608952040400239,0.36864296726919066
0.712399234653869,0.370864440404286
0.7149085662306702,0.3814744613480253
0.18995640036385308,0.20587861472914054
0.40095981932812647,0.29057642254408417
0.3695931746181112,0.28792391730814937
0.36077914745459677,0.27819253872381344
0.6985665443367524,0.3686484933217655
0.1422163671152097,0.17558479451373502
0.3946237570967034,0.2903443283359398
0.22135441171857845,0.21715728803443837
0.6131551707913806,0.35912710473527454
0.5955898497537718,0.35581147319035605
0.6030864778394656,0.35713219975574856
0.2728898089771338,0.24060432910958718
0.412251811423732,0.2930078856770244
0.24644772748659077,0.2335144036560364
0.22762774066058153,0.2198097932703732
0.23766506696778644,0.2244516774332591
0.12211034785608982,0.15192776344074138
0.1321476741632948,0.16519028962041543
0.12336501364449043,0.15214880554373594
0.17985634076722815,0.1901735733113765
0.4146984097111132,0.2949862124988258
0.3343997992534739,0.27575554953829834
0.2941563940905242,0.24965600322721473
0.24516169505348012,0.2282038671315919
0.5341112261221418,0.3372439365388123
0.49138985602710084,0.3268439055929178
0.4587371788839748,0.31888086383253855
0.5240425331702269,0.3339227789413189
0.4411718578463662,0.3067235481678373
