0.42651620607542345,0.1649320689236492
0.3767426742320928,0.151122075571655
0.4694992262632401,0.17652007115162954
0.45141003808622043,0.17530045338201636
0.49778478105722823,0.18619153117021778
0.5237950551508257,0.189197562288983
0.2257332833996368,0.09662530674203615
0.3439418884829813,0.13927327115097618
0.22742207870210077,0.10054496224357401
0.2630493001038715,0.1059472155962978
0.2817108415005547,0.11579181778039366
0.5650680817687834,0.2001311089102334
0.5209474212307713,0.18666957777812865
0.32584563421683005,0.13757397335679644
0.32583856812769835,0.131170435594109
0.33433200726393963,0.13918615559600378
0.5684739367302379,0.20318124227870335
0.5430218836780407,0.19577533116161513
0.4728909490464313,0.1805709444578445
0.34507246274404507,0.1406235622530478
0.487602546618523,0.1831855000514526
0.4355749323421966,0.1733398089229196
0.3037923700369556,0.13103976226165048
0.4802396817433455,0.1828795066646122
0.3569505585743458,0.1451105578063432
0.3552546971827503,0.14153882005247623
0.3592117070964733,0.1506423955470884
0.4293355756389511,0.16658671999590557
0.3795761759738837,0.15534772446003325
0.25963637905328535,0.10145913109856526
0.2828555479398817,0.12424311555715026
0.2936172016873821,0.12450609563872309
0.3965418559789713,0.16353713109965415
