0.4807518022373362,0.166998441706048
0.4506653885036954,0.16198169124705336
0.4120973717773903,0.1589826822013566
0.409012150812212,0.15678861187722878
0.45799829761914607,0.16269850488991808
0.46069511130210106,0.16437429894688566
0.348442652077979,0.14177127943044898
0.282848650629027,0.12491237697435813
0.3858647295886464,0.1516284514376083
0.43755870872483965,0.1610667339955919
0.34612873635409525,0.14113180164753733
0.4861564482495504,0.17074726207823512
0.45799554295757006,0.1623456108079936
0.29982838458381195,0.126290876865009
0.3040843367188124,0.13733880060586587
0.3345564030731005,0.13889355065392514
0.37389847970227613,0.14540976625905735
0.37776877921662927,0.1477916634935601
0.41518810206572077,0.15955616461701702
0.35886078215860795,0.1451672844741331
0.37854283911949993,0.15070246870713108
0.2778461852069164,0.12263041783179074
0.2685795036650772,0.11658814031749128
0.25661325377870703,0.10615772215493618
0.5004338591982282,0.17506948611266104
0.4425611741469502,0.16146333622647158
0.4633974343082081,0.16600614859463342
0.44565465909685675,0.1615958782349248
0.4028334448971272,0.15458327981382064
