0.2183774846135909,0.09470822006042554
0.24894538619710146,0.11265729121804424
0.2602581948968704,0.12463622449896304
0.25175768967149753,0.11727332668714245
0.2896531256845274,0.14293049104315977
0.23139322079408708,0.10768952669574511
0.3320991230983388,0.15896356446360504
0.3626246281470594,0.16079299111802467
0.3779015128496831,0.17238044887378645
0.44408250365670116,0.19207183113085244
0.36828456554150973,0.16954864886496598
0.2681792808134482,0.13243361114120833
0.4146663746016492,0.17773968892124264
0.2715851357749027,0.13304450897045203
0.5351078638505946,0.21006228217708306
0.4056147144240077,0.17743424000662075
0.32925148917828445,0.1544754799658725
0.4910084015799775,0.20178575998248977
0.3643275556277867,0.16480085111897208
0.3818797210308011,0.1765636289291157
0.42087746694836803,0.18279184663742123
0.4712162859222306,0.19642760887947072
0.2992771390818324,0.14781005106604939
0.4418001568671788,0.1886291332927883
0.48139852036093583,0.20074037332282138
0.4265515365210817,0.18410021337866248
0.5679227817779693,0.21550918225173019
0.5198451113262343,0.20884266440746993
0.5837508214328615,0.22112813554744776
0.5436013029868358,0.21093452667124385
0.5973318447438895,0.22400403780597297
0.5554793988171367,0.21476815556224652
0.46441870817758496,0.1951197866104481
0.5696327753478282,0.21912556672752054
0.4944213226305637,0.20814682891212818
0.4208774669483681,0.1836194444096587
0.25233710898029266,0.11810201340381707
