0.27385335038616176,0.15142643554183968
0.2721645550836978,0.15103496001668262
0.2517930201171557,0.14463033330955805
0.2970442549162315,0.15887590443641408
0.43333498208746407,0.20008591771609147
0.22916740271761787,0.13090854445697336
0.22407275245369945,0.128817226665418
0.22803682845655415,0.13047296668211153
0.24274842602864594,0.1391856111237852
0.21615873262625335,0.1255503933539543
0.23821906289525935,0.13591823334010295
0.21219465662339868,0.12014868447344908
0.21558637940658984,0.12154253335300692
0.20823058062054395,0.11775246223949046
0.414108153560249,0.19503267105547573
0.40562884660227105,0.19416151550575206
0.4457783650482967,0.2050520488217349
0.42824739791267724,0.2000423599386053
0.3179669448350421,0.16667329107865936
0.29930540343835893,0.16074888886831992
0.3174016577045103,0.16667329107865933
0.3615152521533907,0.1817023577280481
0.2342620529815363,0.1347857311254622
0.2319938383702772,0.13478518665324363
0.3468107206704305,0.1772589199522389
0.3666028363281774,0.18231216661285465
0.3688639848503049,0.1839673621573296
0.3677334105892412,0.1831397643850921
0.35755117615053594,0.17908834660665857
0.357551176150536,0.1802208488212993
0.3400202090149165,0.17516760216068356
0.30891528465740065,0.1658015910567171
0.4469089393093605,0.20540051104162432
0.42371803477929065,0.196774982154923
0.23086326410921348,0.13243306666898974
0.2789409345609486,0.1521233599816186
0.2885578818691219,0.15748151108463765
0.29534132743550423,0.1588753599641955
0.2404802114173868,0.13918506665156666
0.260286459253397,0.14611238668852541
0.23878435002579124,0.13844458443430152
0.24896658446449643,0.14314936887502783
0.5153369464602425,0.21960252439099423
0.44069078087351,0.20357108438720467
0.42145688625716327,0.19638296215754739
0.4050564933826075,0.19324625770632367
0.39600483320496604,0.19032734214253086
0.41919573773503577,0.1959909421601717
0.5108146494159878,0.2193411777260771
0.5413542866429716,0.22544035551857983
0.5509641678620133,0.22670353106567911
0.2546335879480784,0.14484921114142615
0.26593933055871566,0.14672219557333196
0.24445135350937314,0.14014442670069982
0.2698963404724387,0.15103441554446403
0.2580182446421379,0.14611184221630683
0.28234678952240305,0.15573974445740896
0.26197525455586096,0.14650386221368247
0.26367111594745657,0.14672165110111338
0.2761215649974209,0.15142698001405827
0.2682004790808431,0.15081662665703313
0.28007857491114396,0.15573919998519037
0.3309756149264067,0.17172653773927513
0.33210618918747037,0.17307682884134679
0.32135866761823334,0.1698094510576645
0.33493969092926135,0.17455833774809557
0.31909751909610584,0.16928675772783028
0.32419216936002426,0.1710731710769824
0.3722627737226278,0.18496973551173038
0.3428537107567075,0.17664911106743234
0.30043597769942265,0.16392860662481124
0.3298379745762113,0.17168243548957032
0.2902537432607175,0.1586575710767646
0.6216603896241546,0.23572271336641182
0.6284367691014054,0.23724669110620966
0.5062923523717328,0.21890559995121528
0.47009984383943026,0.21080276439434817
0.4678316292281711,0.21080221992212958
0.36321111354498625,0.18183303106050663
0.38300322920273316,0.1877138754933599
0.3388896347538528,0.17481913994079412
0.31853223196557395,0.1678057932933001
0.36547932815624534,0.1819206910876976
0.57019806247836,0.2277500066697847
0.4372990580903188,0.20300483327988428
0.5000671278467506,0.21825168881670395
0.48084736540866724,0.21332965996076533
0.41863045060450393,0.19555536438530993
0.4242903879989542,0.19973745549620203
0.4610552497509204,0.20879910662998374
0.4723680584506893,0.21123888664142854
0.4672734081867709,0.2107156488393758
0.46388168540357966,0.20879910662998377
0.4644399064449799,0.21041019992475393
0.4757527151447488,0.21258863327128164
0.4570911737480656,0.2082323110504448
0.4367267048706552,0.20191534437051112
0.47348450053348967,0.21193472213677034
0.5175980949823701,0.22082214216060733
0.4978059793246232,0.21733697548949413
0.4859278834943224,0.2146794065906184
0.43446555634852774,0.20161043992810787
0.5277803294210753,0.2243073088317205
0.47631093618614906,0.21267520435403542
0.4864931706248543,0.21616037102514862
0.4503006620925516,0.20657657103375127
0.5057199991520693,0.21873082436905195
0.3971424735551614,0.19224442882414144
0.379611506419542,0.1872347399410119
0.40788292903526685,0.19429164436599203
0.3784809321584782,0.1861022377263711
0.35981232467266344,0.1810484465935368
0.3863949519859244,0.18897705104045917
0.37847386606934663,0.18610169325415254
0.38639495198592433,0.1881930110457079
0.3502024434536217,0.17860921105431055
0.39035196189964744,0.18928195548286247
0.5718868577808239,0.22783657775253846
0.5764091548250788,0.23097273773154361
0.5979183301418164,0.23489511559417436
0.5916789734385707,0.23106039775873455
0.5939471880498299,0.23106094223095314
0.6391913567597741,0.24073240224954143
0.6126087294465132,0.23524303334184526
