9.652416482466385e-06,0.0022756445450793444
0.0019497881294582098,0.009852291358230372
0.8542099014488281,0.43202032555726777
0.8870474223221788,0.4354356855899825
0.7460352699298272,0.4164694567608604
0.7112576133435008,0.4107784521830662
0.6513740214862792,0.4009185879644529
0.7450603758650982,0.41646567033066884
0.5403036650225386,0.3785521448233819
0.7383036843273716,0.41419381221578094
0.5547919421627207,0.3823423614450531
0.6600708487369815,0.4031942325095323
0.606953600833969,0.39409544075940633
0.7431298925686048,0.41570838429237283
0.6330247777531107,0.39826430040022553
0.5702454609511494,0.38613257806672435
0.04160191503943012,0.04964009981029984
0.5856989797395781,0.3895441516692476
0.5287111128270964,0.3751405712208586
0.5827936023783556,0.38802579316246427
0.5393384233742919,0.3781735018042339
0.5460951149120183,0.3796880738808258
0.5731411858958892,0.3865112210858724
0.549956081505005,0.3800667168999738
0.5489908398567583,0.3800667168999738
0.5518962172179807,0.38082778936846123
0.560593044468683,0.38348207693268854
0.6040482234727466,0.39371301131006686
0.5441742840320075,0.37931321729186934
0.553826700514474,0.38196371842590515
0.5238752521693807,0.3728649266757793
0.5383731817260452,0.3781735018042339
0.5702358085346668,0.38612879163653285
0.03481626625225625,0.03561894881125024
0.5847337380913313,0.38878686563095166
0.532572079420083,0.3758978572591546
0.6021177401762533,0.3929557252717709
0.5441646316155251,0.37893078784252987
0.5306415961235897,0.3755192142400066
0.5856893273230955,0.38954036523905616
0.6030829818244999,0.3933343682909189
0.5316068377718364,0.3758978572591546
0.7885252072856443,0.4259431050999427
0.5383635293095628,0.3781697153740424
0.6011524985280067,0.3929557252717709
0.5663748419416803,0.384235576540793
0.5364330460130695,0.37665514329745053
0.5760465632571117,0.38727229355435977
0.5847337380913313,0.3891655086500997
0.588594704684318,0.3903014377075436
0.5528614588662274,0.3812064323876092
0.0251541973533074,0.028042301998099206
0.5586529087557072,0.38272100446420115
0.5345025627165763,0.37627650027830256
0.8175017615660084,0.42822253607521354
0.5238849045858631,0.3743832851825627
0.5837684964430847,0.38878686563095166
0.8175017615660084,0.4301157511709534
0.5055260084362122,0.36869606703496005
0.564444358645187,0.38385693352164507
0.529676354475343,0.3755192142400066
0.02708468064980068,0.029556874074691115
0.5364330460130695,0.37665514329745053
0.4997345585467323,0.3660455659009242
0.540294012606056,0.3785483583931904
0.5509213231532516,0.38044535991912176
0.5731315334794067,0.3865074346556809
0.5238849045858631,0.37286871310597075
0.5238849045858631,0.3736259991442667
0.5789422882018516,0.3876509365735078
0.04256715668767676,0.0503973858485958
0.550930975569734,0.38044914634931326
0.60018725687976,0.39257708225262294
0.713188096639994,0.41267166727880605
0.00969102614839625,0.022355083850496588
0.7846642406926578,0.4248071760424988
0.7865947239891511,0.42480717604249874
0.5750813216088649,0.3865150075160639
0.5518962172179807,0.38082778936846123
0.5683053252381736,0.38499286257908893
0.11121514271097771,0.10913249097883006
0.4997345585467323,0.36680285193922013
0.5876294630360712,0.38954415166924766
0.5538170480979915,0.38195993199571365
0.6069439484174863,0.3940916543292149
0.5789422882018515,0.3872722935543598
0.6803505757666434,0.40736309215035144
0.5489811874402758,0.3800629304697823
0.5673497360064094,0.38461800599013246
0.549956081505005,0.3800667168999738
0.7141533382882407,0.413050310297954
0.5026302834914721,0.36718149495836816
0.5547822897462381,0.3823385750148616
0.17696740378953868,0.16218795082184462
0.5654096002934337,0.383856933521645
0.5461047673285009,0.3796918603110173
0.5663651895251978,0.3842317901106015
0.5518962172179807,0.38044914634931326
0.5827839499618731,0.3880220067322728
0.5354774567813054,0.37628028670849406
0.6069342960010039,0.3940878678990234
0.5605833920522004,0.38347829050249704
0.5663844943581628,0.3842393629709845
0.5596278028204363,0.38310343391354057
0.585698979739578,0.38954415166924766
0.568314977654656,0.38499664900928043
0.803003832009344,0.42707903415738663
0.5943958069902803,0.391441153195179
0.5151784249186784,0.37134656816899586
0.6146755340199421,0.39523136981685025
0.6127450507234486,0.3952313698168503
0.821362728158995,0.4301157511709534
0.7846642406926578,0.42329260396590684
0.7846642406926577,0.42291396094675887
0.6040482234727466,0.39371301131006686
0.5354678043648229,0.37627650027830256
0.49006283723130095,0.3618729198299135
0.6030733294080174,0.3933305818607274
0.08992191195065685,0.07957561690413895
0.5557571838109673,0.3823423614450531
0.5345025627165763,0.37627650027830256
0.049343153058368165,0.06214289230256606
0.5692705668864202,0.38537150559823696
0.6088840841304622,0.3944740837785543
0.5093869750291987,0.369074710054108
0.5915000820455404,0.390683867156883
0.45336434976496376,0.3486128412993513
0.622397467205915,0.39750322793173815
0.4929778670090058,0.3633950647668884
0.13924576017606008,0.12694385859955096
0.09961293809905311,0.1007947716971916
0.500699800194979,0.36718149495836816
0.5856893273230955,0.3895403652390561
0.24945705157286116,0.21523583780447625
0.48330614569357444,0.3599797047341736
0.17210258588237565,0.15649315981385903
0.5316068377718363,0.3755192142400066
0.564444358645187,0.383856933521645
0.13635003523132014,0.12429335746551509
0.5905348403972936,0.3903052241377351
0.1779326454377853,0.16786759610906427
0.5828032547948381,0.38802957959265577
0.6166060173164353,0.3959886558551462
0.529676354475343,0.37514057122085864
0.6185365006129285,0.3967459418934422
0.3577282072566868,0.3008735294451743
0.35965869055318006,0.3012521724643223
0.5915000820455403,0.3906838671568831
0.2668507060742657,0.22433084312441065
0.48620187063831444,0.36149427681076546
0.5296763544753431,0.37514057122085864
0.5180741498634184,0.37210385420729186
0.5692802193029026,0.38537529202842846
0.1566394146774645,0.14096122316840906
0.6214322255576684,0.3971245849125902
0.5837588440266023,0.38878307920076016
0.5460854624955359,0.3796842874506343
0.4958735919537457,0.36490963684348027
0.19822202488392965,0.17961310256303453
0.7073966467505142,0.4107784521830662
0.2823331821121418,0.24214221074513156
0.511317458325692,0.369831996092404
0.03191088889103387,0.031071446151283023
0.2397853302574299,0.20614083248454187
0.5142131832704319,0.37134656816899586
0.39444599955598886,0.3190635400850431
0.1479329350102798,0.13148757482932666
0.5885850522678354,0.3902976512773521
0.550911670736769,0.38044157348893026
0.5615582861169296,0.38348207693268854
0.4784799374523413,0.35884377567672965
0.5335373210683295,0.3758978572591546
0.508421733380952,0.3690747100541081
0.7122228549917474,0.4122930242596581
0.32680186484686446,0.2804116606904177
0.49587359195374575,0.3645309938243323
0.3673806237391532,0.3046599596366541
0.5992220152315134,0.3921984392334749
0.5335373210683295,0.3758978572591546
0.5992220152315133,0.39219843923347497
0.6986901670833294,0.4096349502652393
0.4813756623970812,0.35960106171502565
0.4060482041679135,0.3289158314432735
0.5354678043648229,0.37627650027830256
0.3857395198888043,0.31640546609062437
0.43792048339301753,0.34103998091639176
0.12088686402640902,0.12390714158598416
0.49104738371251255,0.3626377787285924
0.8117103116765286,0.42822253607521354
0.5982567735832667,0.391819796214327
0.5074564917327054,0.36869606703496005
0.046447428113628245,0.05722053305364235
0.36738062373915314,0.3042813166175061
0.3770523450545845,0.31186174986084864
0.2861941487051283,0.2474432130132032
0.37222613681335126,0.3069393906119248
0.5982567735832667,0.39144115319517897
0.06770204920801923,0.07313111271824038
0.3741566201098446,0.3073180336310729
0.4949083503054991,0.3645309938243323
0.38863524483354417,0.31678410910977234
0.5673497360064095,0.38461800599013246
0.23688960531269002,0.20386897436965398
0.5151784249186785,0.3717252111881439
0.15953513962220436,0.14133986618755706
0.5171089082151717,0.3717252111881439
0.32680186484686446,0.27851844559467775
0.09283694172836171,0.09397162449214504
0.2677966428895474,0.22810970045550746
0.24947635640582616,0.2205444129329309
0.15179390160326636,0.1375458631356943
0.4678622793216282,0.35467870246610195
0.09281763689539677,0.07995425992328692
0.3973417245007288,0.32701504348715066
0.268781189370759,0.2341755616222581
0.46689703767338164,0.352785487370362
0.2185307091630389,0.19174482489653577
0.4630360710803951,0.35164955831291805
0.622397467205915,0.3975032279317382
0.027084680649800675,0.029935517093839095
0.5518962172179808,0.38044914634931326
0.45143386646847045,0.3463409831844634
0.20306753795812782,0.18795082184467304
0.34033455275528235,0.29253581016353586
0.30358780320653284,0.2584314334288776
0.5035955251397187,0.36756013797751613
0.10831941776623778,0.1087538479596821
0.476549454155848,0.3573292036001378
0.2204611924595322,0.19590989810716353
0.42921400372583285,0.33913919296026895
0.2619858881671026,0.22166519626960893
0.4929778670090058,0.36263777872859243
0.3760871034063379,0.31148310684170066
0.5200046331599116,0.37248249722643983
0.45143386646847045,0.3474769122419074
0.4640013127286417,0.352785487370362
0.4794451791005879,0.3592224186958776
0.43792048339301753,0.34255455299298365
0.43212903350353765,0.3406613378972438
0.30939855792897764,0.26449729459562815
0.44950338317197724,0.3455836971461675
0.46979276261812153,0.3554359885043979
0.2127392592735591,0.19174482489653574
0.3818785532958177,0.31451225099488445
0.45819055800619696,0.3497487703567953
0.27457263926023884,0.23947656389032973
0.7122228549917474,0.41153573822136214
0.444677174930744,0.34406912506957565
0.5943861545737977,0.3914373667649875
0.49490835030549907,0.3645309938243323
0.5316068377718363,0.3755192142400066
0.44371193328249736,0.3440691250695756
0.14889817665852645,0.1360312910591024
0.39058503296300234,0.3183062540467471
0.29391608189110147,0.2493364281089431
0.1402110018243067,0.1277011446378469
0.6928987171938497,0.40849902120779535
0.4253530371328463,0.33686733484538106
0.36836517022036475,0.305803461554481
0.4601210413026902,0.35050605639509125
0.6088840841304622,0.39409544075940633
0.4572253163579503,0.34899148431849936
0.6117798090752021,0.3948527267977023
0.39927220779722206,0.3270150434871507
0.2252874007007654,0.20386140150927107
0.1653265895116842,0.1451262963790368
0.32682116967982944,0.2853415927997243
0.24171581355392316,0.21257776381005752
0.3847742782405576,0.31602682307147634
0.26395498112952576,0.2231949140669668
0.5644347062287045,0.3838531470914535
0.4543295914132104,0.3489914843184993
0.10733487128502621,0.1026879867929315
0.08799142865416358,0.07919697388499097
0.5093869750291986,0.36983199609240397
0.17017210258588233,0.15384265867982327
0.3963571780195173,0.3205705393012521
0.30067277342882803,0.2546374303770148
0.44660765822723725,0.34444776808872357
0.30841401144776603,0.25918871946717353
0.3741566201098446,0.30921124872681277
0.1692068609376357,0.1508135145266394
0.4504686248202238,0.3463409831844635
0.6185365006129285,0.3967459418934422
0.3751218617580912,0.3099685347651087
0.4523991081167171,0.3478555552610554
0.5760369108406291,0.38726850712416827
0.43888572504126416,0.3429331960121316
0.11700659260045755,0.10951113399797804
0.4263182787810929,0.33686733484538106
0.3171494483643981,0.2777611595563818
0.2561944382776228,0.22166519626960893
0.4466076582272373,0.34558369714616755
0.46593179602513496,0.352785487370362
0.06965183733747743,0.07806104482754704
0.18567388345672337,0.1727975282183709
0.19820272005096468,0.1754404564920239
0.41377013735388657,0.3330809046539013
0.03579116031698536,0.04395288166269722
0.41763110394687325,0.3353527627687891
0.5229003581046515,0.3728611402455878
0.39637648285248217,0.3220926842382269
0.4611055877839018,0.3508922722746221
0.5335373210683296,0.3758978572591546
0.46014034613565513,0.35089227227462216
0.4717232459146148,0.3565719175618418
0.60018725687976,0.39257708225262294
0.3461260026447622,0.2967008833741636
0.4668970376733816,0.35316413038951006
0.44660765822723725,0.3452050541270195
0.1518132064362313,0.14020393713011312
0.3645042036273782,0.3039102464587411
0.3896197913147557,0.31717032498930325
0.6166060173164353,0.3956100128359983
0.4736537292111081,0.3569505605809898
0.31325952452196415,0.26601186667222004
