7.066089131648307e-06,0.002352664456472441
0.0033987888723228353,0.004356322220836843
0.9536323231181233,0.3049474557085462
0.00792108591657775,0.005227477770560496
0.93441256068004,0.3034229334965298
0.9202733163276117,0.3015058468149192
0.924788547282735,0.30246357344739666
0.9129245836306975,0.30098315348508503
0.0277485320199829,0.02378635781298577
0.9055687848446516,0.3009390512353803
0.899915913539333,0.2997194334657671
0.8767250090092632,0.29732266675958996
0.8671080617010899,0.2967994289575372
0.8484535863935385,0.2933583645361288
0.8529688173486616,0.2948823422759266
0.8026370644639308,0.2861255955845481
0.8552370319599207,0.29488288674814517
0.836003137343574,0.2918327533796752
0.8105581503805085,0.2873457578263798
0.8320461274298511,0.2914407333822996
0.869376276312349,0.2967999734297558
0.8405254343878289,0.2926167933744265
0.8727609330064084,0.29688654451250956
0.8524035302181298,0.2942289756136338
0.8416560086488927,0.29270390892939885
0.8405254343878289,0.2926167933744265
0.8501423816960023,0.2937498400612858
0.8869001773588367,0.2988036311941202
0.8908642533616915,0.2992397534412006
0.8354378502130422,0.2915278489372719
0.7958536188975484,0.28486242003744877
0.8150804474247635,0.2883911444860482
0.7918966089838253,0.2843397267076146
0.8461853717822794,0.2933578200639102
0.8495770945654705,0.2934449356188825
0.8071593615081856,0.28677896224684085
0.8885960387504324,0.299239208968982
0.88181259318405,0.2984987267517169
0.8620204775263031,0.29536202230049313
0.8026370644639308,0.2861255955845481
0.762487546017905,0.27902458890986315
0.8744567943980041,0.29732212228737137
0.8382642858657015,0.2923118889320232
0.8840808077953092,0.2984992712239355
0.8145151602942317,0.2880862400436449
0.8207333187300822,0.28926230003577186
0.7941577575059529,0.2848188622599626
0.8246903286438051,0.28965432003314745
0.8071593615081857,0.2869096355792994
0.7749309289787377,0.2812030222563909
0.8082899357692495,0.28699675113427175
0.8212986058606139,0.28926230003577186
0.82921262568806,0.29043836002789875
0.7325131959214529,0.27340454666970837
0.8173415959468908,0.2887396067059377
0.013022802269627829,0.012328484445245425
0.8269514771659325,0.29013345558549547
0.7981147674196758,0.2853415555897968
0.8082899357692495,0.28699675113427175
0.8173415959468909,0.2888702800383962
0.8111234375110404,0.287868451156214
0.8196027444690184,0.2891751844807995
0.8150804474247634,0.28826047115358966
0.8620134114371714,0.29505657338587127
0.8048982129860582,0.2866047311368961
0.8128192989026359,0.28791200893370017
0.8145151602942315,0.2879555667111864
0.7692709915842875,0.28028776445696246
0.8196027444690184,0.2891751844807995
0.7986800545502077,0.2856029022547139
0.8343143420411102,0.2914412778545182
0.7986800545502077,0.2856029022547139
0.7873672458504388,0.28342446890818623
0.7573999618431183,0.2779356444727086
0.7347743444435804,0.2738836822220564
0.793592470375421,0.28451395781755934
0.7794532260229927,0.2822484089160593
0.7647486945400325,0.27950372446221117
0.7788879388924609,0.281943504473656
0.8620134114371714,0.29505657338587127
0.8026370644639307,0.28599492225208956
0.7828449488061839,0.28264042891343494
0.7302520473993255,0.27309964222730515
0.7817143745451202,0.28255331335846257
0.7602263974957776,0.27871968446745987
0.7964189060280803,0.28529799781231063
0.7647486945400325,0.27950372446221117
0.7749309289787377,0.28129013781136325
0.8280820514269962,0.2903512444729264
0.7998106288112715,0.2856900178096863
0.7913242557641619,0.2839471622380204
0.7596611103652458,0.2784147800250566
0.8642886921375622,0.2953625667727117
0.8235597543827413,0.2895672044781751
0.7070682089583874,0.26861264667400975
0.31399580274305583,0.15325640666847792
0.7262950374856024,0.2717057933477473
0.8258209029048688,0.2900463400305231
0.6030129804057347,0.2445219288908393
0.8258209029048688,0.29004634003052315
0.7449565788822856,0.2756700955712085
0.82921262568806,0.29043836002789875
0.8252626818634687,0.2897855378378246
0.7743585757590742,0.280897573341769
0.76700984306216,0.2799828600145592
0.7839755230672476,0.2830324489108106
0.8235597543827413,0.28956720447817513
0.5210180821220879,0.2214776867117744
0.7387384204464351,0.2746247089115401
0.8439242232601518,0.29270445340161744
0.8048982129860582,0.2866047311368961
0.8048982129860581,0.2864740578044376
0.7896354604616979,0.28377347560029426
0.7342161234021802,0.2734486489194132
0.762487546017905,0.27902458890986315
0.7890631072420344,0.28364225779561714
0.806028787247122,0.2866918466918685
0.7664445559316282,0.2796779555721559
0.7766267903703334,0.281464368921308
0.7811490874145882,0.28229196669354545
0.8003759159418034,0.2858206911421448
0.7477830145349449,0.27645413556595977
0.7851060973283114,0.28311956446578296
0.7240268228743433,0.27153101776558397
0.7771920775008652,0.28176927336371127
0.235915517838342,0.11126126444961208
0.09166837430487347,0.05110035113013376
0.042460129592074666,0.029885535605488497
0.717243377307961,0.27052918888340177
0.5928378120561613,0.24203913557412687
0.7901936815030981,0.283860046683048
0.786236671589375,0.2833373533532138
0.026052670628387307,0.019082117844478046
0.6205368814522225,0.24970530441169503
0.7489135887960087,0.27654125112093214
0.8003759159418032,0.2856900178096863
0.7771920775008653,0.28155148447628037
0.7913242557641619,0.28394716223802036
0.7749238628896061,0.28115892000668613
0.7794532260229926,0.2820741778061145
0.7879325329809707,0.2835551422406447
0.6386402018075055,0.2536701511073748
0.7619222588873732,0.27871968446745987
0.7743656418482059,0.28098523336896
0.554949442132263,0.23323937557748087
0.7573928957539866,0.2778479844455176
0.7353396315741122,0.27418858666445967
0.8461853717822793,0.2932271467314516
0.8456200846517474,0.29270445340161744
0.5379766960380439,0.22522365557558607
0.7794532260229926,0.28207417780611455
0.7873672458504388,0.2834244689081862
0.8037676387249946,0.28621271113952046
0.17653210477596962,0.09174520224692793
0.7098946446110469,0.26909178222635777
0.6918054564340272,0.26504090892014276
0.6375096275464417,0.2535830355524024
0.7687057044537555,0.28002641779204535
0.7370354929657079,0.2743628177744044
0.5724733431787509,0.23641909333397218
0.7811490874145883,0.2822484089160593
0.7494788759265406,0.2766283666759045
0.2913560531652546,0.13731208221966076
0.6058394160583941,0.24539308444056293
0.3518983048452174,0.16523697336605245
0.5611676005681135,0.23419764668217685
0.7766197242812017,0.28137670889411703
0.7879325329809707,0.28355514224064476
0.7466524402738812,0.2759750000136118
0.832046127429851,0.291310060049841
0.15276178093710474,0.0785450177797403
0.7279979649663298,0.2718370111524244
0.4044982723412074,0.1853628444535432
0.06734689551374,0.04247482224343244
0.6075352774499896,0.24635135554525894
0.7664445559316282,0.2796779555721559
0.5945336734477569,0.24417346667094983
0.7031111990446645,0.2676543755693137
0.0435907038531384,0.03206342447979763
0.7506094501876044,0.2767154822308769
0.6980236148698776,0.26612985335729733
0.8230015333413413,0.28926284450799045
0.7070682089583874,0.26839485778657884
0.8196027444690183,0.2890445111483409
0.467273408186771,0.20614208220332664
0.5736039174398146,0.23715957555123726
0.7234615357438114,0.2714874599880978
0.2121593261777404,0.09928178669647471
0.6301608948495275,0.25171005112049655
0.25288826393256125,0.1236327622001251
0.5402378445601713,0.22757577555983996
0.7081987832194513,0.26874332000646833
0.7449565788822856,0.2755829800162361
0.031154386981437385,0.027838320063637914
0.74326071749069,0.2754087489062914
0.7155475159163653,0.27026784221848466
0.6194063071911587,0.2490519377494023
0.7217656743522158,0.2714439022106116
0.6980236148698776,0.2664347577997006
0.7839755230672476,0.28303244891081053
0.7528705987097318,0.27702038667328016
0.5368319895987169,0.22517900885366274
0.7455218660128174,0.27588788445863943
0.6069699903194579,0.24591577777039714
0.4938560355000319,0.21302529999058065
0.11261226249107904,0.06386495782245959
0.2834420333378085,0.13705073555474367
0.7636181202789688,0.2791117044648355
0.7619222588873733,0.2788939155774046
0.666918690512362,0.2597693288998776
0.30041477943202777,0.14654741999116866
0.6414666374601647,0.25528178887436354
0.08036263169423619,0.04844332670347662
0.6900954628641683,0.2640815488710096
0.7087640703499831,0.2690046666713854
0.7409995689685626,0.27497317113142955
0.7002847633920053,0.26713168223947953
0.6714409875566167,0.26164231333178334
0.23478494357727825,0.11113059111715354
0.7556970343623911,0.27780442666803146
0.5419337059517669,0.22992789554409382
0.72855618600773,0.2720106977901506
0.8229944672522095,0.2892623000357718
0.7296938263579253,0.27244682003723103
0.07752206386331358,0.045480308889979046
0.5560800163933268,0.23406697334971832
0.42260159269649034,0.19189760002090775
0.4299503253934046,0.1950337599999129
0.4220221733876951,0.18941371775975818
0.7455218660128174,0.27575721112618085
0.47689742158407594,0.21167500888850896
0.6595558256371845,0.2575467933036451
0.8088552228997812,0.28699675113427175
0.8314808402993192,0.2907873667200068
0.4661428339257072,0.20405130888398984
0.7121557931331742,0.26939668666876104
0.4350379095681914,0.19673251332187403
0.22856678514142775,0.1063827933711596
0.7296867602687935,0.2724462755650124
0.6109270002331808,0.24713539554001024
0.5622981748291773,0.23476389778949724
0.16182050720387783,0.08460063779475684
0.21782632966132232,0.10616500448372869
0.237060224277669,0.1166199600248497
0.6974583277393459,0.26612985335729733
0.6522070929402702,0.2569805421963247
0.49555189689162743,0.2141142444277352
0.5260915341186114,0.22409006441650817
0.6335526176327188,0.25284255333513733
0.3762056514580876,0.1744712221931232
0.7404342818380307,0.27479894002148486
0.8942489100557509,0.29932632452395436
0.8314808402993191,0.2907873667200068
0.7579652489736501,0.27802276002768095
0.7059376346973238,0.26804639556668935
0.5606023134375817,0.23406697334971832
0.7409995689685626,0.2749731711314296
0.7935854042862893,0.2844262977903684
0.5232650984659521,0.2227397733144365
0.7658792688010962,0.27959084001718354
0.5690816203955597,0.2355479377842485
0.7726627143674787,0.28085401556428286
0.809985797160845,0.2870838666892441
0.6030129804057348,0.2452624111081044
0.015863370100550448,0.01794852668540014
0.6985889020004096,0.2664783155771868
0.567385759003964,0.23515591778687292
0.5125246429858467,0.22012630666526556
0.3320991230983388,0.15778750447147807
0.47066513096996215,0.20640342886824373
0.7166780901774291,0.2703549577734571
0.7472177274044131,0.2761492311235565
0.3745239222447552,0.17412384891767088
0.6680492647734256,0.2603355800071979
0.37904621928901017,0.17569192890717347
0.7285632520968616,0.2721419155948277
0.6770938588619355,0.2618165444417281
0.7070682089583874,0.26861264667400975
0.6216815878915496,0.2499241822435631
0.10130651988044177,0.06203553116803993
0.5085676330721236,0.2193422666705143
0.6782244331229992,0.2626441422139656
0.6957624663477503,0.26538937114003225
0.259120554546675,0.12816386000312527
0.5198733756827609,0.22047476888515502
0.5792567887451332,0.24042640886270097
0.8048982129860581,0.2864740578044376
0.6578599642455889,0.2575467933036451
0.7766197242812017,0.28137670889411703
0.696893040608814,0.26556360224997694
0.6844425915588497,0.26382020220609254
0.6454236473738878,0.25554313553928065
0.6369443404159097,0.25319101555502677
0.571342768917687,0.23637553555648597
0.7449565788822856,0.27558298001623616
0.71385165452477,0.269614475556192
0.19915772217550748,0.09714745559965174
0.3286932681368844,0.15591343109513509
0.3422742914479123,0.16358068887714036
0.4271238897407452,0.19464174000253726
0.13241144423795762,0.07841434444728176
0.7771920775008652,0.28155148447628037
0.08092791882476805,0.05049054224532721
0.6963277534782821,0.2655200444724908
0.5532394485624041,0.2327591510806957
0.05772288211643502,0.03380573557924494
0.6918054564340272,0.2652586978075737
0.6081005645805215,0.24665625998766225
0.7641834074095007,0.2791988200198079
0.7257226842659389,0.2717052488755287
0.802071777333399,0.2858206911421448
0.7285632520968616,0.2723597044822586
0.7200698129606202,0.2708340933258051
0.7771920775008652,0.28150792669879415
0.17653210477596964,0.08891394671032608
0.6471195087654834,0.2559351555366563
0.29418248881791387,0.13944641331648372
0.670875700426085,0.261076062224463
0.4344726224376595,0.1960355888820951
0.7500441630570723,0.2766719244533907
0.6154492972774357,0.24831145553213718
0.6607005320765115,0.25907240446009866
0.7715321401064149,0.2807669000093105
0.8105581503805086,0.28721508449392125
0.46501225966464355,0.20400775110650368
0.7274185456575346,0.27174880665301493
0.7426883642710266,0.2752339733241281
0.7477830145349449,0.27645413556595977
0.7426954303601582,0.2753651911288052
0.35698588902000417,0.16785044001522342
0.7704015658453512,0.28037488001193484
0.16577751711760094,0.08764968221878962
0.7534358858402636,0.27732529111568344
0.7381660672267717,0.27444993332937684
0.6476847958960154,0.2567191955314076
0.5385419831685757,0.22578990668290647
0.35472474049787667,0.16571610891840047
0.20650645487242167,0.09771370670697213
0.5724733431787509,0.23711601777375108
0.5255403791663428,0.22282797781384606
0.76700984306216,0.2799828600145592
0.3603917439814586,0.17137970893604138
0.7511747373181361,0.2767590400083631
0.33211325527660207,0.16153456227972693
0.7042417733057281,0.26782860667925845
0.21442047469986783,0.10246150445296608
0.24158252132192395,0.11805736668189376
0.4457924972265601,0.20135072667984655
0.5045964909801373,0.21607434441461343
0.6273344591968681,0.2504468755733973
0.8105581503805085,0.28721508449392125
0.5888808021424382,0.24156000002177888
0.505727065241201,0.21629213330204433
0.6606863998982481,0.25815660218845166
0.6346831918937824,0.25284255333513733
0.6912401693034954,0.2647795622552257
0.5012189003752094,0.21577052891664728
0.38753965842525134,0.1790905244955329
0.7511747373181361,0.2768461555633354
0.7545664601013273,0.2777173111130591
0.030574967672642225,0.02474462891768179
0.6906748821729636,0.2644311000353362
0.7421301432296263,0.27501672890891576
0.18444612460341575,0.09518626666833639
0.05830230142523017,0.038554622269676
0.397714826774825,0.18144264447978675
0.4005412624274843,0.18453524668130575
0.32699740674528877,0.15369198444333976
0.3931925297305701,0.18065860448503543
0.6804855816451265,0.2633846244312307
0.15673292302909111,0.07933014671892877
0.7534358858402636,0.27732529111568344
0.2562941188940157,0.1276411666732911
0.5385419831685758,0.2271837555624643
0.7002847633920051,0.26660898890964535
0.6850078786893815,0.2640815488710096
0.5057411974194643,0.21694658890877425
0.7257226842659389,0.2717052488755287
0.6273344591968683,0.2516664933430104
0.09790066491898727,0.053105097838935314
0.29983536012323253,0.13953352887145606
0.4667081210562391,0.20479179110125498
0.6131881487553082,0.24791943553476153
0.5068717716805281,0.21895024667313862
0.7409995689685626,0.2749296133539434
0.6900954628641683,0.26425577998095434
0.12448329223224823,0.06634775113917199
0.5357014153376531,0.2247869888562871
0.759654044276114,0.2781528888879209
0.7149822287858337,0.2697015911111644
0.760219331406646,0.27858846666278275
0.654482373640661,0.2574172089156237
0.41355699860798045,0.18706268671994147
0.549847725779213,0.2316266488660549
0.4452130779177649,0.19690674443181874
0.4825502928893946,0.21276395332566356
0.45144536853187867,0.2031801533342662
0.5752997788314101,0.23846630887582276
0.3683057638089048,0.17347048225537814
0.23195850792461897,0.10646990892613199
0.7523053115791999,0.27702038667328016
