0.0874479476502082,0.25697268197697726
0.0511600237953599,0.21338984021533705
0.30517549077929806,0.4508905560964434
0.07495538370017846,0.24660672355535193
0.06305770374776919,0.23858885516293454
0.03807257584770969,0.16402267911345284
0.049970255800118976,0.17204054750587022
0.1124330755502677,0.31092148216024285
0.18500892325996432,0.3774697898173071
0.29327781082688875,0.44401809747437143
0.2444973230220107,0.41641372200904875
0.13682331945270673,0.34419563598877495
0.001189767995240928,0.08945650306397113
0.000594883997620464,0.04816448084302159
0.013682331945270675,0.13074852528492067
0.05056513979773944,0.19271519386060362
0.4973230220107079,0.5312410514861692
0.48483045806067815,0.5208750930645438
0.3890541344437835,0.4807284806139396
0.28138013087447944,0.4417272779336807
0.17251635930993459,0.36710383139568176
0.19690660321237358,0.3820514288986885
0.2082093991671624,0.3991753049653513
0.09994051160023795,0.30971880190138024
0.09934562760261749,0.2707175992211213
0.16002379535990485,0.34986541435198437
0.34027364663890547,0.4622873833113796
0.4009518143961927,0.5036366760208464
0.25639500297442,0.43244945879388347
0.5336109458655561,0.5393161903671039
0.6412849494348603,0.5611362464921826
0.5211183819155265,0.5358226905675505
0.4497323022010708,0.5140599049309891
0.7489589530041643,0.5657751560620813
0.34146341463414637,0.4681289731401408
0.22070196311719215,0.4095412633869766
0.12373587150505651,0.32117289960483364
0.37656157049375377,0.47952580035507697
0.2093991671624033,0.4015806654830765
0.026174895895300414,0.16173185957276215
0.16061867935752527,0.35564973369222835
0.3527662105889352,0.4726533417330049
0.3289708506841166,0.4543267854074795
