0.40276001441482184,0.15491269115739
0.4508235526882936,0.16819890223511288
0.497205361748433,0.1797438911578256
0.4921107114845147,0.17900286446834193
0.4315967241610785,0.16040151559286764
0.39765829806177166,0.15465025554803574
0.4242409253750327,0.15752615780656098
0.46044756608559856,0.17360115558783668
0.4519682591276206,0.17355759781035052
0.4135004698949272,0.1574390422515886
0.489291341920987,0.17852427338821247
0.4084128857201405,0.1569163489217544
0.4406413182495884,0.16806768443043577
0.3971000770203716,0.14624414896542107
0.42707442711682364,0.15987882226303346
0.4327272984221423,0.1621873844698011
0.32183916167918547,0.1074717378083142
0.30656934306569344,0.1020264711503228
0.5690321577716381,0.19512250897154096
0.6928653698037747,0.21402930676163714
0.6323655146586018,0.20357435122051615
0.65554935309954,0.2098907734282312
0.6470629800524303,0.20383569788543324
0.4038905886758855,0.15569673115214133
0.3478918323075727,0.13247771339091308
0.3891860571929255,0.14424049120105673
0.3676980801435829,0.13892589787552384
0.35468941005221843,0.13848977562844345
0.3710898029267741,0.14389148450894867
0.32810678273895744,0.13130165339878613
0.34619597091597715,0.1323905978359407
0.32411444237957615,0.11875429112167267
0.5130475335815885,0.1927687555706314
0.5068152429674748,0.18475303556873662
0.489270143653592,0.17460243999780034
0.5803379003822754,0.20165617559446838
