0.040764268200479084,0.03319592669443838
0.15729821015962295,0.08677852666906596
0.346782456313904,0.14807303114762219
0.2930307162894552,0.12075849335825566
0.36318991527759126,0.15974760445835626
0.34395602066124475,0.14245407785190461
0.1273238600631708,0.07083529116468597
0.23419845817935145,0.10328855775298493
0.27097745210958085,0.11269976005109326
0.5933889670084297,0.22892715560634877
0.9321443460687808,0.30342238902431123
0.4310526352979417,0.17673731556684183
0.29700892447057325,0.13191091781137412
0.6686004197256941,0.2506646644608282
0.38581553267712926,0.16636947558069318
0.482522028532868,0.1901117311439742
0.9016047088417969,0.3005029289882999
0.8399601472572971,0.29091804005246535
0.6267409077098097,0.23598351555911032
0.4174716119869136,0.1708994844392562
0.496103051843896,0.20322371111175236
0.8382642858657016,0.28891438228810096
0.23082793366355522,0.10189634229008282
0.8744567943980041,0.29732212228737137
0.6844425915588496,0.25597980225857964
0.7443912917517539,0.2684830622859884
0.41634103772584996,0.17081236888428383
0.6329731983239234,0.23955634225741448
0.8190374573384864,0.2885218178185067
0.4593311240027982,0.184361015571361
0.7992382755916079,0.2832502377982415
0.5594434748199912,0.22234775331706086
0.5520876760339456,0.21624911999677673
0.6137393037075767,0.2338056266848012
0.3332014330028759,0.1377051911614736
0.652772380070802,0.24935793113624272
0.31509811264759285,0.1357440022301582
0.8201680315995502,0.28869604892845147
0.6335384854544552,0.24138576891183414
0.8122540117721041,0.286910180051518
0.5775467951752743,0.22583346446039265
0.8009412030723351,0.28499309336990736
0.816776308816359,0.2880862400436449
0.5803873630061969,0.22696705561947053
0.8405254343878289,0.2926167933744265
0.6686004197256941,0.25005485557602164
0.4338932031288644,0.183184955579234
0.8461853717822793,0.2932271467314516
0.8529688173486616,0.2948823422759266
0.5560517520368002,0.21681591557631566
0.7127210802637062,0.26212253782856854
0.4842320221027269,0.19943418447045447
0.7721044933260783,0.27480002896592204
0.8179068830774228,0.28821691337610345
0.6719921425088854,0.25262476444770643
0.7901936815030979,0.2822048511385731
0.3241709710926294,0.13683512455618707
0.5464418708177585,0.21315706226747633
0.8507076688265341,0.2935320511738549
0.08997251291327789,0.05162304445996795
0.2930377823785869,0.12210932893254588
0.6035641353580035,0.22997254226601713
0.7647416284509009,0.2744069200241092
0.6103475809243858,0.23223754669529867
0.695183047038955,0.26003067556479464
0.7115905060026426,0.26068513117152453
0.3931642653740435,0.16867803778746085
0.6001724125748121,0.22966763782361388
0.5062923523717329,0.2088873111293933
0.566241052564637,0.22461384669077952
0.7528705987097317,0.2717498955974521
0.7721044933260784,0.27985273115431925
0.721200387221684,0.2622967689385133
0.7845408101977793,0.28155148447628037
0.7856713844588432,0.2818999466961698
0.3473477434444358,0.14850860892248402
0.7257226842659391,0.2652151400300875
0.7392895753987039,0.26782860667925845
0.6900954628641682,0.258201248910375
0.5928095476996347,0.2285776044420221
0.47065099879169886,0.18614797339273162
0.6476706637177518,0.24308452223379526
