0.8543019353219786,0.4126635020805588
0.03400144286565666,0.050861787899050076
0.9510053009629561,0.42262697487303896
3.136664471001537e-05,0.022330778455026224
0.8593205984755812,0.41531600731649365
0.8492832721683762,0.41155829156558604
0.010162792886044979,0.041578019573278224
0.9170979580314295,0.422179364614475
0.895737272983909,0.42128967014992186
0.67344186192403,0.3799161145219136
0.8417239107932626,0.4100054707920492
0.8229039239672533,0.40978442868905457
0.17490041090304573,0.19593172009438495
0.6659138671936262,0.37947403031592447
0.6646592014052257,0.3783688198009516
0.5051911796995074,0.33259100027077665
0.6068818418493773,0.36443211520714414
0.738747216210282,0.39274760860074825
0.6973118785483516,0.3863318615613309
0.663404535616825,0.3772636092859788
0.6571312066748219,0.3759373566680114
0.7186725635958721,0.38965301915882433
0.7324738872682789,0.3907582296737972
0.47125247012327093,0.31821221147098
0.6772058592892318,0.3805792408308973
0.6558765408864213,0.37593735666801137
0.5868071892349676,0.3584639784262908
0.6922618487500393,0.3834527881698267
0.6131551707913804,0.36575836782511156
0.6872745522411468,0.3827951879134178
0.15601769078761646,0.1749216682047513
0.51020984285311,0.33590663181569513
0.34070449484018694,0.27001398091301443
0.6194598663780935,0.3664270201866701
0.7199272293842727,0.39075822967379714
0.04786549982748345,0.0811556081144556
0.16988174774944328,0.18952149910754248
0.6257331953200966,0.3690795254226049
0.6985979109814623,0.3863373876139058
0.5265204981023179,0.34165372649355397
0.6282738935416078,0.37019026199015265
0.3557604843009944,0.27686628610584607
0.6496032119444182,0.374611104050044
0.6445531821461058,0.372616199070518
0.5692105015526489,0.3518271892838789
0.6056271760609767,0.362442736280193
0.6671998996267369,0.37947955636849934
0.2565164204385057,0.22467824558882854
0.6470938803676171,0.3737269356380657
0.7789278880838117,0.400489608258133
0.5943351839653712,0.36222169417719846
0.47630249992158336,0.32042815855350054
0.7337285530566795,0.39230552439475913
0.43483579561494307,0.3109122960195844
0.17737837583513696,0.19924182558672865
0.6458078479345064,0.3737214095854908
0.5905711866001693,0.35868502052928536
0.232677770458894,0.2202574035289372
0.40600984912643895,0.2994236327164418
0.3971958219629246,0.29079746464707873
0.49891785075750444,0.3292753687258581
0.075530880461717,0.10349191262205669
0.5767384962830525,0.35425865241681914
0.22765910730529157,0.21848906670498064
0.25654778708321574,0.23949359254203947
0.09573099965496691,0.14241742695940007
0.2891690975816317,0.24833527666182217
0.500141149901195,0.33214339001221266
0.36827577554029045,0.2901232862329453
0.5792791945045638,0.3553693889843669
0.1974843950942568,0.20698382524411338
0.49766318496910383,0.32839120031387986
0.11837771713559801,0.17359541558678387
0.6332611900505003,0.37151098855554515
0.5428625199962359,0.3445327998850582
0.516451805150403,0.3372273583810877
0.7563439038926005,0.3962898083012362
0.6207458988112041,0.366432546239245
0.51020984285311,0.3365697581246789
0.48508516044038763,0.3261752532313593
0.679715190866033,0.38124236713988097
0.6583858724632226,0.37704256718298423
0.44989178507575045,0.3171014749034323
0.5754838304946519,0.35293239979885177
0.6948025469715504,0.38412144053138525
0.5579185094570434,0.35072197876890604
0.3457231579937894,0.27443482297290583
0.4210344719425363,0.3038389487237582
0.7123678680091591,0.3892054089002603
0.5478811831498385,0.3491746840479441
0.5805338602929644,0.3571377258083234
0.7437658793638845,0.39606324014566674
0.27665380634233555,0.24414100275750025
0.29798312474514604,0.2616033288940711
0.3331451334650732,0.2693453285514559
