0.10799535773658292,0.042235619829687064
0.830463285342367,0.410010996844624
0.9145886264546282,0.4170953962455999
0.7663812301998055,0.40048960825813296
0.6973118785483516,0.3863318615613309
0.7212132618173833,0.390763755726372
0.738747216210282,0.39274760860074825
0.6671998996267369,0.37947955636849934
0.8002885731313323,0.40535806057658835
0.6596719048963332,0.3770480932355591
0.6182052005896929,0.36465868336271356
0.696057212759951,0.3852266510463581
0.19732756187070677,0.1472748271727057
0.5428625199962359,0.3445327998850582
0.6269878611084971,0.3701847359375778
0.6659452338383364,0.3783743458535265
0.7500705749505975,0.3965108504042308
0.7350145854897902,0.392311050447334
0.6119318716476898,0.3639955570537299
0.7739092249302093,0.4018158608761004
0.6458078479345064,0.3737214095854908
0.7287412565477871,0.39209000834433944
0.12436874627521094,0.06700338747022841
0.6194598663780935,0.3664270201866701
0.6784918917223425,0.38058476688347215
0.6257331953200966,0.3690795254226049
0.7123678680091591,0.3892054089002603
0.6332611900505003,0.37151098855554515
0.7048398732787554,0.38677394576732005
0.6885292180295473,0.3839003984283907
0.19356356450550488,0.14506440614276003
0.5692105015526489,0.3516061471808844
0.618205200589693,0.36532180967169725
0.6948025469715504,0.38412144053138525
0.6810012232991436,0.38146893529545045
0.7450519117969951,0.3960687661982416
0.51024120949782,0.32883881057244385
0.6445531821461058,0.372616199070518
0.5190238700166243,0.3337017368383244
0.6885292180295474,0.3827951879134179
0.7638718986230043,0.3980581451251928
0.6106772058592892,0.36289034653875707
0.11307675417960542,0.06236150330734247
0.6445531821461058,0.3717320306585397
0.5466265173614379,0.34740634722398755
0.3745491044822935,0.2693453285514559
0.3116276151940027,0.22377749901912572
0.2049182898905304,0.1696111316803068
0.7111132022207585,0.3881001983852874
0.16087952071766887,0.11587579644232737
0.18603556977510116,0.13069666944811312
0.34694645713747996,0.2602826023286786
0.4675198394027791,0.3179966954205603
0.39336909130830283,0.2786290968772278
0.5390985226310342,0.3436486314730799
0.1269408111414322,0.11011764965931886
0.5001411499011951,0.32241753748045165
0.6169505348012922,0.36421659915672444
0.48633982622878824,0.3191019059355331
0.5478811831498385,0.3491746840479441
0.581819892726075,0.3571432518608983
0.532825193689031,0.3423223788551125
0.516483171795113,0.3290543266228636
0.2689689783883818,0.2113991412514299
0.21997427935133781,0.17823177369709495
0.281515636272388,0.21360956228137556
0.7136539004422697,0.38921093495283515
0.5278065305354286,0.33768049469222655
0.2953169599447947,0.21648310962030495
0.2564223205043757,0.20609413077956024
0.6069132084940874,0.3624482623327679
0.5956212163984819,0.36222722022977333
0.36068504752046676,0.26181884494449087
0.44493585521156803,0.3087129270947885
0.2501489915623726,0.18531617309807086
0.5189611367272042,0.3336906847331746
0.5704651673410495,0.3535955261078355
0.5604278410338446,0.3513851050778898
0.42975439917192054,0.290786412541929
0.39343182459772275,0.28770287520515475
0.5880932216680782,0.35846950447886566
0.3079263511182209,0.2198097932703732
0.559173175245444,0.34939572615093867
0.5089238104199993,0.3237437900984191
0.434835795614943,0.2956603909129592
0.4360904614033438,0.29764976983991037
0.17342617860167497,0.12670685948906119
0.5805652269376744,0.35537491503694174
0.526551864747028,0.3361331999712646
0.7098585364323579,0.3869949878703146
0.38339449829051786,0.27687181215842094
0.43991719205796553,0.2989870745630275
0.3204730090022271,0.24766109824768875
0.6244785295316959,0.3679743149076321
