0.597973714751733,0.31135990627814836
0.5592045418901541,0.2972353158967955
0.628242526896898,0.3160294207039087
0.24513032840877008,0.16895905747647283
0.2614409836579781,0.18310575206812518
0.43982309212383547,0.2556462442183675
0.31172171512813274,0.21473135095407297
0.2991436905994166,0.19792662507391096
0.38210846585740726,0.24923602323152502
0.45864307894984474,0.2870342228435962
0.3493930554248612,0.2308729505252513
0.2300743389479627,0.13978149988118985
0.2086195539663122,0.1357806378169882
0.2890436310027917,0.19194743618790788
0.3016530221762178,0.20168434082481862
0.3606536808757567,0.2339620139146004
0.5791850945704339,0.30230270610794596
0.24384429597565951,0.1503859947723543
0.3770584360590947,0.24878841297296106
0.157178256641887,0.12030769060736846
0.22621624164863086,0.1362282480755522
0.30798908440764095,0.20213747713595745
0.3205357422916471,0.22733627687733823
0.23628493460054578,0.14927525820480655
0.444810388632728,0.2627140654616189
0.271478309965183,0.18686346781903285
0.287788965214391,0.19017909936395136
