0.3063541778574794,0.09706146570670446
0.4803551309703847,0.15127579361594842
0.45219973500155647,0.14503529373963067
0.30557736329303264,0.09595876029828962
0.37542731687698505,0.12745989265436125
0.464923516821341,0.14749389680671415
0.47456758699909923,0.1501731669609551
0.4707220794389306,0.1478250549442934
0.3704055688238421,0.12723914681378226
0.5837375799196189,0.16675635368823144
0.4923131168720267,0.15221303808570597
0.5922274468970116,0.16941365163786248
0.5073618330619992,0.15727396921418496
0.5536511661859782,0.16264369250852564
0.3572933797218343,0.12420714008445992
0.34418119061982644,0.11836363620612952
0.3812093515251184,0.12970901162014614
0.3468669856564772,0.11911297501209062
0.37580470551290424,0.128617331690747
0.4649180074981889,0.14600529963274922
0.5278041766178817,0.15966657691401728
0.4954093564835093,0.15489254450021153
0.30983882475118524,0.11077755536936497
0.4228873811707863,0.14429650789215603
0.5455524611523851,0.1615411446069539
0.4124664964285813,0.1408011947839089
0.458370176931913,0.1451455485297878
0.3013379391274884,0.09280555205321589
0.3245018883205104,0.11716154397973012
0.3850824057010476,0.13705245316514333
