0.14812611540749554,0.2983219746864441
0.12373587150505651,0.2891014260351641
0.19690660321237358,0.36716110188419904
0.2688875669244497,0.38210869938720576
0.1600237953599048,0.3097760723898975
0.25639500297441997,0.3820514288986885
0.2926829268292683,0.39928984594238587
0.3170731707317073,0.4337094095412634
0.1719214753123141,0.3223755798636962
0.4854253420582986,0.47969761182062887
0.4491374182034503,0.4624591947769314
0.013682331945270675,0.12387606666284864
0.08625817965496728,0.20760552087509307
0.05056513979773944,0.2030238817937117
0.11124330755502677,0.2810262871542294
0.11064842355740631,0.24202508447397056
0.02617489589530042,0.16516808888379816
0.049970255800118976,0.16745890842448888
0.09875074360499701,0.22598934768913578
0.6162998215348008,0.5300956417158238
0.5925044616299822,0.5003149876868449
0.14812611540749554,0.2983219746864441
0.3652587745389649,0.46240192428841415
0.36466389054134446,0.43829104862264473
0.4854253420582987,0.49802416814615424
