0.47934865493576323,0.288756952832439
0.5382573527282555,0.3073218200612644
0.3324774857385547,0.2095599789474481
0.29284466366154777,0.18719732223656854
0.2667638343259235,0.1852965342804457
0.29867472321695737,0.20008633060836573
0.3363770619974711,0.209953767687362
0.3054314147546839,0.2023581887232536
0.3392631345257285,0.22395977296564568
0.42040134747734104,0.25919629232755653
0.33731334639627036,0.22243762802867081
0.2947847993745234,0.18871568074335193
0.3208945859595951,0.20842404989000415
0.34311444870223273,0.22849970276522996
0.5189428673468403,0.2982306011715214
0.4754683835098117,0.2804192335508006
0.405893765504194,0.25767036096039014
0.4522736267024449,0.2792719452027822
0.3112421694771286,0.2046376196985244
0.34987114023995913,0.2353152771098935
0.48802617735350046,0.2917823105554314
0.39527610737348096,0.25236935869231847
0.367255142324881,0.24251328090389662
0.36722618507543364,0.23568634726865856
0.42327776758911595,0.2595673624863215
0.4783448036215867,0.28154758974786165
0.4232970724220809,0.2701769398828478
0.4493779017577051,0.2743495859538585
