0.5015685176784008,0.3095898917459608
0.20303858070868042,0.17430831386477139
0.1971988687367882,0.14702708433515965
0.3199872588102432,0.25274800171146644
0.174013764345904,0.1186212850386784
0.15951583478923947,0.11482728198681565
0.20107914016273976,0.15687937569339
0.35768959759075686,0.2664018689819425
0.2677966428895474,0.2216727691299919
0.3006438161793806,0.23682984918648547
0.24846285267516724,0.212573977379866
0.31999691122672563,0.2527517881416579
0.3760002316579956,0.26828372478710794
0.3103251899112943,0.24668592697490727
0.5295894827270007,0.3114944661322752
0.20302892829219796,0.16635302403247243
0.28324050926149363,0.22470191328317574
0.299639964865204,0.2303777721402039
0.5778612175558151,0.32134297106031406
0.5083445140490922,0.30959746460634374
0.21945734114535573,0.1924869652140658
0.26583720234360675,0.2159817645521978
0.3807974826497814,0.277738440975233
0.4310769201069488,0.299355170938391
0.34992905473885394,0.2656294372228806
0.41946506307854176,0.28268351880530557
0.42623140703275064,0.2849591633503849
0.5556703120626247,0.31983218541391356
0.41561374890203767,0.28230866221634904
0.4629202420826054,0.30503102979541913
0.22915801971023447,0.19856418567139086
0.2455671277304273,0.2065156890734984
0.3904981612146601,0.2785146591644863
0.336396366830436,0.2557771458646503
0.4040211967065955,0.2804116606904177
