0.040764268200479084,0.03319592669443838
0.15729821015962295,0.08677852666906596
0.36318991527759126,0.15974760445835626
0.31343758170165553,0.14319510454138834
0.0005864853979268093,0.008887420023836995
0.15617470198769084,0.08203127339529065
0.005695267840108534,0.02121590446908242
0.23479907575554154,0.11831871334681081
0.10808996544682414,0.06512813336955887
0.9016047088417969,0.3005029289882999
0.9083881544081792,0.30124341120556497
0.9033005702333925,0.3009385067631617
0.8761597218787314,0.29727910898210375
0.832046127429851,0.291310060049841
0.8320461274298511,0.2914407333822996
0.33775199440365744,0.15151518451346777
0.8529688173486616,0.2948823422759266
0.08716020943888185,0.058244915582304865
0.3762056514580875,0.16541120447599716
0.2743974392492986,0.13735563999714695
0.683877304428318,0.25981288667736374
0.8552370319599207,0.29488288674814517
0.836003137343574,0.2918327533796752
0.7766267903703333,0.280026962264264
0.7788879388924608,0.28133369558884946
0.82921262568806,0.29043836002789875
0.7477830145349449,0.2754523066837776
0.194084270178984,0.10577298448635307
0.14485482719879028,0.08054922001632325
0.8620204775263031,0.29536202230049313
0.5820832243977927,0.23145350670054737
0.7771920775008652,0.2802447511516949
0.37450272397736023,0.16297142446455237
0.8003829820309349,0.2850807533970983
0.37223450936610125,0.16292732221484768
0.43671963878152364,0.1869309244430457
0.8043329258555263,0.2858206911421448
0.8416560086488927,0.29270390892939885
0.8229944672522095,0.2892623000357718
0.4045053384303391,0.17599846676623243
0.747783014534945,0.2749731711314296
0.8150804474247634,0.28826047115358966
0.7828449488061837,0.2815950422537665
0.17992382755916084,0.09479424667096073
0.7839755230672475,0.28211773558360076
0.3541453211890815,0.15883289113114646
0.7415648560990946,0.27414557335919215
0.6584252513761207,0.25471553776704314
0.8145151602942315,0.2879555667111864
0.3422742914479123,0.1546949022699591
0.7828449488061838,0.2813772533663356
0.45199652348414737,0.19363991112035503
0.8269514771659325,0.29013345558549547
0.8077246486387175,0.285864248919631
0.03114732089230574,0.029449413358408096
0.8461853717822794,0.2933578200639102
0.8196027444690183,0.28904451114834095
0.7206351000911522,0.2694838022237334
0.1686110188593919,0.08730176447111873
0.4921460419301731,0.20483534887874116
0.557761745606659,0.2231328822562493
0.5040312038496054,0.21180568222096752
0.8314808402993191,0.2907873667200068
0.5707633496088919,0.2286647199969945
0.5175980949823702,0.21302529999058065
0.5538047356929361,0.22261018892641513
0.34849244988376277,0.15661144447935113
0.8343143420411102,0.2914412778545182
0.7285561860077299,0.2707910800205375
0.457649394789466,0.1972987644291944
0.41297757929918527,0.18179110669967616
0.7958536188975484,0.28464463115001787
0.8676733488316217,0.2965816400701063
0.7183739515690246,0.268438415564065
0.5300344118540712,0.21799088662400545
0.4423725100868423,0.18971862220216146
0.3253015453536931,0.15125274890411353
0.7884978201115024,0.2821612933610869
0.7178086644384929,0.26826418445412026
0.6199715943216906,0.24347654223117088
0.8235597543827413,0.28956720447817513
0.7409995689685624,0.27388422669427503
0.5996212576225436,0.2390336489275803
0.8173415959468908,0.2887396067059377
0.7896283943725662,0.2822048511385731
0.06057051603648928,0.045219506697280525
0.6284650334579319,0.2478334089242263
0.5628493297814459,0.22356846003111114
0.6465542216349516,0.25297322666759586
0.2653528451607888,0.1294281244946617
0.7025317797358693,0.2641251066484958
0.40959292260512586,0.1763469289861219
0.618275732930095,0.2414728844668065
0.7104599317415786,0.26778504890177224
0.1776485468587701,0.09082939997528096
0.8105581503805085,0.2873457578263798
0.7534358858402636,0.27658480889841836
0.69970534408321,0.26242635332653463
0.49892948749655547,0.20662121775567463
0.5204245306350295,0.21411424442773522
0.6262038849358045,0.24543773116248627
0.4203263119960996,0.18549351778600173
0.4033535659018804,0.17460298447001887
0.12337391623857945,0.07275237784629658
0.3648999088474501,0.16223148671950585
0.22010161036171305,0.11317889560344128
0.4797097250584719,0.20426909777142077
0.773800354717674,0.2797656155993469
0.6680492647734256,0.25545710892874546
0.5809597162258605,0.2295810667408601
0.808297001858381,0.28621325561173905
0.7692780576734192,0.2773699378376068
0.7709739190650147,0.27959138448940213
0.820733318730082,0.28913162670331327
0.5345708410765894,0.219516497780459
0.6431624988517604,0.24805119781165724
0.5617046233421188,0.2232624666442707
0.4469089393093605,0.19289942890308992
0.6912260371252321,0.2618165444417281
0.8750291476176676,0.29688708898472815
0.4683898502695714,0.19769078442657007
0.8258209029048688,0.29004634003052315
0.7551388133209908,0.27689025781304016
0.2975883437793684,0.14288856668232933
0.0820584930858318,0.0459605333867642
0.08432670769709089,0.05480330668867786
0.38300322920273316,0.17421096447264323
0.7935924703754209,0.2840348222652114
0.8111234375110404,0.287868451156214
0.5950989605782887,0.23676864449829882
0.770966852975883,0.2784583378025428
0.3829890970244699,0.1678939977927096
0.578677369436338,0.22888250888442543
0.3530147469280177,0.15687279114426822
0.45427887027366975,0.19651635785109883
0.674832710339808,0.2561104755910382
0.8207333187300822,0.28926230003577186
0.8354378502130422,0.2915278489372719
0.32077924830943816,0.15120919112662737
0.5866055214420475,0.23445899334709394
0.6804855816451266,0.2595950977899328
0.7698362787148193,0.2778485289177362
