0.02315843986986979,0.010287323195615388
0.02121915812032913,0.0051270840025733466
0.9363618082700449,0.2514359702000204
0.9467771836890978,0.25213065413143215
0.9089749628809352,0.24888892704054652
0.7920919175474695,0.23888795128565365
0.8121513631442807,0.24128063773890748
0.7203467567991932,0.23195253121765952
0.7037581847882077,0.23025444994239594
0.8021243950074511,0.24018911531635143
0.8808168122505309,0.24469908750773073
0.7851501703758182,0.2384689830830564
0.7326876406599064,0.23368353142312717
0.8815881174918254,0.2461103488217426
0.7323019880392592,0.23367250594411146
0.6945025218926728,0.229118825603777
0.73075937755667,0.23367250594411146
0.7566036124631905,0.23666056826421403
0.7450340338437718,0.2354477655724851
0.6752143815371562,0.22653870600725598
0.7160990686489209,0.23135699784396765
0.7932488754094114,0.239538454547581
0.9101319207428771,0.24904328374676657
0.7523614336360703,0.23640698224685253
0.7350015563837902,0.23414660154178732
0.8075235316965133,0.24065218543501157
0.6582401569055234,0.22412396859597072
0.9209329487825771,0.2497710441152255
0.6678814724217056,0.2252265164975425
0.7018299216849713,0.22986855817684582
0.7546753493599541,0.23647313512094684
0.7018299216849713,0.22984650721881436
0.8356816823269175,0.24361819679708271
0.6779139498816872,0.22679229202461748
0.6782996025023345,0.2268033175036332
0.729602419694728,0.23341891992674996
0.7847645177551711,0.23798386200636482
0.668272634365505,0.2254251326266685
0.6725148131926251,0.22606461040958012
0.6628679883532909,0.22477447185789806
0.7269028513501972,0.233066104598247
0.7276741565914917,0.23339686896871853
0.6786852551229817,0.22694664873083753
0.6705865500893886,0.2257448715181243
0.8368386401888595,0.24365127323412986
0.6678869817448575,0.2253038523574956
0.7276741565914918,0.23324251226249848
0.6632536409739381,0.2249178030851024
0.6964307849959093,0.22914087656180845
0.7550610019806014,0.23653928799504115
0.7238176303850189,0.23290072241301124
0.7056864478914441,0.23057418883385175
0.667110167180411,0.22516036362344818
0.6771426446403926,0.22672613915052317
0.6929599114100836,0.22888729054444693
0.7870784334790547,0.23879974745352792
0.8819737701124728,0.24743340630362873
0.6717435079513305,0.2259984575354858
0.7392437352109104,0.23425685633194449
0.43486464970346056,0.16628194307686947
0.7018299216849712,0.23002291488306587
0.6663388619391164,0.224972930480181
0.6906459956861998,0.2283029401566139
0.761231443910958,0.23704646002976415
0.7064577531327387,0.23064034170794603
0.6964307849959092,0.2292952332680285
0.679070907743629,0.22708997995804187
0.7434859140380305,0.2346427480974946
0.6925742587894362,0.2287990867123212
0.6863983075359275,0.22799406923733073
0.742714608796736,0.23445531495422742
0.03666179091567706,0.014896130931028463
0.06867646775255427,0.02479716859398603
0.6617110304913489,0.22469729350478804
0.6512984097338721,0.22297731877833607
0.6624823357326436,0.22476344637888235
0.7504331705328339,0.23591083569114524
0.6829274339501019,0.22758612651374915
0.7515901283947757,0.2360210904813024
0.14625324705733278,0.06108375260998683
0.10264695430842848,0.04304528140605729
0.05364152487046204,0.022305567843276912
0.7114712372011535,0.23108136086857473
0.6293107010338245,0.21878747924552028
0.7330732932805537,0.2338268626503315
0.6061605251486828,0.2138587751118083
0.709542974097917,0.231070335389559
0.7083860162359751,0.2308167493721975
0.6605540726294071,0.22444370748742654
0.837609945430154,0.2443569038911358
0.8206357207985211,0.2426808735739036
0.812537015764928,0.241611402109379
0.6732861184339197,0.22621896711580017
0.06906762969635366,0.028082918847512982
0.6983590480991457,0.2296149721594843
0.7554466546012487,0.2365723644320883
0.7388580825902631,0.23424583085292877
0.7338445985218482,0.2339371174404887
0.657854504284876,0.22400268832679782
0.2735792144256118,0.1047574075665185
0.09530853586982571,0.03941758379620001
0.6651819040771746,0.2249288285641181
0.6825417813294548,0.22749792268162342
0.6520697149751667,0.2231096245265247
0.2762787827701428,0.1061245669644675
0.2801408182997678,0.10767931701252677
0.13196757212392674,0.05370723462794245
0.2971150429314007,0.11491218875368067
0.6239115643447624,0.2174203198475713
0.7164902305927203,0.2319415057386438
0.6563118938022869,0.22374910230943632
0.3233504397817206,0.1226854664734478
0.6729004658132723,0.22607563588859583
0.04669426837565871,0.01840239076486977
0.7261315461089026,0.2329999517241527
0.2944209839100217,0.11399723150221917
0.28630575090697236,0.11087654842024185
0.6844700444326911,0.22781766157307923
0.6979733954784983,0.22952676832735855
0.4649620820834055,0.17714251242788065
0.7234319777643716,0.23239355037828824
0.6323959219990027,0.2191733710110704
0.5428969673930709,0.19942595055970458
0.6131077816434861,0.2154135251598676
0.3183369557133059,0.12181445363120609
0.7002873112023822,0.22984650721881436
0.5598711920247039,0.2036157900925204
0.6466705782861045,0.2221834842892044
0.7616170965316054,0.23711261290385846
0.524760275576344,0.19333957112934225
0.2731825431586603,0.10155970363827421
0.3457348197487199,0.13095504825576534
0.8368386401888595,0.24429075101704148
0.7334589459012011,0.2338709645663944
0.26084165929794695,0.09809770322733884
0.8410808190159796,0.24454433703440298
0.5938196412879696,0.2109480486516588
0.48695530010660537,0.18462912769323914
0.3754465995080175,0.14165023542154076
0.6281537431718826,0.21871030089241028
0.6354811429641811,0.2200443838533121
0.5764597640356895,0.2074197378597861
0.4611000465537807,0.17276523975179764
0.5868778941163184,0.21020934155760573
0.32644667939320327,0.1259603487548021
0.7631597070141944,0.23723389317303134
0.45338148481768265,0.17051588452574815
0.6470562309067519,0.22233784099542445
0.680227865605571,0.2271120309160733
0.2851543023681825,0.10896929805736573
0.6455136204241627,0.2217865670446386
0.5178185284046928,0.19263394047233634
0.38702719677374037,0.14741687596044728
0.6451224584803633,0.22170923118468547
0.10766594769999535,0.04883381539615214
0.37003644417265125,0.13630256308523148
0.3742841323229235,0.14064675932426735
0.5895774624608495,0.21085984481953304
0.1875290961128971,0.07245133648887792
0.5648846760931187,0.20438757362362064
0.07215835998468409,0.03171045895052719
0.6543836306990505,0.2234293634179805
0.6262254800686461,0.21791646640327852
0.5043151773588854,0.188113336569049
0.7261315461089026,0.23296687528710555
0.142771354825203,0.05740092760505096
0.5540808933918423,0.20107977241206224
0.027020475399494797,0.014003067130755331
0.8194787629365793,0.24203037031197627
0.5687467116227437,0.2054461771159726
0.6077086449544241,0.21418969698912288
0.611565171160897,0.2151158372264432
0.6077086449544242,0.2143991810904215
0.7137851529250372,0.23125776853282623
0.5803162902421624,0.2074969162128961
0.14238570220455568,0.05462250689309011
0.6343241851022392,0.21990105262610776
0.7272885039708444,0.23309918103529415
0.26663195793080846,0.10040218584846691
0.620820834056432,0.21707837249124096
0.6570831990435815,0.22390345901565636
0.7041438374088549,0.23034265377452168
0.734615903763143,0.23405839770966158
0.784764517755171,0.23726720587034317
0.5953622517705587,0.21155444999752326
0.626225480068646,0.21802672119343577
0.47885108574986013,0.18082517992597344
0.6493701466306356,0.22265757988688026
0.3407158263571529,0.13063515185746644
0.22997843099985954,0.08784369272903524
0.6104082132989551,0.21486225120908167
0.3133289809680432,0.1213405155403733
0.6887122232598112,0.22814842594355078
0.26817456841339754,0.10104166363137855
0.7342302511424955,0.23397019387753584
0.1574371730561042,0.06540574038414816
0.6331672272402974,0.21944900798646333
0.6362524482054757,0.2204302756188622
0.6096369080576606,0.2145094358805787
0.7022155743056185,0.23016624611027017
0.3526820762435231,0.13566308530231985
0.6192782235738429,0.21676965907880086
0.5502243671853694,0.2000544028636005
0.7396293878315576,0.23440018755914882
0.7442572192793251,0.23470890097158892
0.32065087143718973,0.12229957470789769
0.3901069084157666,0.14946745755052768
0.6748287289165088,0.2262520435528473
0.12773090261995865,0.05242843656896229
0.7110855845805062,0.231070335389559
0.5016156090143544,0.18734155303794878
0.6809991708468655,0.22726638762229334
0.3877929926918829,0.14916976961710332
0.6223689538621732,0.2171667338302098
0.41441955148600235,0.15990905869894162
0.26624630531016114,0.09872631303807783
0.08181069414717056,0.03579020120002888
0.5513813250473113,0.200307988880962
0.6011525504034201,0.21319740387770833
0.6258398274479987,0.21789441544524715
0.510099966668595,0.18889614557916495
0.6516840623545194,0.22298834425735178
0.6030808135066568,0.21321945483573976
0.5992187779770316,0.21263494694106364
0.42560898680792586,0.1647714524517162
0.6428085427564797,0.2215989763945283
0.616964307849959,0.21644992018734507
0.49235443679566737,0.18495989206371066
0.25390542144944783,0.09636686052871425
0.6408802796532431,0.22109180435980527
0.10380391217037031,0.04419193122369192
0.6100225606783078,0.21485122573006596
0.5351784056569729,0.19629455701239767
0.44335451668085324,0.16732952109020577
0.5706749747259802,0.20678026007687447
0.056341093214993074,0.022812739877999925
0.21646957063090014,0.08573751122334697
0.5540864027149947,0.20197299371917846
0.5436682726343657,0.19944800151773603
0.34033017373650565,0.13050284610927781
0.16592704003349673,0.06654152222961017
0.6154216973673698,0.21573326405132343
0.3318513254054174,0.130458901700058
0.3515251183815813,0.13551975407511554
0.6767569920197453,0.22657178244430312
0.515504612680809,0.19051704850131854
0.6424228901358323,0.22131231394011963
0.37043311543960267,0.14045948368784325
0.7589175281870743,0.23698030715566984
0.40862925285314083,0.1541977030619567
0.6296963536544717,0.21905209074189752
0.1763451701141256,0.07122750831813325
0.5189754862666347,0.1926890678674149
0.40553852256481043,0.15326037983877766
0.3758377614518169,0.146369297947111
0.639337669170654,0.22104770244374242
0.3623233917597054,0.13621435925310577
0.12116929874580262,0.05241725358310348
0.5401973990485398,0.1993156957695474
0.6350954903435337,0.22003335837429636
0.3904980703595661,0.15019529667240814
0.5197467915079292,0.19309701059099652
0.3009770784610257,0.11907997732846506
0.4144140421628501,0.15800149332237937
0.23422060982697973,0.0928713111602025
0.46187135179507516,0.17379060930025939
0.19409620931020524,0.07505366455027346
0.6551549359403449,0.22352859272912196
0.29210706818613813,0.11285058168458452
0.6424283994589843,0.22154400650629277
0.6227490971596684,0.21742016234072822
0.7373154721076739,0.23424583085292877
0.06984995358395243,0.02965987736044677
0.24656149368769303,0.0942384705581515
0.5652703287137659,0.20447577745574635
0.7141708055456846,0.23134597236495194
0.10226130168778116,0.042791695388695775
0.19487302387465183,0.08240781656060024
0.5544720553356418,0.202810930124373
0.6543836306990505,0.22321987931668189
0.7238176303850188,0.23284559501793264
0.5949765991499115,0.2114441952073661
0.649755799251283,0.22277886015605317
0.45647221510601327,0.17060424586471704
0.9062753945364042,0.24834867856877638
0.4807793488530965,0.18138747935577504
0.8812024648711783,0.245625227745051
0.6269967853099406,0.218368511042923
0.47421774497894054,0.1784104425146882
0.5363408728420671,0.1984005810112429
0.6293107010338245,0.21882055568256745
0.5810875954834569,0.2081915213908863
0.5266940480027327,0.1961622512642091
0.18367807922957632,0.0718230416918251
0.4942826998989039,0.18562142080465374
0.049399346043341855,0.021324300210878038
0.5629564129898822,0.20413398760625914
0.2253450902289399,0.08623381528589737
0.45685786772666065,0.17205960909479173
0.669815244848094,0.22548026002174706
0.5845584690692825,0.20822459782793348
0.5363353635189149,0.19737505395593805
