0.0294161290550519,0.011239540008090857
0.011878095830300802,0.004922573328157217
0.052048812543721415,0.017469935605270707
0.16064753640802423,0.06660800885965193
0.04864295758226694,0.014419802236800767
7.066089131648307e-06,0.002352664456472441
0.9389348577242949,0.30189841128451345
0.01866154139668318,0.005358151103019044
0.9559005377293824,0.3049480001807648
0.3422177627348591,0.12942703555022453
0.908953441538711,0.30102562231813407
0.8461853717822793,0.2932271467314516
0.88181259318405,0.2984987267517169
0.8620204775263031,0.29536202230049313
0.22456737869291485,0.08211784447804443
0.4847690448767321,0.18344630224415112
0.8529688173486616,0.2948823422759266
0.6782173670338675,0.2533657911371901
0.8190374573384864,0.2885218178185067
0.22739381434557415,0.08364236669006082
0.07353678959306392,0.03197521998038811
0.8869001773588367,0.2988036311941202
0.06392690837402223,0.026878960014504738
0.8552370319599207,0.29488288674814517
0.8716232926562131,0.29584061338062256
0.8744567943980041,0.29640740896016154
0.8501423816960023,0.2937498400612858
0.8524035302181298,0.2942289756136338
0.48817489983818657,0.1932914489004656
0.41125345355106313,0.164409375593815
0.5164533885430431,0.2027010177819182
0.5492683064704178,0.21489937336692366
0.12841203778944468,0.04596053338676421
0.8405254343878289,0.2926167933744265
0.5074087944545332,0.20261390222694584
0.48646490626832767,0.18484015112370897
0.8043329258555263,0.2852979978123106
0.6024335610969397,0.22775109561422183
0.9349778478105718,0.30137571795467927
0.8354378502130422,0.2915278489372719
0.832046127429851,0.291310060049841
0.1329343348336996,0.05467208888400073
0.8405254343878289,0.2926167933744265
0.8484535863935385,0.2933583645361288
0.6046947096190671,0.23345716446491177
0.11087400456469357,0.03685586894771488
0.45534584973254866,0.17355650886591334
0.8128192989026359,0.28791200893370017
0.773800354717674,0.280506097816612
0.2743550427145088,0.11348271110140738
0.17988143102437093,0.07301209109455793
0.8173415959468908,0.2879555667111864
0.759654044276114,0.2761927889010427
0.747217727404413,0.270051142275491
0.7540011729707955,0.27580076890366706
0.6900954628641683,0.2579399022454579
0.37616325492329766,0.15199214217694146
0.8105581503805086,0.2861261400567667
0.9411960062464223,0.3032487023865851
0.7053582153885286,0.2610325044469768
0.7845408101977793,0.28250975558097635
0.6578599642455887,0.24674446448707177
0.7019664926053374,0.25881105779518154
0.7794532260229926,0.28185638891868364
0.5260774019403481,0.20901798446185182
0.7477830145349448,0.2724032622597448
0.05882519202097215,0.020954013331946745
0.7737862225394107,0.2777608688905453
0.29699479229231013,0.11736153118655196
0.630712049801796,0.2392949955924974
0.34449304343524995,0.13378390224328
0.33092615230248523,0.12481100008112635
0.12048388578373527,0.04121164669633315
0.4700574473046404,0.17503856224488074
0.6324079111933917,0.24142932668932038
0.6284367691014052,0.23650620888894455
0.5945054090912303,0.22670462001011632
0.6437277859822922,0.24225801340599495
0.7732209354088787,0.27710750222825253
0.5848955278721886,0.22409115336094537
0.7065029218278557,0.26181763338616526
0.4717674408744993,0.18192178003213474
0.5888525377859116,0.22583346446039262
0.8196027444690184,0.2891751844807995
0.8269514771659326,0.28921874225828564
0.5379484316815173,0.2118492399984537
0.8111234375110404,0.287868451156214
0.6640781226814393,0.24988062446607695
0.7178086644384929,0.2618611911636514
0.5583129005589277,0.2162932222464815
0.7732350675871421,0.2773699378376068
0.42992206103687797,0.17198951782084795
0.7195045258300885,0.26268878893588893
0.669730993986758,0.25327813110999914
0.18441786024688908,0.08141983109382835
0.6889648886031047,0.2552828778188007
0.790193681503098,0.2833809111307
0.6018541417881446,0.22714019778497815
0.8179068830774227,0.2880862400436449
0.8280820514269963,0.2898721089205784
0.7319408427017896,0.26961447555619195
0.14877650666685513,0.0556750067106201
0.8280820514269963,0.28956720447817513
0.6160004522297045,0.23589640000413797
0.3524353276192227,0.13953570676033036
0.24664184114018414,0.09775726448445832
0.13123140735297237,0.048137877788854755
0.5164533885430431,0.2039206355515313
0.5452971643784315,0.2131995311005254
0.39313600101751695,0.15343063777842267
0.08203022872930518,0.0351560266813166
0.3586252216985466,0.1406660310860968
0.6538888221536024,0.24591577777039716
0.24154719087626567,0.09527392669552731
0.312243412638407,0.11962544667139631
0.7200698129606204,0.2672623555719381
0.2664268907087994,0.09958669113887798
0.8461853717822794,0.2933578200639102
0.6838631722500544,0.2539314977722919
