0.9467771836890978,0.25213065413143215
0.857669391026965,0.24722368594206545
0.8927720434905968,0.2502449034526367
0.7022155743056185,0.23016624611027017
0.7049178973117257,0.23045298731810038
0.7404034477344283,0.23424590960635033
0.7855358229964654,0.23906435894990513
0.7458053390850664,0.2352052050341393
0.758534630228003,0.23694730947204423
0.7515901283947758,0.23564622419476802
0.9332765873048666,0.25213057537801065
0.849567931331796,0.24629746695132362
0.6844700444326911,0.22781766157307923
0.770492616129645,0.2378955794208175
0.8183245597362134,0.24169968469492628
0.7542896967393068,0.23595493760720812
0.7164874759311443,0.23199655438030084
0.7685671076879846,0.23768617407294043
0.8225667385633336,0.24301171669779667
0.8700157842108305,0.2475546078193801
0.7882353913409965,0.23913051182399941
0.6952710724723914,0.22924002711952834
0.8464827103666176,0.24613208476608786
0.7766658127215778,0.2382925754188049
0.8846733384570037,0.2482933936668547
0.8433974894014392,0.24562491273136486
0.8302825456378554,0.24427972553802577
0.8071351244142898,0.24161132335595742
0.7006729638230293,0.22940548805818564
0.8881442120428293,0.24926363582023786
0.8009674371455092,0.24141294348709608
0.916688015293881,0.25096171709550147
0.7369325741486028,0.2339702726309574
0.9332765873048666,0.2521085244199792
0.7265171987295499,0.2324927796894297
0.7053035499323729,0.23054119115022612
0.9001021979444713,0.2507521542407813
0.7681787004057613,0.23750968765526737
0.7886210439616439,0.23946127619447094
0.7778200159219436,0.23885479609518492
0.9197759909206354,0.25210844566655766
0.8530415595791978,0.24659523363816954
0.7677930477851141,0.2369804646625129
0.7126309497246714,0.23150040782459355
0.7164874759311444,0.2318421976740808
0.8916150856286551,0.24957234923267796
0.8244977563281461,0.24367332419216128
0.729602419694728,0.23346302184281284
0.7920919175474695,0.24000152466624114
0.8210241280807445,0.2420304490653978
0.73075937755667,0.23367250594411146
0.8549698226824342,0.24678266678143676
