0.5122151330585611,0.3334557612428578
0.41949402032798916,0.31412224868516214
0.4291657416434205,0.3186735377753208
0.47649153965695307,0.33345197481266636
0.4426791247188734,0.31980946683276473
0.4204689143927183,0.3141260351153536
0.4117624347255336,0.3118466041400828
0.4484802270248357,0.3254928985501758
0.44460960801536664,0.32245996796680054
0.4475246377930715,0.3247393989420714
0.3316087682551327,0.2807827308491827
0.3209718052914548,0.2732022976058402
0.3277284968291812,0.276610084778172
0.329668632542157,0.2796430153615473
0.3277381492456637,0.27661387120836345
0.3779693246204187,0.30048352713545196
0.3460873929788323,0.28532644707895843
0.3393113966081409,0.2822897300653916
0.32869373847742783,0.27850329987391187
0.35961042847076763,0.29290309389210945
0.3412515323211166,0.284186731591323
0.344156909682339,0.2841905180215145
0.43494753911641787,0.31980568040257323
0.4436347139506376,0.32094160946001715
0.4533064352660689,0.3281433996842117
0.4629685041650177,0.32890447215269913
0.4262507118657156,0.31715139283834587
0.4137025704385093,0.31336496264686614
0.44654009131185995,0.32435318306254046
0.37023773901796314,0.2982078825903726
0.35671470352602774,0.2921458078538135
0.39052711846410754,0.30578831583371513
0.3644366367120009,0.2959322380452932
0.39631856835358736,0.30881745998689897
0.38085539714867617,0.3012370267435564
0.3470526346270789,0.2872196621746983
0.41757318944797833,0.31336874907705764
0.376029188907443,0.29934381164781654
0.34993870715533637,0.28873044782109875
0.36057567011901426,0.29328173691125736
0.38279553286165197,0.3035126712886358
0.3557494618777811,0.29138852181551755
0.3885869827511318,0.3046486003460797
0.36058532253549674,0.29366416636059683
0.35188849528479454,0.28949530671977763
0.3740890531944673,0.29896138219847707
0.411772087142016,0.3126076766085702
0.40598063725253625,0.3091998894362384
0.40984160384552276,0.31147174755112633
0.35380932616480537,0.2906274493470301
0.38569125780639185,0.30464860034607966
0.3634810474802367,0.29442145239889284
0.34608739297883234,0.2868410191555503
0.37989015550042954,0.3008583837244085
0.348027528691808,0.28798073464318574
0.34028629067287,0.28305080253387904
0.34607774056234986,0.284565374610471
0.22719857916429376,0.17583424523193777
0.2194669935618382,0.16863624143793474
0.31227497804075255,0.2713052960799088
0.31130973639250586,0.269033437965021
0.3093696006795302,0.2671364364390896
0.2948909759558306,0.2637286492667578
0.29393538672406644,0.2618392206012094
0.2562427003600351,0.23910170730137328
0.2514164921188019,0.23531527710989353
0.255267806295306,0.23682606275629395
0.32096215287497226,0.2731985111756487
0.3228926361714655,0.2754703692905366
0.31130008397602343,0.2690296515348295
0.30260325672532123,0.2663753639706022
0.23015221860792848,0.2220514121491399
0.25139718728583693,0.2349290612303626
0.2601036669530217,0.24137356541626115
0.2552774587117884,0.23872306428222534
0.24175442321985305,0.23228234652651822
0.2842540129921525,0.25690550206171126
0.24077952915512393,0.22887077292399496
0.2523913861835311,0.23607634957838097
0.2514068397023194,0.23493284766055408
0.23112711267265756,0.22622027178995913
0.31999691122672563,0.2728198681565007
0.24754587310933288,0.23266098954566622
0.29394503914054887,0.2618430070314009
0.26301869673072653,0.24478892544897593
0.2939450391405489,0.2629789360888448
0.2601326242024691,0.24403542584087148
0.31034449474425924,0.268276151926725
0.3045530448547794,0.2667615798501331
0.27170587156494624,0.24933264167875166
0.30745842221600184,0.2667653662803246
0.2900647677145974,0.25994221907527804
0.2900551152981149,0.25993843264508654
0.26494918002721984,0.24743942658301177
0.2726807656296754,0.251608286223831
0.29875194254881715,0.26600050738164566
0.24852076717406196,0.23380070503330164
0.3248424243009238,0.2754779421509195
0.2920049034275731,0.2614605775820614
0.280393046399166,0.25501228696597134
0.31131938880898835,0.27055179647180433
0.2668796633237131,0.2485753556404557
0.2891091784828332,0.2591887194671736
0.2852385594733642,0.2591849330369821
