0.6338834392500708,0.17327272680020675
0.5698485762531645,0.16399982642745897
0.5351370857333323,0.1609567154656993
0.3337520418928933,0.11223299735286123
0.337228424801871,0.1158936138929226
0.5150803947980972,0.16017382770216185
0.367331366504968,0.1279009905684115
0.4772781739899345,0.15206986436534467
0.546709419014327,0.16198216376758262
0.3596155594304462,0.12696374609865393
0.3445723525636259,0.12207938014126946
0.3881648720046499,0.1304591379603226
0.3816032681304938,0.12934540707289208
0.3202597094933903,0.10709528163837988
0.2515667137713796,0.07688413032714722
0.3075249090273015,0.10700684154598951
0.3310469642252101,0.11199027930767239
0.3214084033706039,0.10813144040559272
0.2940188033199182,0.10168129892113327
0.3291187011219737,0.11093183332216348
0.5914588963172931,0.17076986431021732
0.43561116299057084,0.14531077320818053
0.54400709600822,0.16159619324861094
0.48305745397649175,0.15913703890757666
0.6250161836367594,0.1729089647461096
0.5737133664443655,0.1649041519670124
0.37466152095884264,0.12865080189490186
0.3935529900474077,0.13545336494075658
0.40436228207183605,0.138176973271325
0.47187077331614424,0.14892736658560057
0.4035882221689655,0.1360710280259014
0.2770555973345895,0.10135069205750481
0.33607146693992923,0.11231033321281435
0.41671142991727755,0.14523351610164897
0.44718625093314174,0.14878395660497468
