0.20018146542987034,0.18568275015997665
0.21275856410652402,0.1909951117186228
0.22140712927481393,0.19741689732337245
0.23013291377496353,0.20159711625476615
0.24850146234109707,0.21675419631125967
0.27846256310267276,0.2406238522383482
0.19631084642040134,0.18075660448086145
0.23593401608092585,0.21523205137428478
0.45233154120133984,0.3023918879519577
0.2562523527765176,0.2285034891954214
0.21563498421829902,0.19401668301142364
0.1644192623623324,0.14893544515166543
0.22626229476549453,0.20045740076713073
0.24658063146108627,0.21524341066485922
0.16246947423287422,0.14589872813809868
0.2156156793853341,0.19325182411274472
0.2146697425700524,0.19212346791568374
0.13829017094429588,0.13338457635525802
0.17311608961303462,0.1758228859413633
0.21661953069951057,0.1955388279483985
0.3373712608951651,0.2667615798501331
0.31516105056900995,0.2580490039795381
0.4387892008764394,0.29973002752734745
0.3480178762753256,0.2701807263130393
0.3885966351676142,0.28496294978057635
0.46487003021206363,0.31412603511535353
0.41270837154081524,0.2948000954180408
0.2310885030067277,0.20235061586287062
0.2890802212333858,0.24554621148727188
0.2726614607967105,0.2372122786358249
0.2997075317805813,0.2470645699940553
0.3972934624183165,0.2917823105554314
0.2562233955270702,0.22243384159847931
0.31612629221725663,0.2606995051135739
0.36636712000849414,0.27965058822193023
0.2678256001389948,0.23493663409074556
0.3518691904518297,0.2735847270551796
