0.5605351299697879,0.34256591228355815
0.5334890589859171,0.33650005111680753
0.36638642484145906,0.29783302600141615
0.2794471095838843,0.2565344319029462
0.23206339707145682,0.2277234845759766
0.19633980366984874,0.19629232755650297
0.3035781507900503,0.27357336776460517
0.2224206330054729,0.2216689826998004
0.2649684848601848,0.2535052877497624
0.316155249466704,0.2785070863041033
0.32097180529145475,0.28228973006539165
0.3045530448547794,0.2735771541947967
0.4282101524116563,0.3179200381672163
0.3006920782617929,0.26751886588842905
0.3837800793428635,0.30617074528305455
0.5122344378915261,0.33308469108409283
0.27943745716740187,0.25501607339616283
0.2804220036486135,0.2607032915437655
0.34608739297883234,0.29024880632788214
0.348046833524773,0.2959398109056762
0.21663883553247554,0.21712905290021617
0.26494918002721984,0.24857535564045571
0.43689732724587604,0.32700747062676777
0.39441704230654145,0.3065569611625855
0.46589318635920507,0.3323236186156054
0.34804683352477295,0.2948038818482323
0.4291850464763854,0.3186811106357037
0.36154091176726094,0.2974468101218852
0.44366367120008493,0.3281471861144032
0.3287033908939103,0.2830508025338791
0.28718834760282236,0.2671440092994725
0.2659144216754665,0.2538763579085274
0.28042200364861347,0.2584314334288776
0.22920628179264674,0.22508812916270665
0.3973320720842463,0.31640925252081586
0.3103734519937067,0.2781322297151468
0.25529676354475345,0.24592485450641985
0.38184959604637025,0.3057921022639066
0.33546973484811926,0.2872196621746983
0.37122228549917474,0.30313781469967926
0.24950531365527356,0.24062385223834817
0.3306435266068861,0.2864623761364023
0.23212131157035162,0.23645499259752895
