0.4846165924285373,0.16391154384191167
0.2716316686913429,0.09325728167917416
0.39279270345241735,0.13995207539285553
0.3573016437065625,0.13003985474403917
0.39549502645852447,0.14048137713903153
0.344952495861121,0.12923475851562718
0.35344236283851355,0.12989644476341333
0.4657058407089397,0.15623741667986443
0.4255841948537413,0.14789073529785848
0.30406780874935607,0.11637889247645726
0.3638632475807185,0.13425174523488645
0.3144804295068329,0.11981884192936118
0.5486376821175635,0.16769336189772435
0.5571358130796842,0.1732616225677695
0.35730439836813854,0.13059120744824662
0.27202833995829445,0.09639985821233986
0.28398632585993644,0.10041321132748264
0.33261161200040773,0.1269414588803579
0.5494089873588581,0.16842104351276174
0.5910704890350698,0.17659123847709468
0.3588470088507277,0.13246553888091867
0.38084022687392743,0.1387283259755324
0.45606727985433354,0.15480418316124264
0.4498940832624008,0.15406539731376803
0.43408508047743793,0.1534480492423094
0.3299092889943006,0.12430629064217982
0.3484261241085227,0.1297199583457403
0.3827629806540118,0.1397535380171511
0.31255767572674864,0.11792261704550082
0.5154688020803204,0.16549921282017502
0.5409301390277699,0.1672194238068916
0.406684461780448,0.14717400040841525
0.39780343285925607,0.14076788208659716
0.2816724101360527,0.0997516825865396
0.43368565454891045,0.15060308188914656
0.4765151327333681,0.15934691677598303
0.5494200060051624,0.1706595307666386
0.3727360125171823,0.1345274609637009
0.3588414995275756,0.130690279252545
0.29634649235168214,0.11428381520320627
