0.34508354166465577,0.26259272020931385
0.34409899518344417,0.2516044997936395
0.3421685118869509,0.25008992771704763
0.3267149930985222,0.24819292619111624
0.34023802859045765,0.24857535564045571
0.34313375353519754,0.25122585677449155
0.325759403866758,0.24781806960215977
0.3257497514502756,0.2470569971336723
0.5759596915087694,0.3380146231933994
0.5141456163550545,0.3243683287833064
0.4841941680099614,0.3148908940140324
0.49867279273366094,0.31716275212892026
0.3701894769355509,0.26903343796502094
0.36149264968484857,0.2629713632284618
0.3615023021013311,0.2667615798501331
0.36922423528730425,0.26865479494587297
0.3614926496848486,0.26637915040079363
0.3653632686943176,0.26827615192672494
0.5015878225113657,0.3209567551807831
0.5151108580033011,0.3258829008598983
0.49289099526066354,0.31640925252081586
0.4909508595476878,0.3148908940140325
0.38953291956641345,0.2864661625665938
0.3904981612146601,0.28684480558574177
0.3895329195664134,0.2849515904900019
0.37309485429677325,0.275852798739876
0.3933938861594,0.2887380206814817
0.37311415912973817,0.2826759459449225
0.31030588507832935,0.24137735184645268
0.3015994054111447,0.23266098954566622
0.31802781826430243,0.24289192392304454
0.3006245113464156,0.228113486885699
0.3344465787009778,0.2485753556404557
0.31706257661605586,0.24213463788474865
0.3247845098020289,0.2436492099613405
0.45813264350730215,0.31413360797573653
0.41949402032798916,0.2978405988617991
0.457157749442573,0.3076928902200294
0.41658864296676673,0.2970795263933116
0.42721595351396224,0.30730667434049846
0.41851912626326,0.2978368124316076
0.4030463026418664,0.2902525927580736
0.3962992635206224,0.28874180711167313
0.4204592619762358,0.30314160112987076
0.4204496095597533,0.3001086705464955
0.40885705736431116,0.2966970969439722
0.40788216329958205,0.29177095126485697
