0.5893165208117688,0.3531589679544212
0.634547222483611,0.36378004100331024
0.3921771588093222,0.29455518039798634
0.5931118848216808,0.3542697045219689
0.6433298830024152,0.3662115041362504
0.5767698629277627,0.34940125220351353
0.5189925033719143,0.3372328844336625
0.41730184122204445,0.2994236327164417
0.6784605250776324,0.3754952724620223
0.4198111727988457,0.30141301164339285
0.38712712901100965,0.28902360177054726
0.618173833944983,0.3589060626322799
0.7437658793638845,0.3856742613049221
0.5378438568426336,0.3403329999281614
0.6696778645588282,0.37173755671111464
0.22257771086226905,0.2193621830118092
0.5779931620714532,0.35160614718088434
0.4662651736143785,0.3221964953774571
0.2954737931683448,0.25452998159824497
0.3318904676766727,0.2689032443454667
0.35325115272419316,0.2726664861489492
0.3494871553589913,0.27244544404595467
0.5842978576581662,0.35249584164543746
0.4625325428938867,0.3149076320312112
0.36328847903139805,0.2792977492387863
0.31049841598444217,0.25828217129657777
0.38966782723252097,0.2941130961919972
0.4122518114237321,0.2980918540458995
0.2791317712744268,0.23860942413006117
0.2678397791788213,0.23684108730610462
0.39590978952981404,0.29499173855140065
0.27662243969762557,0.2372831715120938
0.5704965339857595,0.34475936804062757
0.5704965339857596,0.3469697890705733
0.5416078542078354,0.344090715679069
0.5039365139111069,0.325738695077945
0.4411404912016561,0.31246511679312117
0.4926131551707914,0.3250700427163864
0.3871271290110097,0.29233923331546585
0.21379505034346474,0.20676278314111882
0.14968162855619335,0.1362282480755522
0.28292713528433866,0.24148849752156543
0.25149775728490326,0.22799387713374708
0.20874502054515232,0.20543100447057655
0.3243311063015589,0.26823459198390814
0.2552617546501051,0.23175159288465472
0.1773783758351369,0.19305264670288078
0.4260845017408488,0.30782323263023526
0.3582384492330855,0.2775238863622549
0.3808851667137167,0.2863766225871873
0.36956180797340116,0.2839396334016722
0.4536871490856623,0.3133492852050995
0.5077005112763088,0.33126474765280917
0.24146043097769831,0.22622554030979053
0.28415043442802923,0.24700902404385477
0.6319751576173896,0.3608954415592311
