0.23509300210156522,0.19658932035079382
0.2840877011386092,0.2370510773039495
0.38204573256798724,0.27729731820668546
0.7274238574699665,0.3706378722487167
0.4851165270850977,0.316012842546184
0.7173237978733414,0.3518382413890287
0.569210501552649,0.32795464216046555
0.5315705279006305,0.32198650537961226
0.6294658260405885,0.3401174838777417
0.5139424735736019,0.31843877962654943
0.5717511997741602,0.3385701891567797
0.4135064772121327,0.29543934880996464
0.31303911420595343,0.25320372898027754
0.23766506696778644,0.19660037245594358
0.4562592139518836,0.30098197954255335
0.4788431981430946,0.3087184531473633
0.67341049527932,0.3467542730201536
0.24271509676609893,0.22887804554572533
0.20121702581474862,0.1864213836130437
0.3017157554656379,0.25076673979476244
0.3506790878579718,0.26359270782102223
0.39710172202879457,0.2856969181204791
0.565352404253317,0.3239593061488387
0.23885699946676703,0.1996839097927178
0.20993695304413287,0.18817866833185054
0.14466296540259088,0.13379678494261196
0.33562309839716453,0.2607191604820928
0.23390106960258458,0.196379330352949
0.45371851573037236,0.29589248512110344
0.1283836767980929,0.1289393847293063
0.22006837928546785,0.19482650957941217
0.1546689250650858,0.14926420609965685
0.10692889181644238,0.12294914373815355
0.1848750039208306,0.18354231022153944
0.35202785358050254,0.2684722122446273
0.16476898466171075,0.16541133172341
0.1698190144600232,0.16829040511491425
