0.11124330755502677,0.2810262871542294
0.12373587150505652,0.30971880190138024
0.16002379535990485,0.34986541435198437
0.04818560380725759,0.03327415382853216
0.2212968471148126,0.4176164022679113
0.1969066032123736,0.3935055266021419
0.20880428316478286,0.407250443846286
0.2575847709696609,0.4348548193116087
0.12433075550267698,0.30977607238989746
0.09994051160023797,0.2765019185613653
0.16061867935752527,0.3533589141515377
0.3771564544913742,0.49676421739877435
0.29327781082688875,0.46692629288127824
0.11183819155264724,0.2994101139682721
0.14812611540749554,0.3429929557299124
0.18441403926234384,0.38313956818051653
0.17251635930993456,0.36710383139568176
0.049970255800118976,0.16173185957276215
0.04937537180249851,0.12043983735181261
0.062462819750148724,0.19615142317163967
0.13622843545508628,0.3235209896340416
0.07495538370017847,0.2374434453925892
0.0993456276026175,0.2707175992211213
0.32956573468173705,0.4841647099249756
0.26888756692444976,0.44281541721550877
0.25698988697204045,0.42677968043067405
0.08744794765020822,0.26613596013973995
0.1356335514574658,0.31086421167172557
