0.5345425767200628,0.18597483122722405
0.4943718600066422,0.1770863222589499
0.48418962556793693,0.17447231113756037
0.5186933387977755,0.1819658822818395
0.4938065728761103,0.17591026226682296
0.4972053617484331,0.18044081559760453
0.34507246274404507,0.14280145112735695
0.3694010076243102,0.15408454891293397
0.40332530154535373,0.16035741334316286
0.42821206746701906,0.16667438002309648
0.4004988658926944,0.15665500225683732
0.42199390903116846,0.1629284111592848
0.43670550660326024,0.1718152867109032
0.4027529483256902,0.1576998444442871
0.4638392888687897,0.17246865337319595
0.28455847542060897,0.12228356004249062
0.34055016569979013,0.13526595562224736
0.3416807399608539,0.13639845783688812
0.26249107906247127,0.11579181778039367
0.30830053490294723,0.12280625337232481
0.3218815582139753,0.13008149115695444
0.3134022512559973,0.12886187338734134
0.3128440302145971,0.12720722231508497
0.3247079938666346,0.13478573112546222
0.30943817525314266,0.1270754600381893
0.3094381752531426,0.12620430448846565
0.41858805406971406,0.16262241777244435
0.3569505585743459,0.14489276891891228
0.39992651267303087,0.15447656891030961
0.4265020738971602,0.16527944219910148
0.530578500717208,0.1828381267760003
0.5905130687318491,0.20148194448452367
0.49495127931543725,0.17778433564316598
0.5565887748108055,0.1988679333631341
0.5922159962125761,0.2128946266581221
0.5922089301234446,0.20505368223839063
0.5893824944707853,0.20104636670966183
0.6227556334395601,0.21746928223860842
0.5396160287165862,0.19181048446593535
0.57920026003208,0.20052312890760904
0.46664452625405417,0.17342529106123625
0.5181068533998487,0.18183357553272522
0.5113163417443347,0.1811796643982139
0.5373548801944588,0.18636576228016255
