0.45134699472012824,0.2906463814979875
0.5827067306300131,0.3266515461887687
0.22818312564550536,0.16902624374765715
0.2233376125713072,0.1576593803128348
0.3074198125500719,0.22888591864476085
0.2754992712425556,0.20614083248454187
0.2513392727869422,0.18871189431316046
0.5054391366878698,0.30467131892722854
0.5546857655814134,0.31679546840034684
0.5614714143685872,0.31983597184410506
0.6348394320518141,0.33612140809765956
0.39046920396521273,0.26752265231862055
0.35665678902713294,0.2591811466067906
0.49189679636296957,0.2993589573685824
0.4571287921931256,0.2989727414890515
0.27744905937201386,0.21750769591936417
0.23879113135973587,0.18189631996849687
0.3112518218936111,0.24023384992862573
0.35475526298008714,0.2580565768399211
0.29580795552166494,0.2239522001052627
0.2677676856401,0.20348654492031457
0.4658159670273453,0.2993513845081995
0.3614926496848486,0.26032086209442595
0.3943301705581993,0.27547415572072803
0.3982104419841508,0.2887342342512902
0.30738120288414206,0.22735620084740302
0.3721103078155616,0.2644859353050537
0.3083560969488712,0.23228234652651822
0.32673429793148717,0.2500937141472391
0.31898340749606674,0.2409949223971132
0.3904692039652128,0.26903722439521244
0.5633922452485979,0.32021082843306153
0.506394725919634,0.30807531966936896
0.5392515516259495,0.31111960954331863
0.29292188299340743,0.21827634124823453
0.5517900406366734,0.31528089632375494
0.5817414889817665,0.32210782995899295
0.5469638323954401,0.31338768122801497
