0.9332765873048666,0.25213057537801065
0.0007878332107508932,0.010673136207743968
0.9197759909206354,0.25210844566655766
0.9105175733635243,0.25144683817219304
0.011608143881483441,0.026594557933812633
0.1767721426584137,0.10354436861452491
0.0034956655400100816,0.0163514941611032
1.3773307880260371e-05,0.008589241920351784
0.8985568328003063,0.25069694809228116
1.1018646304208297e-05,0.006913290356541153
8.263984728156224e-06,0.005116058523557629
0.0065836411667644585,0.01887640760912409
0.010057269414166122,0.021478499410255
0.8437858966836627,0.24508474301301625
0.8044355560697588,0.24141286473367451
0.7978767068571787,0.23995742275017826
0.6647990061181033,0.2248407034854139
0.7137879075866131,0.2312909237232949
0.6860154095768562,0.2279610715537051
0.7963340963745895,0.23970383673281676
0.7053035499323729,0.23054119115022612
0.8781144892444237,0.24827126395540172
0.6721264059104018,0.22616376096730004
0.6952710724723914,0.22924002711952834
0.7311450301773174,0.23358430211198572
0.7303737249360227,0.23324251226249848
0.7535183914980121,0.23578955542197236
0.7064577531327387,0.23064034170794603
0.11966249886370214,0.07779893007176562
0.7446483812231247,0.23447752341910197
0.8819710154508965,0.2490761239235491
0.6802278656055709,0.22694664873083753
0.8568980857856705,0.24659523363816954
0.7045294900295024,0.23032060281649022
0.8472540156079122,0.2455146579412077
0.7110883392420824,0.23101528674790198
0.8487993807520774,0.24577934819100647
0.8121513631442806,0.24221780345524346
0.6983590480991457,0.2296149721594843
0.6802278656055709,0.22697972516788467
0.742334465499241,0.23442239602402337
0.7843788651345237,0.23910846086596801
0.679070907743629,0.22690254681477465
0.7766658127215778,0.23727823134935888
0.10345407015021174,0.06937514909007116
0.6663416166006925,0.22529274812505834
0.8684704190666652,0.24811682849576014
0.7083860162359751,0.2308167493721975
0.6829274339501019,0.22758612651374915
0.6933428093691548,0.22892028822807256
0.8090661421791022,0.24182088621067763
0.7639337669170653,0.23614244950389685
0.6840871464736198,0.22764133266224928
0.8325964613617391,0.24419152170590003
0.0011789951545502879,0.01352889277965793
0.8395409631949664,0.24485312920026464
0.8275829772933243,0.24419152170590003
0.6462821710038813,0.22228263484692432
0.6474391288658231,0.22253622086428582
0.6813875781290888,0.22716723706457342
0.6999016585817348,0.22970317599161003
0.014307712226014473,0.026638659849875505
0.7118596444833768,0.23111451605904343
0.6574688516642287,0.22385935709959348
0.12815787516424673,0.08300327118087054
0.6755972794962274,0.2265717036908816
0.6740546690136383,0.22635119411056723
0.0583051669187182,0.0494623464534696
0.7230463251437242,0.23277944214383833
0.6752116268755801,0.22642837246367725
0.7870784334790547,0.2391635882610466
0.8133083210062224,0.2422949818083535
0.6732833637723437,0.22618581192533146
0.014307712226014473,0.026914296825268445
0.10423088471465843,0.07126066350860197
0.669812490186518,0.2257006908486399
0.6647990061181033,0.22507223854474398
0.6539952234168271,0.22352851397570042
0.1732957597494359,0.09987272659544787
0.6647990061181032,0.22492890731753964
0.6516813076929433,0.2231977496052289
0.8233407984662041,0.2432984579056269
0.12391018701397444,0.0819115912514714
0.7006729638230295,0.22976932886570434
0.7747320402951894,0.2372229464474372
0.6439682552799976,0.2219628959554685
0.6821588833703833,0.2274649249979978
0.6019211009831388,0.21555677763365036
0.6898719357833293,0.22851234550449098
0.7674046405028909,0.23690320755598138
0.6443539079006448,0.22210622718267284
0.73963489715471,0.23386009659422177
0.8514989490966086,0.24638574953687092
0.6609424799116304,0.22437763336675376
0.6771426446403926,0.22671511367150746
0.5841755711102111,0.21196231396768334
0.8059809212139241,0.24162242758839472
0.6628707430148668,0.22455404103100524
0.6489817393484123,0.22275673044460018
0.6713551006691072,0.22586607303387565
0.6177328584296777,0.21750828741943237
0.15516457725586125,0.0915262814737065
0.035535134331071756,0.039175102011275754
0.7774371179628724,0.23868949266337075
0.6636420482561615,0.22481865252738248
0.6501386972103542,0.22297724002491454
0.6528382655548852,0.2234513356225904
0.6933428093691548,0.22892028822807253
0.6281509885103065,0.2196473878553247
0.6493673919690597,0.22287801071377308
0.04981529994132572,0.04544891458490529
0.6686555323245762,0.22562351249552987
0.06678952457295859,0.052736913721137764
0.11464901479528737,0.0760348534292508
0.6347070830613105,0.22045224782347211
0.6227518518212445,0.21866612022292584
0.01778409513499219,0.031357722375445755
0.6914145462659185,0.22874388056382106
0.8430118367807921,0.24504056234353183
0.7072318130356092,0.23071759881447762
0.16673415587527993,0.09644364511471658
0.37045790739378726,0.1663700681555737
0.6512956550722961,0.22306544385704027
0.6404973816941718,0.22141162200468262
0.06833764437869985,0.055482415502894546
0.6894862831626819,0.22842414167236524
0.6354838976257572,0.22061778751555094
0.6674985744626343,0.22536992647816836
0.8646138928601924,0.24713556086336128
0.3673671771054568,0.1644735282580272
0.6613281325322777,0.22449891363592667
0.3280140818299768,0.1529845066031201
0.2635880568892709,0.13383261952544612
0.570672220064404,0.2092057867069108
0.8021243950074511,0.24092782241040453
0.6771398899788165,0.22660478012792876
0.5787764344211491,0.21093694441922156
0.49198255748290054,0.19422168820402125
0.04479630654975883,0.042934947862478576
0.32068668203767825,0.1523119523831613
0.6138763322232048,0.21696803894766223
0.5436710272959415,0.20454185157641913
0.704146592070431,0.23028760513286461
0.4294847956454311,0.18086920308861482
0.10577349519724757,0.07263884838556667
0.30448376264733995,0.14583983869409195
0.5683583043405201,0.208886047815455
0.10383972277085902,0.07087461423620876
0.815236584109459,0.2423611346824478
0.7990336647191206,0.24051972217997986
0.1594122654061335,0.09503254130754782
0.6320075147167795,0.22034199303331492
0.16673966519843203,0.09670841411793685
0.6875580200594454,0.22819260661303517
0.6856297569562091,0.22787286772157936
0.46613281325322786,0.18922683119621497
0.565273083375342,0.20842297769679488
0.5444423325372362,0.20461902992952918
0.6971993355756277,0.22941643478377985
0.6161902479470885,0.21725470140207087
0.6701981428071654,0.22584402207584423
0.5425140694339997,0.20431031651708906
0.6941141146104495,0.22898644110216684
0.26860705028083776,0.13623633145771566
0.6146531467876514,0.21705640028663106
0.5679726517198729,0.2087427165882507
0.5641161255134001,0.2081914426374648
0.38511821630153636,0.17095682493295533
0.5436710272959416,0.20444262226527768
0.6173527151321824,0.21737613917808687
0.10654480043854217,0.07464548556642729
0.48079312216097697,0.19264488719793052
0.4881205219532755,0.1934938490821408
0.46343324490869675,0.1891165764060578
0.1717586585899989,0.09845059730926337
0.5618022097895163,0.2080701623682919
0.3415229421989363,0.15971036381639406
0.15632153511780308,0.0922760140467753
0.06486126146972215,0.051755646088738894
0.5918941328463091,0.2132304015613339
0.7469622969470083,0.23505084832791928
0.031673098801446746,0.03532705232794721
0.233496133832478,0.12426218872611694
0.4464590202770639,0.1844305903175347
0.30332129546224595,0.14550891681677733
0.38164734271571077,0.17029529619201225
0.6748259742549328,0.22641734698466154
0.28943780111894357,0.14199178901076337
0.05290052090650404,0.04635300386419414
0.7164902305927203,0.2319415057386438
0.6200522834767135,0.21797151504493564
0.5224546238371887,0.20010945150525755
0.02935918307756301,0.03481988029322419
0.6046206693276698,0.2157001088608547
0.6304649042341904,0.2199561012677648
0.7770514653422251,0.23820437158667918
0.6177383677528296,0.21772895450658983
0.5992215326386077,0.21464166287534578
0.5421284168133523,0.2041449343318533
0.6300792516135431,0.2198127700405605
0.6200522834767135,0.21819202462524998
0.11079248858881446,0.07474487238441184
0.48426399574680257,0.19308590635855924
0.27824836579702006,0.13751528702353888
0.5066428663906496,0.19744128558345392
0.6609369705884783,0.22416799175861205
0.6964307849959092,0.22929523326802848
0.6235231570625391,0.21899688459339736
0.09612116103476112,0.06861423353114357
0.12004815148434944,0.07806354156814285
0.22616322471702738,0.12060157218605558
0.04441065392911154,0.04272546376117994
0.19105230826866765,0.11156020687263783
0.8661565033427816,0.2474552997548171
0.5645017781340474,0.20841195221777914
0.6775255425994637,0.2267481113551331
0.17522953217582452,0.09998313889244809
0.6046206693276698,0.21566703242380755
0.3569545563479799,0.16221330505980505
0.5413571115720579,0.20404570502071182
0.5452136377785308,0.20461902992952916
0.37932791766867485,0.16714185168667392
0.3102740612802014,0.15045967190852075
0.6231375044418919,0.21885355336619303
0.36273934565768934,0.16297406311188956
0.6258370727864229,0.2193276489638689
0.18024852556739132,0.10707267940639767
0.03283556598654072,0.038667929976552745
0.5610309045482218,0.20798195853616616
0.6512956550722961,0.22305441837802456
0.5209120133545994,0.20003227315214755
0.545599290399178,0.20493876882098494
0.557560030962396,0.20715504760998735
0.6767569920197453,0.22657178244430312
0.09033637172505175,0.06699348811583304
0.297927668096336,0.14474831627153584
0.652452612934238,0.22330800439538606
0.6354783883026051,0.22047429878150354
0.719961104178546,0.23234944846222536
0.5868751394547422,0.21261281722961067
0.1177342357604657,0.07666330573314671
0.37547139146220193,0.16660160321490378
0.458419760840282,0.1877494170081088
0.04788703683808926,0.04455585078463215
0.43836031524347085,0.1841770043001732
0.29291418402792124,0.1431937237303197
0.8017387423868039,0.2407293637881216
0.6065489324309061,0.21625138281164058
0.49313951534484235,0.19552269472787592
0.30024158382021965,0.1452003609111803
0.7033752868291365,0.2302214522587703
0.6439682552799976,0.22158802966893412
0.04325369606716967,0.04178829804484393
0.5432853746752944,0.20443159678626197
0.8268116720520298,0.24371742610822417
0.3797135702893222,0.16759389632631835
0.5880320973166842,0.2130538363902394
0.6478247814864705,0.22265750113345872
0.19066665564802035,0.10840691987414262
0.4105767985874097,0.17534512308805406
0.22963409830285297,0.12363357891537799
0.2952225904286529,0.14406457906571832
0.51512722404489,0.19983381452986462
0.6266083780277174,0.21936072540091606
0.16904807159916366,0.09710517385565964
0.4923682101035477,0.1948832169449643
0.236195702177009,0.12502294677820147
0.43372697447255126,0.18256712685703533
0.4997011192189985,0.19715462312904525
0.2944567945105104,0.1433480804365397
0.26976400814277957,0.13701914046783162
0.2909859209246848,0.142829882922801
0.6520669603135906,0.22329697891637035
0.5240027436429299,0.20150984484709683
0.2045556593144749,0.11420647934325316
0.4711518066447947,0.19104619274065146
0.4599623713228712,0.187859671798266
0.6536095707961798,0.2235174884966847
0.39669330424410715,0.17384565794191648
0.5548604626178651,0.20636121312085567
0.7056864478914443,0.23057418883385172
0.30603188245308116,0.14751586901132407
0.026273962112384683,0.034731676461098454
0.031678608124598856,0.03852459874934841
0.6435826026593502,0.22157700418991838
0.4514725043454787,0.18677901734788258
0.38049038485376874,0.1695565890979592
0.5722203398701452,0.2097572181645398
0.14475195649838438,0.0912947464143764
0.5787764344211491,0.21099207181430019
0.6682698797039289,0.22548018126832553
0.5367292801242904,0.20340622723780025
0.6212092413386553,0.21836843228950145
0.7029868795469131,0.22980240530275148
0.3067976783712237,0.14784647587495256
0.6254514201657756,0.21910713938355456
0.6277653358896592,0.21963636237630899
0.6007641431211969,0.21547959928054033
0.32262045446406684,0.15247749207524017
0.6408830343148193,0.22153290227385553
0.5868751394547423,0.21237025669126486
0.6370209987851942,0.22079403767295935
0.6057776271896117,0.21625138281164058
0.344999325107914,0.1614304960496891
0.5463761049636248,0.2050822575550324
0.24815644274022713,0.1326306848058898
0.16211183375066454,0.09595868154486807
0.5567887257211015,0.2065706972221543
0.1945231818544932,0.11174764001590505
0.5691296095818148,0.20910655739576936
0.5633448202721055,0.20814734072140192
0.5699064241462616,0.20911774038162817
0.46921803421840624,0.19036245553483389
0.49738169417196254,0.19620627442685043
0.5521608942733341,0.20630608572577708
0.5729916451114399,0.2104077214264671
0.24198600080987048,0.1288379200244829
0.1609493665655706,0.0953410972131448
0.3963076516234599,0.17359207192455497
0.570672220064404,0.20934911793411515
0.6370209987851942,0.22067275740378645
0.33959467909569974,0.15659015325494596
0.5675869990992257,0.2085883598820306
0.07567055349415047,0.059716356951773214
0.6439682552799976,0.22174238637515417
0.591888623523157,0.21307588734827082
0.6559234865200636,0.2237159471189676
0.446459020277064,0.18465109989784906
0.6370209987851942,0.22078301219394364
0.5340297117797592,0.20285495328701436
0.4298704482660783,0.18154175730857358
0.7878497387203494,0.23921871565612518
0.5961363116734293,0.21415654179865423
0.33535250026857955,0.15650194942282022
0.47770790119579865,0.1921156642051761
0.2037843540731803,0.11318110979479143
0.6601656653471837,0.22410183888451773
0.5776194765592072,0.21073848579693866
0.6597800127265365,0.22391440574125054
0.6428112974180556,0.2215329022738555
0.5810903501450329,0.2113338616637874
0.5760768660766182,0.21045182334253
0.3291820583382229,0.1556419620595942
0.5579456835830435,0.20786067826699325
0.6096341533960845,0.21679163128341072
0.4615049818054604,0.1881132578156275
0.40170678831252193,0.17514666446577112
0.2091890000853945,0.11700710852008854
0.6659559639800452,0.225149416897854
0.2365813547976563,0.12578370483028598
0.673669016392991,0.22625196479942578
0.42215188652998037,0.1799318798654357
0.5807046975243856,0.21132283618477166
0.1335625211764609,0.08940923199584562
0.5135846135623008,0.19898485264565438
0.5945937011908402,0.21414551631963846
0.5976789221560186,0.21456448452223578
0.5101137399764752,0.19858793540108854
0.579933392283091,0.21109130112544158
0.6385691185909356,0.22086034805389676
0.5972932695353712,0.21424474563077994
0.6929599114100836,0.22888729054444693
0.41289622363444545,0.1774180706498521
0.6269940306483647,0.21957020950221467
0.5722203398701453,0.20988952391272836
0.36428746546343066,0.1641098449573516
0.5818616553863274,0.2117307789083532
0.5803190449037383,0.21121258139461455
0.5683638136636722,0.20891928175934524
0.5367292801242904,0.20360468586008312
0.5239972343197777,0.2008150821622635
0.6077058902928482,0.2163285611647506
0.5710633820082033,0.20950363214717824
0.571834687249498,0.20968003981142974
0.39977852520928553,0.17479384913726817
0.6185096729941243,0.217916387649857
0.17561518479647178,0.10051236188520257
0.31760697039565206,0.15165058114906133
0.5857181815928003,0.21224897642209198
0.6794538057027002,0.22693554449840028
0.6466678236245286,0.22243699155314436
0.49004878505651195,0.19417742878111527
0.5687439569611675,0.2090734809587222
0.661713785152925,0.22449891363592667
0.6555378338994163,0.2237049216399519
0.5510039364113922,0.20593121943924264
0.6987419460582168,0.22964796984310992
0.5490756733081559,0.2053358435723939
0.694885419851744,0.2291518232874026
0.620823588718008,0.2182140755832814
0.5822473080069749,0.2119512884886676
0.4337269744725513,0.18228046440262666
0.6212092413386554,0.21853381447473721
0.5934367433288983,0.21356116593180544
0.5999928378799023,0.21506063107794307
0.6401117290735246,0.22137854556763548
0.4175240550822129,0.17858677142551815
0.7882353913409966,0.2396597348167539
0.4348839323344932,0.18288686574849114
0.10113464510317588,0.06934191514618093
0.2986934640144785,0.14499071930303858
0.5321014486765229,0.20284392780799865
0.5386575432275269,0.20372596612925606
0.48426399574680257,0.1932071866277321
0.6389547712115827,0.22119111242436826
0.37200051787637634,0.1664251955506523
0.21343117891251467,0.11974142731598654
0.5255453541255191,0.20152087032611252
0.5236115816991304,0.20018662985836758
0.2265488773376746,0.12303820304852921
0.36737268642860893,0.16477137369829464
0.08609419289793155,0.06611144979457563
0.6574660970026527,0.2237600490350305
0.6655703113593979,0.2251383914188383
0.1725244545081414,0.0986599239037189
0.4680610763564643,0.1895575955666865
0.45648598841389354,0.18712080719736982
0.28750953801570717,0.14195871257371623
0.3052605772117867,0.14660075425301952
0.49236821010354787,0.19473988571776
0.6038493640863752,0.2155678031126661
0.628536641130954,0.2197686681244976
0.27902518036146673,0.1417161520353704
0.615804595326441,0.21724367592305516
0.549461325928803,0.2058430156071169
