0.2275336407264515,0.18133188919159376
0.189830933785013,0.1720370687606722
0.27405037483140426,0.21450478279850357
0.3003983563878172,0.2182624985494112
0.34688372384806004,0.24921944507380045
0.30673441861924033,0.23374649786418067
0.23760233367836647,0.19703140455678297
0.30547975283083967,0.23109399262824587
0.36322574574197797,0.2651400025419842
0.24017439854458766,0.19991600400086204
0.29920642388883667,0.21738938224258267
0.49007245694928014,0.2992025906134471
0.44857438599792976,0.28658661258503215
0.35943038173206615,0.2505456976917679
0.4587058122392647,0.295665916965534
0.18233430569931935,0.17182155271025248
0.3393557291176563,0.239714634645034
0.40224585176123706,0.2863821486397622
0.33938709576236636,0.24126745541857086
0.4021517518271071,0.27465033902332553
0.6194284997333835,0.33857018915677967
0.5578871428123334,0.319107431988108
0.49258178852608137,0.30030780112842
0.51011574291898,0.3073756223716713
0.6419811172798846,0.34342758937008533
0.5440230858505066,0.3087074010422135
0.5854584235124369,0.33192234790921804
