0.2627897493805088,0.2180469824989915
0.2678397791788213,0.22578898215637624
0.3695931746181111,0.27598764374644263
0.35325115272419316,0.2602881283812535
0.46002321131708546,0.3060659479114285
0.357015150089395,0.260509170484248
0.2100310529782629,0.20256298318422203
0.5290611963238292,0.33082818949939496
0.2816724694959381,0.22623659241494024
0.59182585238857,0.342991031216671
0.6358332549167216,0.3525124198031621
0.5742918979956715,0.3341548731494632
0.7626799661240238,0.39011168152253806
0.5881245883127882,0.33836019915893484
0.4838618612966971,0.31048678997131984
0.634578589128321,0.35207033559717293
0.5768012295724726,0.33437591525245774
0.5780872620055834,0.3348235255110218
0.6458392145792164,0.35913815684042427
0.601925911985195,0.34410729383679367
0.5454345848624573,0.3339338310464686
0.5026504814779963,0.3281646321583104
0.42235187102035693,0.29346102198816326
0.5943979172547913,0.34322312542481537
0.5843292243028764,0.33614425207641435
0.4914212226718108,0.3142500317748024
0.6157272356576018,0.34653875696973385
0.6923245820394592,0.36467526152043817
0.45876854552868485,0.30451865319046645
0.6282425268968979,0.3483015677411156
0.2075217214014617,0.18797420438658055
0.3607791474545968,0.2691298125010361
0.29042376337003234,0.24236713988096886
0.39468649038612347,0.27952431739435574
0.24892569241868198,0.20676278314111884
0.18365170477714002,0.17315885743336962
0.17606097675731627,0.149054216101812
0.24519306169819013,0.20367371975176973
0.36454314481979866,0.26935085460403074
0.46501050782597786,0.30716563237382644
0.32059847558106713,0.2496725813849393
0.4298484991060506,0.2945607064505612
0.32812647031147085,0.26028260232867856
0.42862519996236004,0.2943451904001415
0.37712116934851486,0.2793032752913612
0.4059471158370189,0.2930023596244495
0.43863115962485494,0.3027392642613602
0.2540070888617045,0.21384718254209473
0.2502117248517926,0.2109681091505905
0.2854051002164299,0.22645210846535996
0.3268718045230702,0.2532092550328524
