0.17484938887832935,0.10268453875814203
0.47384035634302146,0.18475032920899043
0.45686888637296463,0.1815638870200265
0.4587971494762012,0.18203798261770235
0.46689860917137027,0.1840446985519845
0.19876811534318953,0.11214463601389242
0.18796157798033725,0.10728216350769632
0.19413752923384597,0.11105303483791484
0.20108203106707326,0.11323615843644848
0.4460678583332645,0.18124406937514914
0.41405042683481125,0.17579724648111994
0.4267797179777479,0.17792524268457502
0.42947928632227894,0.17815677774390506
0.23079656548794697,0.12869443129043548
0.22771134452276864,0.12847392171012112
0.21536219667732723,0.1229278695049505
0.2157533586211266,0.1261695178424146
0.22886830238471054,0.12849597266815255
0.21459089143603266,0.12173711777125298
0.21999553744824682,0.12670976631418474
0.2261687340401795,0.12829751404586964
0.24005773770663405,0.13269683767998408
0.23388454111470136,0.1305578159975133
0.22616597937860344,0.12689719945745195
0.23195627801146493,0.12941116617987866
0.23388454111470133,0.1301278223159003
0.4082628828635258,0.17521281733986538
0.4344955250522698,0.17971144903854283
0.4329501599081046,0.17884035744287957
0.3916770655141163,0.17279815868200168
0.2450739764366249,0.13426253445363753
0.24545962905727217,0.13506739442178492
0.24237440809209387,0.13346869996450586
0.23812947460339762,0.13200223250199386
0.3172185631134288,0.15547634361409376
0.31799262301629944,0.15678845437038574
0.5054748898824035,0.1908697850763999
0.48966037777428856,0.18851025381361478
0.47769963721107045,0.18529065643418213
0.3596596340156631,0.16698749498045384
0.37277457777924694,0.1684980643590287
0.40556331451899474,0.17459539051498518
0.40286374617446374,0.17447411024581228
0.3997757705477094,0.17327225427967755
0.3982331600651202,0.17310687209444178
0.41482173207610584,0.17745106833347762
0.393990981238,0.17305174469936319
0.31567870729241565,0.15545437140948387
0.2852011316149755,0.1472731509661352
0.2743973489136992,0.14354638155197952
0.30873420545918834,0.15459430529283638
0.302946661487903,0.1528963027709943
0.3106624685624248,0.15477071295708786
0.32030653874018317,0.15682153080743289
0.30564898449401007,0.15445097406563205
0.29561650703402836,0.15071317917246066
0.3233945143669375,0.15828799826994489
0.2936882439307919,0.14984216633021893
0.32532277747017396,0.15833210018600777
0.31104812118307207,0.15513455376460653
0.30371796672919754,0.1535909079489845
0.30063274576401927,0.15280809893886857
0.31760697039565206,0.15578513577995542
0.34422526520504326,0.16247783780276065
0.3496244018941054,0.16299603531649937
0.20147043834929662,0.11638952418836526
0.20417000669382765,0.11751412304796847
0.2743945942521231,0.14332579321824368
0.2589657347646555,0.13875014067329927
0.2747830015343465,0.1439322733175296
0.27671401929915906,0.14556412296527738
0.2813418507469265,0.14582873446165462
0.2693838648452844,0.14331484649264947
0.29793317741948816,0.15125350639765237
0.2547208012759593,0.13769161593436882
0.28520113161497546,0.14716289617597803
0.28751504733885924,0.14856313201097415
0.2624366083504811,0.1400621726761697
0.26436487145371756,0.1413631792000244
0.2755543067756411,0.14516712696729003
0.28635533481534126,0.14806690670184533
0.3777853071860858,0.16899413216131445
0.3885890898873619,0.17192706708633843
0.3592684720718637,0.1657194073868032
0.35348092810057824,0.16452857689968414
0.3777853071860857,0.1687184951859215
0.3646703634225018,0.1682443208348241
0.35001005451475264,0.16440729663051126
0.32609408271146856,0.15988669272722394
0.3704551527322112,0.16847585589415418
0.3777880618476618,0.17087956782642372
0.3554119458653908,0.1653886430163317
0.33805206861311055,0.16208084180477328
0.3361210508482981,0.15994182012230254
0.23465584635599596,0.13119729378042494
0.25934863272372677,0.13936748874475793
0.24893325730467383,0.13665514215346983
0.2682213976601905,0.14266418572387904
0.24970456254596846,0.13768051170193157
0.26436211679214155,0.14043696020928256
0.2396720850859868,0.1322006911242768
0.24044339032728135,0.13314888231962851
0.24815919740180323,0.13537610783422502
0.47808253517014165,0.18630492175020663
0.4680528123717361,0.18447461348017594
0.4769283319697758,0.18512527424894637
0.4614967178207322,0.18384616117628003
