0.32800100373263075,0.20919977232663395
0.22508704243907027,0.15415476262841166
0.25146639064019327,0.178474920010389
0.41222044477902203,0.2777504545178243
0.45494181487406293,0.3014130116433928
0.41347511056742264,0.2812871281657374
0.5177378375835138,0.3118130425892872
0.4863398262287883,0.3042920850348971
0.3845864307894985,0.2700084548604396
0.44114049120165616,0.29013986439066985
0.3921457921646122,0.2711191914279873
0.5327938270443212,0.3199916004000863
0.36573507731877924,0.26116124468808194
0.35441171857846365,0.24700902404385477
0.33182773438725266,0.2213681400964849
0.3531570527900631,0.22379960322942516
0.23132900473636336,0.16586446803454888
0.34691509049277003,0.22336304507601087
0.23503026881214517,0.17469510004918185
0.16225965308490953,0.15347505816170334
0.3141996800602239,0.20499997236973716
0.28405633449389917,0.1957106779913904
0.32806373702205077,0.21672625593359898
0.3104670493397321,0.20058465636242065
0.31172171512813274,0.20102674056840977
0.2527210564285938,0.19129536198407393
0.7060318057777359,0.34763844143213185
0.7600451679683825,0.3582595144810209
0.6470311470781971,0.32796016821304047
0.7299018224020576,0.35051751482363613
0.6733791286346099,0.33127579975795896
0.6784291584329225,0.3392388415183383
0.6947398136821304,0.33968092572432745
0.6043725102725762,0.32508662087411105
0.6734418619240301,0.3346024834080272
0.6645964681158056,0.3292864208310079
