0.6076810983386636,0.1904731040920987
0.634676781783974,0.1913000150182775
0.6794207497637879,0.19493865935372895
0.26163500183185,0.11315913759018154
0.29444302120263016,0.1330278383107202
0.3280058178452487,0.14153982312454041
0.27283545580007773,0.12452687897591572
0.43409334446216613,0.16861934462820158
0.49813922610537686,0.18235787901600123
0.2662738519259217,0.11975268905526688
0.2840193817988491,0.12834169471535403
0.6099867500778192,0.19120054944687143
0.5594635021114481,0.1882235913592061
0.64123838565813,0.1925570771329124
0.4383437872740145,0.1727431100403446
0.5228237484883794,0.18515842943941507
0.4726723798347754,0.17580835071355722
0.3256919021213649,0.14149572120847756
0.3391952531671722,0.14568556074129338
0.3349585836632041,0.1445170174724704
0.3357243795813465,0.14484762433609885
0.34691106024169405,0.14850816212273865
0.3183617476674903,0.1404151455115157
0.341514678214208,0.14793491596734284
0.35154715567418965,0.15248859630767736
0.3056324565245536,0.1382430473919978
0.36735615845915254,0.15489207197968227
0.3499962812068723,0.14916969086368173
0.41905564691849784,0.16613869060308661
0.3797025516430179,0.1580344910060049
0.3827877726081963,0.1589716567223409
0.4244520289459839,0.16672296223749813
0.48540993496244017,0.17690018814979944
0.32916277570719055,0.14430721835748556
0.41365100090628376,0.16598417639002352
0.4124940430443418,0.1644847112438859
0.3488338140217784,0.14858518296900558
0.395522573074285,0.16234568956141515
0.3878067659997631,0.16159587823492477
0.37507472019525046,0.15749424253423472
0.46457367480118233,0.1756870704443843
0.4622597590772986,0.1740773505080895
0.4082491095556456,0.1643192503052286
0.45068191647315176,0.17315097401050464
0.2624118163962966,0.11743718095512307
0.25392194941890417,0.10931124541369606
0.29404910459725475,0.13067917502010773
0.28749301004625083,0.12995149340507037
0.33765264268458306,0.14559735690916764
0.3669732605000813,0.15257680013980313
0.2805485082130235,0.12815426157208684
0.3110315932136158,0.13995199663943403
