0.6095900788108677,0.1696343974784415
0.5818175808011108,0.16886245644049816
0.41441404216285016,0.1449363006887538
0.44257219279325444,0.15685500101158772
0.48692775349084494,0.16264353500168263
0.4201850581646792,0.14673306000120814
0.4325286966869686,0.1494454065924962
0.505447343266643,0.1686967592415762
0.4147831668140411,0.14548710211901048
0.2936469240071511,0.1165330129224127
0.2839890805215125,0.09719385020831461
0.28630850556854837,0.100424473066763
0.3102327413565607,0.11755846122429597
0.3943463325813108,0.14216851168870098
0.3326143666619838,0.1250561807220917
0.31063216728508825,0.12238801480028803
0.3326198759851358,0.12523274589318628
0.4271323146594826,0.14689859969328695
0.3310717561793946,0.12459311060343158
0.3438148206302115,0.13683186483140744
0.3912583569545564,0.13986410782099445
0.3997482239319488,0.14481470540589475
0.3522991782844519,0.1398418206026984
0.4981199434743445,0.1659514149666625
0.34341814936326,0.12910268902770322
0.28746270876891417,0.10272871942762644
0.33570785161189026,0.12662203500258826
0.34110698830095226,0.1269638248520755
0.4201878128262553,0.14678826614970825
