0.31303911420595343,0.267792507777919
0.28418180107273927,0.2567404026281906
0.6357391549825916,0.3644321152071442
0.5604278410338446,0.3463011367090147
0.5793105611492739,0.3511751150800449
0.26028041780370753,0.24457203485833967
0.5742918979956715,0.3509540729770504
0.4863398262287883,0.32617525323135926
0.17863304162353755,0.19548410983582096
0.3419277939838775,0.28304993893711905
0.4235438035193375,0.30936500129862243
0.27662243969762557,0.25430341344267554
0.6093911734261787,0.36288482048618215
0.5416078542078354,0.34342758937008533
0.4411718578463662,0.3142389796696526
0.4021831184718171,0.30228612795022136
0.5265204981023179,0.3383380949486354
0.23393243624729462,0.22489928769182313
0.4436498227784574,0.3177701272649908
0.4109971456353314,0.30251269610579085
0.418525140365735,0.30538624344472015
0.3883817947994103,0.29786528589033
0.3318904676766727,0.277965970568244
0.29418776073523417,0.2598294660175397
0.3820770992126973,0.29410204408684754
0.23518710203569526,0.23550930863556238
0.2540384555064145,0.23617796099712096
0.19751576173896676,0.20721039339968284
0.13092437501960416,0.14950182636037598
0.14224773375991973,0.17315885743336962
0.3042878203318592,0.26094572863766224
0.6546218750980207,0.367979840960207
0.5867758225902575,0.3533744840048409
0.6746965277124306,0.3774846513889734
0.5064144788431981,0.3356800636601257
0.6458392145792166,0.36532733572427223
0.6056899093503969,0.3553804410895166
0.48383049465198713,0.3250700427163864
0.4599604780276654,0.32086471670691474
0.38082243342429667,0.2912284967479181
0.3406731281954769,0.2799553494951951
0.47878046485367454,0.32152784301589843
0.26407578181361946,0.24501964511690366
0.2062984222577711,0.2178204143434221
0.30798908440764095,0.2657976027983931
0.216335748564976,0.2233464669182863
0.23518710203569523,0.22755179292775793
0.48003513064207526,0.3230751377368605
0.3594931150214861,0.2830499389371191
0.31049841598444217,0.26623968700438216
0.39719582196292463,0.29963914876686143
0.36328847903139805,0.2874763070495853
0.5516451805150403,0.34541696829703644
0.16981901446002323,0.18354231022153947
0.26787114582353133,0.24679350799343505
0.43483579561494307,0.31091229601958437
0.36827577554029045,0.29012328623294525
0.3871271290110097,0.29609694906637346
0.3205984755810672,0.2726609600963744
0.4398544587685455,0.31135438022557355
0.373325805338603,0.2910129806974984
0.5642232050437564,0.34741187327656237
0.45748251309557414,0.3177756533175657
0.7425112135754839,0.38059029293604707
0.5114645086415106,0.3376749686396517
0.5340798594774316,0.3421013367521179
0.49264452181550145,0.3319278739617929
