0.3170731707317073,0.4337094095412634
0.4491374182034503,0.4624591947769314
0.013682331945270675,0.12387606666284864
0.08625817965496728,0.20760552087509307
0.05056513979773944,0.2030238817937117
0.11124330755502677,0.2810262871542294
0.02617489589530042,0.16516808888379816
0.049970255800118976,0.16745890842448888
0.09875074360499701,0.22598934768913578
0.6162998215348008,0.5300956417158238
0.3652587745389649,0.46240192428841415
0.4854253420582987,0.49802416814615424
0.5925044616299822,0.510623675619953
0.6044021415823915,0.5266594124047879
0.1600237953599048,0.338411316648531
0.31647828673408684,0.41990722180860196
0.24390243902439027,0.3797033388694805
0.13622843545508626,0.29603115514575334
0.09934562760261749,0.2466639940438692
0.4491374182034504,0.4819311608728022
0.25698988697204045,0.41761640226791125
0.14753123140987506,0.30399175304965353
0.24509220701963116,0.4061623045644579
0.18441403926234384,0.37397629001775384
0.17251635930993456,0.34534104575912034
0.23259964306960146,0.3751789702766164
0.305175490779298,0.41881908252677386
0.36466389054134446,0.4600538342592062
0.11183819155264724,0.29368306511654546
