0.26582754992712426,0.19023025281994388
0.2919373365121959,0.20388033366022845
0.28998754838273766,0.20197954570410562
0.3518498856188647,0.24517892775869837
0.36922423528730425,0.250858573045918
0.3084043590312835,0.23078670660088374
0.5044835474561057,0.3039178193191241
0.34700437254466654,0.24252085376427956
0.3557011997953688,0.24820428548169068
0.37404079111205496,0.2535052877497624
0.34989044507292405,0.242895710353236
0.3566664414436154,0.24896157151998663
0.3817916815474754,0.2629827225190363
0.49191610119593443,0.2986092441906695
0.3605370604530845,0.2501012870076221
0.442650167469426,0.2860988788380203
0.47066148010154346,0.2944365981196588
0.520883003059816,0.31300146534848405
0.4513180374706808,0.292149594284005
0.5913842530477504,0.3221040435288015
0.4735475526298009,0.2967046698043551
0.4300827212092547,0.2826835188053055
0.3856719529734269,0.2633689383985672
0.3740504435285374,0.25881007644802556
0.3885580255016844,0.2732098704662231
0.3373326512292353,0.23986277976986076
0.5141263115220895,0.30618589100382043
0.30641596123589543,0.21713283933040767
0.42718699626451484,0.2796543746521217
0.5402167932741961,0.31642061181139036
0.4136736131890619,0.2754893014414939
0.2619472785011727,0.16750409881068226
0.28806671750272683,0.19781825892366933
0.2725938938813332,0.1925058973650232
