0.32414270673610274,0.13957708664894225
0.5735685869941564,0.2107608400335177
0.5458412532415684,0.20566240217876003
0.6204803527391693,0.2128510688806359
0.5588711216003278,0.20893141337909804
0.5436013029868358,0.20265854894886917
0.443503084347906,0.17386359119719097
0.5006182827990192,0.19076564227848555
0.6244656270094191,0.21402930676163714
0.5255050487206846,0.20091569337720327
0.33716550900573056,0.14075478005772493
0.37166922223556925,0.15190720451084347
0.34960182587743166,0.14415228670164718
0.22911087400456467,0.08743352674801444
0.45593940121960697,0.18810698443517268
0.6855307692851238,0.22226281565096281
0.44857653634442946,0.17604039112706296
0.234770811399015,0.09070090453169671
0.6199433299651642,0.2121998801072175
0.4480183153030292,0.1758667044893368
0.38636668762939774,0.15796173558142282
0.517018675673575,0.197169180041173
0.3603493474466687,0.15112207557165497
0.501748857060083,0.19224660671301574
0.6148345475229824,0.21110930225340718
0.4338720048614694,0.1721632044585741
0.5447177450696363,0.20374640444158656
0.39426657527858056,0.16471210214734397
0.2981183004642421,0.12694369776129355
0.2579687820182164,0.11666297333011733
0.3133951851668657,0.12864354002769185
0.4316037902502102,0.17094304221674242
0.6747691155376234,0.21629376671870007
0.25796171592908473,0.11121770667212591
0.3750680111078921,0.15678622006151446
0.3207580500420432,0.13783532002171356
0.41068816642053124,0.16619524447074852
0.4774273782689495,0.18871733779219785
0.43104556920881004,0.16850435114973475
0.43046614990001486,0.16811124220792198
0.250040630012507,0.1050319577968694
0.33828901717766263,0.14240943112998128
0.31170638986440175,0.12733735117532494
0.5650963461253099,0.209498208958637
0.7007935218094841,0.22818667338908366
0.3552617632718819,0.14794235781516363
0.40730350972647167,0.1655859800581605
0.37224157545523273,0.1529531356427304
0.31623575299778833,0.1319550200610789
0.3592399714529999,0.1493813978888634
0.6453741847499663,0.21511770672657313
0.6527299835360123,0.21524892453125025
0.30944524134227425,0.12703244673292166
0.4214286219006367,0.16802467112516817
0.28116675263741775,0.12393875558696557
