0.3252814575465331,0.12610344372174181
0.32605551744940375,0.12819836348814972
0.34342090402483605,0.13523293411386378
0.3364708928684567,0.13345759573206858
0.33299450995947893,0.12894801730779698
0.34457510722520185,0.13804435250945024
0.38084573619707957,0.14800091133459412
0.4012990983992662,0.15783603238372196
0.4695761402232929,0.16854224502851312
0.3511367110993579,0.1420136824619517
0.3866332801683649,0.15021711137017488
0.37659804804680724,0.14681000209405348
0.35230193294602796,0.14661154347177058
0.37853182047319583,0.14717400040841527
0.3877902380303068,0.15351372959587448
0.3885670525947535,0.15499130129082375
0.43138826679448306,0.1634482374629869
0.4159621619685914,0.16313952405054682
0.42791739320865746,0.16341516102593973
0.4020704036405608,0.1584755101666336
0.39474024918668615,0.15683263503987013
0.382776753961892,0.15005172918493911
0.45723250170100355,0.16783653561808562
0.38161428677679804,0.14861825940605275
0.4128714316802609,0.16201476768410053
0.4838535511719709,0.17536725279950693
0.44141798959288864,0.16607238022214926
0.3137146335886904,0.1230053628717467
0.30290258690268607,0.11253076403970717
0.28747097275364236,0.11042474004086202
0.3063734604885117,0.11395305083273476
0.26972544288071487,0.10536388766580451
0.47767484525688597,0.1699865827795721
0.5139399649056116,0.17726379269705347
0.4491337966674104,0.16709782852403254
0.4715044033265293,0.1689832641891418
