0.24776512656441144,0.24369339249893626
0.28794579843794116,0.2591718657611308
0.26787114582353133,0.25143539215632105
0.20378909068096987,0.2248937616392483
0.2892318308710518,0.2591773918137057
0.2665851133904207,0.2514298661037462
0.2464790941313008,0.2436878664463614
0.13722907060631725,0.18841076253999484
0.1660863837395314,0.20145224661667432
0.199993726671058,0.22046739352678202
0.12217308114550987,0.17183260481540222
0.18493773721025064,0.21273091992197218
0.2050751231140805,0.22489928769182316
0.11583701891408676,0.16452716331143175
0.10078102945327938,0.14794900558683916
0.1120416549041749,0.15811141627201442
0.2151124494212854,0.22622554030979056
0.2954737931683448,0.2664662551599516
0.29547379316834477,0.2644768762330005
0.2715724098993131,0.2542978873901007
0.3318904676766727,0.277965970568244
0.27285844233242373,0.25430341344267554
0.31683447821586525,0.2742082548173363
0.16988174774944326,0.20587861472914054
0.17113641353784387,0.20742590945010253
0.1573350898654371,0.1961527621973796
0.15862112229854772,0.19615828824995446
0.13851510303942788,0.1884162885925697
0.13343370659640538,0.1819950155005775
0.3105611492738622,0.26691386541851564
0.35453718515730376,0.2857134962782036
0.3181205106489759,0.27421378086991116
0.2916784291584329,0.2620398870474854
0.2766538063423356,0.25872978155514176
0.19626109595056615,0.21649416172545466
0.21382641698817478,0.2262200142572157
0.24271509676609893,0.24125640331342116
0.2628211160252188,0.2489984029708059
0.2967598256014555,0.26647178121252646
0.27536777390922496,0.2587242555025669
0.23267777045889404,0.23993015069545376
0.13089300837489418,0.1722636369162416
0.16232238637432955,0.19902078348373411
0.20002509331576804,0.222462298506308
0.1334337065964054,0.18398439442752862
0.22013111257488788,0.23020429816369276
0.16611775038424142,0.2034471515962003
0.2238951099400897,0.232635761296633
0.25406982215112456,0.24767767640541336
0.23396380289200466,0.23993567674802863
0.20131112574887866,0.22246782455888287
0.2527837897180139,0.2476721503528385
0.31307048085066347,0.2702294969634342
0.2214171450079985,0.23020982421626762
0.16740378281735205,0.20345267764877517
0.24400112919920955,0.24126192936599603
0.1724224459709545,0.2074314355026774
0.26410714845832944,0.24900392902338075
0.19252846523007436,0.21517343516006215
0.22518114237320033,0.23264128734920786
0.19124243279696373,0.2151679091074873
0.33944982905178633,0.27863462292980257
0.5114645086415106,0.33325412657976033
0.536589191054233,0.3337017368383243
0.4512405507982811,0.3102657478683253
0.31557981242746463,0.2722188758903852
0.4599918446723754,0.31556523228762
0.4688058718358898,0.31932847409110254
0.48633982622878835,0.32087024275948967
0.42235187102035693,0.3067235481678373
0.42987986575076065,0.30959709550676673
0.487625858661899,0.32286514773901565
0.48012923057620527,0.31977608434966653
0.43988582541325555,0.3098126115571864
0.3532511527241931,0.2857079702256287
0.5039365139111069,0.32595973718093957
0.3808851667137167,0.29278684357402984
0.21887644678648727,0.22865700344273077
0.15482575828863587,0.18974254121053707
0.4210972052319564,0.3045131271378916
0.36331984567610803,0.2907974646470787
0.28920046422634177,0.2591718657611309
0.3746432044164235,0.2914661170086372
0.3997365201844359,0.30229718005537104
0.39845048775132524,0.30229165400279623
0.38342586493522784,0.2965500853775123
0.3419591606285876,0.283055464989694
0.3620338132429974,0.2907919385945038
0.40848781405853013,0.3038389487237582
0.33317650010978334,0.2779714966208189
0.3117844484175528,0.2702239709108593
0.2904864966594524,0.25917739181370575
0.3770898027038048,0.29189714910947673
0.34067312819547696,0.2830499389371191
0.42859383331765,0.3080442747332298
0.18998776700856312,0.2136206143865253
0.3783758351369155,0.2919026751620516
0.23142310467049343,0.2372776454595189
0.27411310812082434,0.2560717502666321
0.32185314136946774,0.2753134653323092
