0.3847549734075926,0.31753382228768534
0.49970560129728486,0.34899527074869074
0.4079497302149593,0.3243607559229234
0.21571220355015877,0.23645499259752895
0.22248819992085017,0.24176356772598356
0.24758448277526277,0.25615200245360675
0.20506558816999834,0.22697755782825504
0.19057731102981632,0.2212941261108439
0.21376241542070057,0.2337969186031101
0.45526587581200956,0.3391354065300775
0.15384021389754923,0.18984403694041294
0.2060211774017625,0.2300029155512474
0.16834779587069623,0.20386518793946254
0.1567552436752541,0.19023025281994388
0.18670669202034731,0.22091169666150445
0.19927413828051851,0.22659891480910707
0.23212131157035162,0.24592106807622838
0.17028793158367198,0.20916997663772569
0.26015192903543405,0.2644897217352452
0.22053841179139197,0.23948413675071278
0.37703304022161954,0.3110968909621698
0.3789635235181128,0.3114755339813177
0.20508489300296326,0.22963563182267385
0.2765803418885919,0.2690410108254039
0.490043532398336,0.3478555552610554
0.4185770407621548,0.33496654688925825
0.4021582803254795,0.32171025478888754
0.4127759384561925,0.3254966849803673
0.3992335981312922,0.32094160946001715
0.411791391974981,0.32473182608168843
0.4031042171407613,0.3235958970242444
0.30746807463248427,0.2853226606487669
0.33067248385633347,0.29783302600141615
0.3190606268279264,0.29138473538532605
0.29783496298298273,0.28192244633681807
0.2988002046312294,0.2823010893559661
0.45334504493199873,0.33611004880708517
0.39247690659356577,0.31791246530683337
0.16737290180596712,0.2015895433943832
0.1838013146591249,0.21560690796324128
0.1934730359745562,0.22318734120658382
0.17801951718612755,0.2148534083551368
0.15868572697174738,0.2012109003752352
0.19830889663227189,0.22470569971336718
0.18382061949208983,0.21940091101510403
0.2156832463007114,0.23417177519206664
0.29494889045472533,0.2800330176712697
0.23696682464454977,0.250851000185535
0.27850117276860265,0.2697945104335083
0.20216021080877594,0.22697377139806363
0.34321097286705726,0.3031302418392963
0.3480468335247729,0.30540588638437566
0.3809036592310886,0.3164016796604329
0.3799384175828419,0.3114793204115092
0.36156986901670835,0.31071067508263883
0.19444793003928532,0.2231911276367753
0.2833466858428008,0.27510308556196295
0.1770446231213984,0.2103059056951696
0.4842520825088561,0.3436904820504276
0.2195828225596278,0.2379733511043123
0.20989179641123154,0.2330358461346227
0.24854007200702694,0.2565268590425632
0.23406144728332737,0.2497112846978996
0.22244959025492028,0.2409911359669217
0.3258462756151002,0.2959398109056763
0.266918272989643,0.2667653662803246
0.2785204776015676,0.27245258442792714
0.30944682001138984,0.28685616487631627
0.3074970318819316,0.28571266295848935
0.30555689616895587,0.28457294747085393
0.3113579984749182,0.28949909314996913
0.35289234659897106,0.30617074528305455
0.2958948272700071,0.2811613738683306
0.31135799847491813,0.2883631640925252
0.33261261956930915,0.2989727414890515
0.28817289408403396,0.27851087273429476
0.22728545091263594,0.24364542353114904
0.2446984102470053,0.2527480017114664
0.27752627870387353,0.2694120809841689
0.25339523749770754,0.2607032915437655
0.2736749645273695,0.26903722439521244
0.2504898601364851,0.2565344319029462
0.2060404822347274,0.23152506048822227
0.2321116591538691,0.2459172816460369
0.2156928987171938,0.23569013369885003
0.21956351772666285,0.23796577824392937
