0.2665851133904207,0.2487773608678113
0.4348671622596531,0.30384447477633303
0.2954737931683448,0.2638137499240168
0.200025093315768,0.2198097932703732
0.2527837897180139,0.24501964511690363
0.34067312819547696,0.2803974337011843
0.2464790941313008,0.24103536121042657
0.27536777390922496,0.2560717502666321
0.3858724632226091,0.2958759069633789
0.1824284056334494,0.2144992567459287
0.23267777045889404,0.23993015069545376
0.2967284589567454,0.2664662551599516
0.21131708541137356,0.22953564580213418
0.2929330949468335,0.26005050812053426
0.5039365139111069,0.3177811793701406
0.4813211630751858,0.31335481125767434
0.49135848938239074,0.31600731649360914
0.3620338132429974,0.2907919385945038
0.4436498227784574,0.3122440746901266
0.31303911420595343,0.26978188670487013
0.3419277939838775,0.28304993893711905
0.2678397791788213,0.2514298661037461
0.19249709858536432,0.21516790910748726
0.3205671089363571,0.27265543404379955
0.35698378344468495,0.28415514945209197
0.3117844484175528,0.2675714656749245
0.11207302154888492,0.17160051060725792
0.1485210627019228,0.195484109835821
0.11586838555879678,0.17801625764667525
0.14977572849032342,0.19703140455678295
0.14472569869201093,0.18906836279640368
0.16862708196104262,0.20322610949320574
0.1271603776544023,0.17934251026464268
0.08694833913616262,0.1421963848564055
0.22888240644898217,0.23351440365603643
0.199993726671058,0.21847801459983096
0.2904551300147423,0.2591718657611309
0.3783444684922054,0.29454965434541147
0.33314513346507324,0.277965970568244
0.3318904676766727,0.2733240864053581
0.3984504877513253,0.3003022750758451
0.09952636366487878,0.1614325738695078
0.09698566544336754,0.14971181635822084
0.14475706533672095,0.19305264670288075
0.13722907060631725,0.18841076253999484
0.18371443806656002,0.21450478279850357
0.20378909068096987,0.2248937616392483
0.16608638373953138,0.1994628676897232
0.167341049527932,0.2010101624106852
0.10827765753897306,0.16297434253789492
0.11335905398199556,0.1716060366598328
0.17113641353784387,0.20742590945010253
0.13343370659640538,0.1819950155005775
0.22511840908378034,0.23329336155304187
0.22640444151689096,0.23329888760561673
0.2301684388820928,0.2335199297086113
0.2050751231140805,0.22489928769182316
0.23396380289200466,0.23993567674802863
0.24776512656441144,0.24369339249893626
0.21260311784448419,0.22954117185470904
0.25529312129481513,0.2483352766618222
0.2540070888617045,0.24832975060924734
0.15106176092343404,0.19703693060935784
0.2766538063423356,0.25872978155514176
0.17740974247984692,0.21052049889202648
0.19372039772905492,0.2158255093638961
0.2226090775069791,0.23086189842010157
0.2238951099400897,0.23086742447267644
0.20005645996047802,0.22092052983792093
0.19500643016216554,0.21583103541647097
