0.11445688654684609,0.139085217256757
0.8543019353219786,0.4126635020805588
0.10194159530754995,0.12737551185061974
0.9510053009629561,0.42262697487303896
3.136664471001537e-05,0.022330778455026224
0.8593205984755812,0.41531600731649365
0.09817759794234812,0.12604925923265234
0.8492832721683762,0.41155829156558604
0.010162792886044979,0.041578019573278224
0.9170979580314295,0.422179364614475
0.895737272983909,0.42128967014992186
0.3431824597722782,0.26824011803648307
0.8593205984755812,0.4157580915224828
0.03284087701138609,0.0864661446389001
0.016436121828048055,0.058598261503859946
0.8266679213324551,0.4062477550411415
0.6973118785483516,0.3863318615613309
0.7123678680091591,0.3892054089002603
0.8002885731313322,0.4013793027226861
0.41476114300053324,0.29654455932493745
0.7425112135754839,0.39495802963069393
0.6659138671936262,0.37947403031592447
0.7136539004422697,0.38921093495283515
0.8078165678617358,0.4051370184735938
0.09312756814403564,0.11874934378125673
0.7915059126125278,0.4011582606196916
0.33436843260876387,0.26558208674797334
0.8291772529092564,0.41000547079204913
0.6571312066748219,0.3759373566680114
0.7199272293842727,0.39075822967379714
0.6194598663780935,0.3664270201866701
0.340704494840187,0.26625626516210676
0.679715190866033,0.38124236713988097
0.6470938803676171,0.3717375567111146
0.7186725635958721,0.38965301915882433
0.6583858724632226,0.37704256718298423
0.663404535616825,0.3772636092859788
0.7437658793638845,0.39606324014566674
0.38963646058781093,0.2901288122855202
0.6646592014052257,0.3783688198009516
0.634547222483611,0.37151651460812
0.050374831404284684,0.09773376583904819
0.6332611900505003,0.37151098855554515
0.6282738935416078,0.37019026199015265
0.45368714908566227,0.31931742198595287
0.12333364699978044,0.15766933206602526
0.3758351369154042,0.28504484391664514
0.5943351839653712,0.36222169417719846
0.7274552241146764,0.39208448229176457
0.6898152504626579,0.38390592448096555
0.738747216210282,0.39274760860074825
0.07176688309651517,0.11830173352269274
0.6131551707913804,0.36575836782511156
0.6458392145792164,0.3717375567111146
0.6207458988112041,0.366432546239245
0.4084878140585302,0.2925658014710353
0.5905711866001693,0.35868502052928536
0.20375772403625986,0.2085311199650754
0.7337285530566795,0.39230552439475913
0.38085380006900665,0.28615005443161795
0.493899187603902,0.33015953713783647
0.493899187603902,0.3286122424168744
0.5541231454471315,0.3487270737893801
0.5868071892349676,0.3584639784262908
0.532793827044321,0.3409906001845702
0.5378124901979234,0.3456324843474562
0.6496032119444182,0.374611104050044
0.6445531821461058,0.3717320306585397
0.5905711866001693,0.3593481468382691
0.575515197139362,0.35647459949933974
0.6068818418493773,0.36443211520714414
0.4348671622596531,0.308486358939219
0.6470938803676171,0.3737269356380657
0.5114645086415106,0.3383380949486354
0.5340484928327216,0.3420958106995431
0.18619240299865125,0.20720486734710797
0.4423951569900567,0.3104757378661701
0.6772058592892318,0.3805792408308973
0.1749004109030457,0.19548963588839588
0.4938991876039021,0.3281701582108853
0.51020984285311,0.33590663181569513
0.1409303346820991,0.1738109316372036
0.4147925096452432,0.2978763379954798
0.41096577899062137,0.29653903327236264
0.4788118314983846,0.3230806637894354
0.2942191273799442,0.2558562342162124
0.67344186192403,0.3799161145219136
0.5026504814779963,0.3308171373942453
0.5215018349487155,0.33988538966959736
0.5717511997741601,0.3516116732334592
0.41855650701044517,0.30693906421825706
0.6985979109814623,0.3863373876139058
0.22508704243907027,0.2173728040848581
0.09811486465292808,0.12161736506761125
0.29296446159154355,0.24635142378744596
0.24017439854458772,0.232188151038069
0.2502117248517926,0.24390338249678112
0.11580565226937675,0.14263846906239466
0.3092751168407516,0.2565193605251961
0.6458078479345064,0.3717320306585397
0.5742605313509613,0.3518327153364538
0.6671998996267369,0.37947955636849934
0.39217715880932214,0.2919026751620516
0.5805338602929644,0.3571377258083234
0.5441171857846365,0.34630113670901475
0.23515573539098522,0.22113604588834057
0.5378124901979234,0.34496935803847245
0.444904488566858,0.3153386641320507
0.6822872557322542,0.3814744613480253
0.51020984285311,0.3365697581246789
0.3645431448197986,0.2804029597537592
0.15473165835450584,0.1784528158000895
0.32934976945516137,0.2640347920270114
0.3180264107148459,0.260713634429518
0.6056271760609767,0.362442736280193
0.6269878611084971,0.3701847359375778
0.3682757755402905,0.2839341073490974
0.6885292180295473,0.3839003984283907
0.5026818481227063,0.3328120423737712
0.029045513001474232,0.07607163974558054
0.2062670556130611,0.2125098778189776
0.4825758288635865,0.32595421112836476
0.565446504187447,0.35094302087190066
0.5077005112763087,0.3348014213007223
0.2904237633700323,0.24479860301390907
0.5704651673410495,0.35160614718088434
0.3494871553589912,0.2801819176507646
0.2263417082274709,0.21759384618785266
0.5240111665255167,0.34054851597858116
0.1548257582886359,0.1897425412105371
0.5642232050437564,0.3498433364095027
0.23518710203569523,0.22821491923674164
0.1044822935290612,0.13688584833196105
0.43483579561494307,0.3082597907836496
