0.26238977910368827,0.09845067606268489
0.3619515124469383,0.14180467088118232
0.3966685122899226,0.15085682541335113
0.37159007330154464,0.14297329290342684
0.3812341434793029,0.1451784674599919
0.4776748452568861,0.16771533410233427
0.4556898912184144,0.1642201785009302
0.44064943901317005,0.16198200626073953
0.5050644453075718,0.17343779397175635
0.39975648791667695,0.15663425517100873
0.4715016486649533,0.16509119134317193
0.4610862732459005,0.16482650109337316
0.3831624065825393,0.14773637859163843
0.4186589756515464,0.15946796078489128
0.27127080802488013,0.10519858423399028
0.36155484117998693,0.13832030449852933
0.3083237608843566,0.1295657591463633
0.3306998768666275,0.13602692610983852
0.295969103715763,0.12150574021876598
0.3823883466796687,0.1460163251117649
0.27900038840728225,0.1207008802506186
0.2994454866247408,0.12261947110619656
0.3650339787505407,0.14228971320445236
