0.5162401073216151,0.16178362639187815
0.46146641654339554,0.15748337456206207
0.495026458524438,0.1590161524055115
0.4386991386173253,0.1465126291743153
0.5698623495610448,0.17365853981233534
0.5220276512929005,0.1682666868065417
0.5104580726734818,0.16144191529581245
0.594163973984976,0.176018149828542
0.6068932651279128,0.18096866866002076
0.4575961170290424,0.15234510757362996
0.41516881943468836,0.14317175152570974
0.49849182278711157,0.15903804585669984
0.5181711250864276,0.1621585714318341
0.397426044223337,0.14309449441917818
0.32914624773773427,0.12282911271433827
0.3781489225141246,0.14096673447598773
0.42982086435770933,0.14513420803708593
0.49888023006933485,0.16075809933657334
0.47033918147985937,0.15813395657741097
0.34843163343167477,0.124813777690589
0.5355282476771317,0.1691267529231892
0.4178711424407955,0.1444287348869231
0.556755669782189,0.17193872259272647
0.35227989565341955,0.12507815292670163
0.44139870696185624,0.14875080141450597
0.44217276686472684,0.15216877866280004
0.3256505821977242,0.11469160041994475
0.3642461455397898,0.12862867218344887
0.48807369270648254,0.1586519965843066
