0.19244987982741477,0.18530032071063718
0.47072904701692075,0.33573519221812864
0.2958755224370422,0.26752265231862055
0.2910589666122914,0.2656332236530721
0.19342477389214383,0.18681867921742057
0.2842540129921525,0.26069193225319104
0.2340324900338799,0.23038913143077835
0.434020907134101,0.33383061783181434
0.43013098329166705,0.3270036841965763
0.3857202150558393,0.31261146303876164
0.23789345662686648,0.2375833487945899
0.46493759712744087,0.3345992631606847
0.3326029671528267,0.28723102146527274
0.21857897124545128,0.2235697706559233
0.24178338046930048,0.24175978129579212
0.2581828360730109,0.24478513901878446
0.2910396617793265,0.26524700777354115
0.298790552214747,0.27737494367685084
0.32003552089265547,0.28192244633681807
0.28428297024160004,0.26373243569694926
0.3644559415449658,0.3031340282694878
0.36640572967442403,0.30844260339794244
0.3770330402216195,0.3107182479430218
0.31135799847491824,0.2815475897478616
0.5219061592069574,0.34331562546147115
0.32486172913388867,0.2860875195474458
0.42340324900338794,0.322471327257375
0.406019246918466,0.3220888978080355
0.4736440767946256,0.33763598017425145
0.3461356550612446,0.2951900977277632
0.3084429686972134,0.27964680179173873
0.29780600573353544,0.26827993835691644
0.5306126388741421,0.344459127379298
0.5460758100790533,0.35469006175667644
0.3354890396810841,0.29063502220741305
0.3480661383577379,0.29746195584265106
0.26883910386965376,0.25918871946717353
0.22631055684790685,0.22470948614355868
0.26014227661895156,0.25729171794124217
0.3403249003387998,0.2929106667524924
0.39153096977828405,0.3175413951480683
0.3905657281300374,0.31716275212892037
0.227266146079671,0.22773484386655102
0.22629125201494193,0.22470191328317574
0.19920657136514122,0.19211589505530077
0.3229312458373954,0.28230108935596604
0.20215055839229348,0.22091169666150448
0.4031138695572437,0.31943461024380826
0.49487939305605166,0.34104376734658326
0.4002181446125038,0.31905596722466023
0.39634752560303477,0.3182948947561728
0.42918504647638533,0.3254966849803673
0.3577185548402043,0.3027629581107228
0.33936931110703566,0.29139988110609194
