0.24266175036920493,0.19212346791568374
0.2735687879460623,0.2175001230589812
0.36732270924025834,0.2735885134853711
0.4793776121852106,0.3171665385591118
0.3335006418856961,0.24214599717532304
0.33834615495989423,0.2557847187250333
0.3025839518923562,0.2338044914634931
0.4610187160355595,0.30542103210514154
0.507388924817328,0.3194459695343827
0.32481346705147635,0.23798092396469528
0.38374146967693357,0.2823010893559661
0.3914634028629067,0.28684480558574177
0.49194505844538183,0.31717411141949486
0.3383171977104468,0.24820049905149916
0.475535950425189,0.31452361028545894
0.4127276763737802,0.29442902525927583
0.4561925077943264,0.30428510304769757
0.44652078647889504,0.300112456976687
0.4504010579048466,0.30277053097110573
0.44655939614482487,0.3020208177931927
0.336415671663401,0.2470759292846297
0.4928813428441811,0.31754139514806834
0.379899807916912,0.2770076599482773
0.3557494618777811,0.2713204418006747
0.463924093396782,0.3122403928799966
0.34898311792357223,0.26374379498752365
0.36925319253675165,0.2766176576385549
0.5170509937162768,0.3224789001177579
0.4291464368104556,0.29973381395753895
0.5218868543739925,0.3277836888160211
