0.09196700228976507,0.13224949022165
0.37959913428060604,0.2863710965346125
0.4247984693077382,0.30295478031177997
0.4825758288635864,0.31335481125767434
0.3331451334650733,0.2755345074353037
0.3808851667137167,0.2863766225871874
0.363288479031398,0.28128712816573737
0.46372447539286726,0.31268615889611573
0.09827169787647816,0.14397024773293696
0.08942630406825383,0.1262758273882218
0.09573099965496693,0.13799658489950875
0.08563094005834196,0.11521819618591853
0.1648317179511308,0.197031404556783
0.167372416172642,0.19880526743331436
0.1660863837395314,0.19879974138073953
0.3280951036667608,0.270887097219843
0.2175590477086666,0.22378302507170056
0.2954737931683448,0.2638137499240168
0.2703177441109125,0.2516453821541658
0.18490637056554063,0.2063151728825548
0.395941156174524,0.28925016992611674
0.38210846585740726,0.2885815175645582
0.36457451146450864,0.28129265421831223
0.36708384304130987,0.28571349627820364
0.40848781405853013,0.296765601427932
0.4072958815595496,0.2950083167091252
0.39970515353972585,0.2927868435740298
0.34446849220538883,0.27554003348787864
0.13471973902951603,0.18133741524416863
0.18873310122016249,0.20919977232663395
0.2138577836328848,0.22202574035289374
0.19626109595056615,0.21384165648951986
0.15608042407703648,0.1917319201374882
0.29167842915843295,0.2593873818115506
0.23766506696778644,0.2341775299650201
0.2414290643329883,0.23660899309796035
0.2716037765440231,0.2516509082067407
0.1987390608826574,0.21781488829084722
0.2929644615915436,0.25939290786412544
0.22762774066058153,0.2328512773470527
0.22759637401587152,0.22510927768966796
0.31303911420595343,0.26978188670487013
0.2502117248517926,0.2439033824967811
0.18365170477714002,0.20476787816159286
0.19372039772905492,0.213836130436945
0.34945578871428123,0.28061847580417887
0.4311031648944512,0.30561281160028964
0.3431824597722782,0.2755345074353038
0.4160158087889339,0.29787081194290493
0.44236379034534673,0.31201750653455723
0.493867820959192,0.3204281585535005
0.575483830494652,0.34143821044313416
0.5340798594774318,0.3297229789844221
0.15482575828863585,0.1890794149015534
0.18744706878705186,0.20919424627405908
0.11207302154888492,0.173589889534209
0.1321790408080048,0.18133188919159374
0.13851510303942788,0.18576378335663488
0.17116778018255388,0.2032316355457806
0.24898842570810203,0.24059327700443742
0.26278974938050875,0.2470034979912799
0.20877638718986227,0.21914114090881462
0.3117844484175528,0.2642558341300059
0.27411310812082434,0.2560717502666321
0.22383237665066966,0.22422510927768968
0.5679558357642484,0.33591215786827006
0.49888648411279446,0.3208702427594896
0.5202158025156048,0.3275015058493267
0.5604278410338447,0.33348069473532976
0.6056271760609767,0.3500643785124972
0.5955898497537718,0.3440962417316439
0.5064144788431981,0.32219649537745704
