0.2590612059729153,0.17091567241320552
0.30933099101360034,0.22130548540141837
0.24167720388799332,0.16750409881068223
0.2735977451955097,0.20728812083256026
0.5720601152498528,0.3058148208450554
0.3856623005569445,0.2565495776237121
0.2716093474001216,0.1716729584515015
0.519908108995087,0.29974517324811334
0.5334118396540574,0.3035278170094017
0.5865387399735523,0.30846532197909127
0.2377679752125945,0.14552387154914218
0.32574975145027557,0.22850348919542143
0.29967857453113395,0.2118394099227189
0.2841960984932578,0.20955240608706516
0.34508354166465577,0.24063142509873112
0.3412129226551867,0.22888970507495235
0.46874064922153263,0.2936830985115543
0.35957181880483785,0.24480028473955037
0.31126147431009354,0.2284997027652299
0.43879885329292195,0.28231623507673204
0.3866178897887087,0.2656332236530721
0.4494261638401174,0.29254338302391886
0.36440767946255354,0.2512410024952575
0.3982104419841508,0.2735885134853711
0.4358934759316995,0.274360945244433
0.3904981612146601,0.26564079651345507
0.4020907134101022,0.273974729364902
0.3518402332023822,0.24366056925191495
0.3576413355083446,0.2444216417204024
0.37696547330624225,0.25465257609778075
