0.2396888060926053,0.1504424443678744
0.2474879586104381,0.2065119026433069
0.26875223212131155,0.2269699849678721
0.29485236628990075,0.24515999560774093
0.3846970589086978,0.29024880632788214
0.4069169216513354,0.3019943127818524
0.4542523720813506,0.3186697513451293
0.3769751257227248,0.2872196621746983
0.3702087817685158,0.2849440176296189
0.3885676779181668,0.2947963089878493
0.3644076794625535,0.28001787195050376
0.3566857462765804,0.2788819428930598
0.3837318172604512,0.28987016330873416
0.40304630264186636,0.29934002521762504
0.3972548527523866,0.2955535950261452
0.3508846439706181,0.27168393909905675
0.3644173318790359,0.28305080253387904
0.3885580255016844,0.2940352365193619
0.25136823003638964,0.21636419400153728
0.27166726189901647,0.2334144891537707
0.2716576094825339,0.22697377139806357
0.271657609482534,0.22962427253209944
0.28132933079796535,0.24136977898606965
0.2619955405835851,0.22318355477639235
0.3817916815474754,0.2883518048019507
0.4668005135085569,0.31942703738342526
0.4281715427457264,0.3122252471592308
0.4387892008764394,0.31563303433156253
0.34026698583990506,0.2694120809841689
0.3489445082576423,0.2701655805922734
0.3508846439706181,0.27168393909905675
0.3547649153965695,0.27434201309347556
0.2958176079381474,0.2455386386268889
0.29582726035462975,0.2504647843060041
0.28615553903919855,0.24212706502436565
0.3122363683748226,0.2565230726123717
0.3190027123290316,0.26069193225319104
0.29291223057692495,0.24326299408180957
0.30161871024410963,0.251600713363448
0.3219080896902539,0.26069571868338254
0.31900271232903155,0.25842007413830315
0.3267439503479696,0.26940829455397747
0.30741981255007195,0.25576957300426734
0.27457263926023884,0.23758334879458992
0.47068078493450843,0.3209491823204001
0.46970589086977926,0.3205667528710607
0.5199274138280517,0.33307333179351833
0.47454175152749495,0.32890068572250764
0.4445999555988842,0.31829110832598134
0.4735668574627658,0.3232172540050965
0.5218675495410275,0.33383440426200583
0.5064043783361165,0.3296617581909951
0.4271966486809973,0.3107068886524474
0.4233356820880107,0.3084350305375595
0.4098126465960753,0.30805260108822
0.4011061669288907,0.29744302369169373
0.40787251088309956,0.30312645540910477
0.4117431298925686,0.308431244107368
0.4339629926352062,0.31525439131241456
