0.4699978043348703,0.2976552958924852
0.6382484865593928,0.34276998911367645
0.32806373702205077,0.2580611291935832
0.36206517988770753,0.2658197070086925
0.14469433204730092,0.1620957001784915
0.2514350239954832,0.22687761451362448
0.36077914745459677,0.2633827178231774
0.22132304507386846,0.21339404623095587
0.5566324770239328,0.32595973718093957
0.26156645023681824,0.22822044528931648
0.4938678209591919,0.31644940069959826
0.24519306169819016,0.22423063533026455
0.34067312819547696,0.2622719812556297
0.19365766443963492,0.193489204856295
0.26533044760202,0.22932565580428935
0.22511840908378034,0.21737833013743293
0.46874313854646965,0.2963290432745177
0.2891377309369217,0.24236161382839397
0.3168031115711553,0.25519310790722866
0.2012170258147486,0.2010101624106852
0.1924029986512343,0.1775741734406861
0.10322762774066058,0.14440127983377635
0.14845832941250278,0.17447405794618728
0.30679715190866036,0.2470200761490045
0.31049841598444217,0.25341924503069724
0.4862770929393683,0.29963914876686143
0.21504971613186535,0.20234194108122747
0.5302844954675199,0.3208757688120646
0.49004109030457016,0.30074435928183435
0.43354976318183247,0.296317991169368
0.4749851008437628,0.29941810666386687
0.3770898027038048,0.2695718967070253
0.2803237037734074,0.23086189842010157
0.3004924563219473,0.2439199606545057
0.3783444684922054,0.2938865280364278
0.28537373357171986,0.23197263498764928
0.2865970327154104,0.2397035825398843
