0.556625901294389,0.31793518388798225
0.40689761681837056,0.26866615423644735
0.3914344456134593,0.2686585813760644
0.5083252092161272,0.30201703136300123
0.613604115790388,0.32059704431259245
0.40788216329958205,0.2830621618244535
0.4310576152739839,0.2879883075035687
0.37792106253800645,0.26525079420373265
0.4484416173589058,0.290642595067796
0.3643690697966236,0.2576627881000072
0.5092807984478913,0.30390646002854965
0.4561538981283965,0.2910174516567525
0.46003416955434795,0.2963260267852072
0.47933900251928074,0.29897652791924295
0.48321927394523223,0.29898410077962595
0.37405044352853745,0.25767414739058164
0.4407196841729327,0.2891280229912041
0.31608768255132674,0.23039291786096977
0.32575940386675806,0.24289571035323604
0.29774809123464063,0.22963563182267385
0.26101099410237355,0.20689433209264632
0.34410864759992665,0.24403542584087146
0.24845320025868478,0.19704582716460745
0.3199679539772782,0.24138113827664412
0.3566664414436154,0.2508547866157265
0.3160780301348443,0.23038913143077833
0.2707020202507698,0.21561826725381572
0.2880763699192093,0.22054062650273945
0.3508653391376531,0.24517135489831537
