0.4793679597687282,0.31451225099488456
0.3508653391376531,0.26031707566423457
0.3547263057306397,0.26107436170253046
0.3933745813264351,0.2804003013998432
0.3962896111041399,0.2887380206814817
0.44362506153415504,0.2974619558426511
0.45327747801662144,0.30314160112987076
0.4725919633980368,0.3092036758664299
0.36731305682377585,0.26904101082540394
0.28903195915097346,0.2300029155512474
0.2281638208125404,0.19135860901700483
0.243636644433934,0.20651568907349838
0.24460188608218067,0.21560312153304984
0.27456298684375635,0.22962805896229088
0.31704327178309094,0.24553485219669743
0.4078821632995821,0.2898777361691171
0.2368703004797251,0.2061332596241589
0.2726325035472631,0.22697755782825507
0.34411830001640914,0.25994221907527804
0.2706730630013224,0.22355841136534882
0.2919469889286783,0.2447775661584015
0.3557011997953688,0.2656218643624977
0.37115471858379745,0.26979072400331694
0.28905126398393843,0.23606877671799803
0.3189834074960667,0.24667456768433282
0.32673429793148717,0.25993843264508654
0.38178202913099296,0.2709304394909523
0.3228636789220181,0.25349771488937944
0.34989044507292405,0.260313289234043
0.38276657561220456,0.2762390146194069
0.3209428480420073,0.24857914207064719
0.2146311329041225,0.17696260142899875
0.3875927838534378,0.2800254448108867
