0.2755861429908978,0.2678937224773855
0.2997654462794761,0.283815661432558
0.31810503759616215,0.29290309389210945
0.30458200210422687,0.28759830519384627
0.2823621393615892,0.27320229760584014
0.298790552214747,0.28154001688747865
0.2949295856217604,0.2807827308491827
0.317149448364398,0.291770951264857
0.2910589666122914,0.27774980026580737
0.29975579386299367,0.2838118750023665
0.2910686190287739,0.27775358669599887
0.22052875937490946,0.23645120616733745
0.20893620717946734,0.2303891314307783
0.3673709713226707,0.3137436056660141
0.4262989739481279,0.3368597619849981
0.2659240740919489,0.26334621981741835
0.3886255924170617,0.3239745400433924
0.3268018648468644,0.29707195353292865
0.3982876613160105,0.3277647566650637
0.5093676701962336,0.35846513265758173
0.5576587098580129,0.37021442554174355
0.2360015829963031,0.24895778508979516
0.21280682618893637,0.23607256314818947
0.22731440816208334,0.24668592697490727
0.19925483344755357,0.22166898269980043
0.20216986322525843,0.22394841367507123
0.2021795156417409,0.22963184539248238
0.2234244843196494,0.2383444212630773
0.22343413673613188,0.24137735184645265
0.22053841179139197,0.2375909216549729
0.2359822781633382,0.2470569971336723
0.19636876091929614,0.219779554034252
0.2427582745340296,0.251986929242979
0.48811304910184267,0.35542841564401495
0.5132382892057026,0.36074077720266107
0.48812270151832515,0.35808270320824226
0.3895811816488258,0.3243493966323489
0.3934518006582949,0.32738232721572424
0.40021814461250377,0.33003661477995155
0.3210104149573846,0.2963146674946327
0.35674366077547515,0.3114679611209348
0.3296975897916043,0.2997224546669645
0.3181050375961622,0.29403902294955336
0.25436047914595417,0.25881007644802556
0.2707599347496646,0.26637915040079363
0.28816324166755153,0.2773711572466594
0.27077923958262956,0.26638672326117663
0.27560544782386276,0.2709304394909523
0.2437235161822762,0.25388014433871886
0.2678642098049247,0.2652432213433497
0.24759413519174525,0.2580490039795381
0.24758448277526277,0.25463743037701486
0.2543604791459542,0.26032464852461745
0.2823621393615892,0.27320229760584014
0.26014227661895156,0.2622140771901659
0.2920145558440556,0.28001787195050376
0.24660958871053368,0.25463364394682336
0.3422553836352931,0.3046486003460797
0.3528826941824886,0.3088174599868989
0.33453345044932,0.3016194561928959
0.33840406945878904,0.3023805286613833
0.34805648594125543,0.30806017394860297
0.37510255692512623,0.31753382228768534
0.33454310286580247,0.3016232426230873
0.31038310441018907,0.28911666370062966
0.2852675167228116,0.2766138712083634
0.31520931265142227,0.29138852181551755
0.4021486279089971,0.3304152577990995
0.37703304022161954,0.31942703738342526
0.38089400681460606,0.32207753851746107
0.46977345778515656,0.35050605639509125
0.46397235547919424,0.34936634090745583
0.46591249119217,0.3493701273376473
0.43114448702232605,0.3402751220177129
0.45336434976496365,0.3482341982802034
0.4079400777984769,0.3319298298756914
0.4523798032837521,0.34519748126663663
0.42628932153164545,0.3360986895165107
0.4282294572446212,0.3372384050041461
0.4156813158174149,0.3342092608509623
0.4243781430681171,0.3357276193577457
0.4050540052702194,0.33155497328673494
0.39346145307477726,0.32738611364591574
0.4205075240586481,0.33496654688925825
0.45334504493199873,0.3470906963623765
0.2755957954073803,0.2697907240033169
0.28428297024160004,0.27433444023309267
0.27945676200036684,0.2728198681565007
0.4784606326193763,0.353913843567423
0.43789152614357,0.34367912275985324
0.4707290470169207,0.35201684204149164
0.42147276570689474,0.3353451899084062
0.44464821768129653,0.34443640879814924
0.3683362129709173,0.31450089170431
0.29685041650177124,0.2811575874381392
0.37992876516635943,0.31980568040257323
0.37509290450864374,0.3171513928383459
0.4311251821893611,0.338752977080738
0.3847549734075926,0.323213467574905
0.40408876362197277,0.33117633026758697
0.3895908340653083,0.3251104691008364
0.4098898659279351,0.33345197481266636
0.30940821034546,0.28835559123214216
0.3123135877066824,0.2906312357772216
0.35481317747898183,0.3103320320634908
0.3606046273684617,0.31260389017837875
0.3702763486838931,0.3167765362493894
0.3277767589115936,0.2982116690205641
0.5170992557986892,0.36111942022180904
0.5238559473364157,0.36604177947073274
0.5422051910695843,0.3664242089200722
0.5122730475574561,0.3592262051260692
0.5537977432650264,0.3664279953502637
0.23794171870927885,0.2512334296348745
0.1828553778438432,0.21372126572788439
0.22439937838437854,0.24175599486560062
0.2659433789249139,0.2644897217352452
0.1828264205943958,0.20500111699690646
0.16543276609299135,0.19514882563867603
0.18862752290035809,0.2140923358866494
0.17316435169544697,0.20234682943267915
0.16929373268597792,0.19931389884930378
0.19055800619685134,0.21447097890579736
