0.18992503371914307,0.20764142550052225
0.17985634076722815,0.1985731732251701
0.15720962328659704,0.17999458446847663
0.17107368024842387,0.19547858378324612
0.2100310529782629,0.21538342515790698
0.18114237320033877,0.19857869927774496
0.22009974593017784,0.22268334060930256
0.21128571876666352,0.21803593039384178
0.2188137134970672,0.2226778145567277
0.21257175119977414,0.21804145644641665
0.1723597126815345,0.19548410983582098
0.22383237665066968,0.22665657241062992
0.6119318716476899,0.3418913467542731
0.5189925033719143,0.3195495161940971
0.5252658323139173,0.32220202143003196
0.5290611963238293,0.3266283895424982
0.552931212948151,0.3372439365388123
0.45748251309557414,0.30760771657981556
0.461277877105486,0.3120340846922818
0.5503905147266398,0.33480694735329714
0.5052225463442176,0.3188919159376883
0.5051911796995076,0.3173390951641514
0.33060443524356203,0.2739816866617669
0.31429377999435404,0.2646979183359951
0.20375772403625986,0.21494134095191783
0.18619240299865125,0.20455236211117314
0.22891377309369218,0.231088466575671
0.1924657319406543,0.20919424627405908
0.19626109595056615,0.2136206143865253
0.21636711520968602,0.22136261404391003
0.22762774066058156,0.23108294052309614
0.19497506351745553,0.21361508833395043
0.2251184090837803,0.2266620984632048
0.2150810827765754,0.22135708799133516
0.16106772058592894,0.1945999414238427
0.1911796995075437,0.20918872022148416
0.15855838900912772,0.19017909936395133
0.18245977227815938,0.20234746713380233
0.08566230670305197,0.12494957477025437
0.13343370659640538,0.17337437348378934
0.12461967943289108,0.16076944756052408
0.10579969260688185,0.1464017108658772
0.07060631724224462,0.11809726957742278
0.13719770396160724,0.17470062610175677
0.10197296195225998,0.13555959571399362
0.0869483391361626,0.13512303756057936
0.05050029798312475,0.11322881725896741
0.11583701891408676,0.15082255292576854
0.10325899438537062,0.13556512176656849
0.3143251466390641,0.269787412757445
0.2615350835921082,0.24258265593138856
0.2527210564285938,0.2416929614668354
0.34067312819547696,0.2830499389371191
0.3883817947994103,0.29786528589033
0.23267777045889404,0.23993015069545376
0.36328847903139805,0.2874763070495853
0.3193438097926665,0.2719978337873907
0.3205671089363571,0.27265543404379955
0.2740817414761143,0.252087466360155
0.275399140553935,0.2520985184653047
0.2778771054860262,0.2565138344726212
0.45870581223926477,0.31202303258713204
0.3180891440042659,0.2708926232724178
0.29798312474514604,0.2642558341300059
0.26780841253411125,0.24744558219726903
0.4197798061541357,0.3036179066207636
