0.1271603776544023,0.17934251026464268
0.27536777390922496,0.2560717502666321
0.45625921395188357,0.3188863898851134
0.43486716225965305,0.31312824310210485
0.43238919732756187,0.31026022181575036
0.4361531946927637,0.3131337691546797
0.4549731815187729,0.31888086383253855
0.16988174774944326,0.20587861472914054
0.10579969260688184,0.1689480053713231
0.3382265299080958,0.27996640160034486
0.29550515981305486,0.26182989704964055
0.31557981242746463,0.2722188758903852
0.06681095323233274,0.13577511176441334
0.39845048775132524,0.30229165400279623
0.48006649728678524,0.3286067163642995
0.2715724098993131,0.2516453821541659
0.23267777045889404,0.2372776454595189
0.5278065305354287,0.3416592525461288
0.1485210627019228,0.195484109835821
0.1660863837395314,0.20145224661667432
0.10708572503999247,0.16895353142389796
0.3582698158777956,0.28681318074060164
0.2728898089771337,0.2534247710832721
0.1171544179919074,0.17802178369925012
0.21131708541137356,0.22953564580213418
0.13722907060631725,0.18841076253999484
0.1724224459709545,0.2074314355026774
0.27417584141024437,0.25343029713584697
0.2967598256014555,0.26647178121252646
0.3746432044164235,0.2914661170086372
0.33694049747498517,0.27996087554777
0.2954737931683448,0.2618243709970657
0.17113641353784387,0.20742590945010253
0.13851510303942788,0.1884162885925697
0.14604309776983154,0.19305817275545561
0.14475706533672095,0.19305264670288075
0.35328251936890315,0.28372411735125247
0.45870581223926477,0.32086471670691474
0.5001725165459051,0.3343593370947332
0.4800664972867852,0.32661733743734844
0.4436498227784574,0.3177701272649908
0.6596405382516233,0.3750531882560332
0.2678397791788213,0.2487773608678113
0.3105297826291522,0.2669083393659407
0.11586838555879678,0.17801625764667525
0.4198425394435557,0.307386674476821
0.3997365201844359,0.30229718005537104
0.22511840908378034,0.23329336155304187
0.22135441171857848,0.2308618984201016
0.20131112574887866,0.22246782455888287
0.2967598256014554,0.26448240228557535
0.14977572849032342,0.19703140455678295
0.17740974247984692,0.21052049889202648
0.34823248957059066,0.28018191765076456
0.3620651798877074,0.28770287520515475
0.2766538063423356,0.25872978155514176
0.6609265706847339,0.37505871430860804
0.6923245820394592,0.38191654555401444
0.6131865374360904,0.3620061781267788
0.20005645996047802,0.22092052983792093
0.2301684388820928,0.23550930863556238
0.13471973902951603,0.18398992048010349
0.16740378281735205,0.20345267764877517
0.06809698566544337,0.1357806378169882
0.07816567861735829,0.14484889009234034
0.08196104262727016,0.14927525820480655
0.3545371851573038,0.2837241173512525
0.3105611492738622,0.26691386541851564
0.31683447821586525,0.2742082548173363
0.4813525297198959,0.32861224241687437
0.07189234967535524,0.1402070059294544
0.04673630061792291,0.11278673305297826
0.06433298830024153,0.12738103790319463
0.0706063172422446,0.14020147987687953
0.1924657319406543,0.2173728040848581
0.17866440826824753,0.21206779361298847
0.2075217214014617,0.22510927768966796
0.15855838900912772,0.1983576571747504
0.15981305479752833,0.19990495189571234
0.4072331482701295,0.30627041185669845
0.42228913773093696,0.3100281276076061
0.3770898027038048,0.2945496543454115
0.35698378344468495,0.28680765468802677
0.1334337065964054,0.18398439442752862
0.16611775038424142,0.2034471515962003
0.18998776700856312,0.2136206143865253
0.41855650701044506,0.30738114842424613
0.46375584203757725,0.32352274799542446
0.2226404441516891,0.23086742447267647
0.2540070888617045,0.24832975060924734
0.24271509676609893,0.24125640331342116
0.24146043097769831,0.23860389807748633
0.5014585489790158,0.33436486314730807
0.5403845550641448,0.34365415752565476
0.4599918446723754,0.3208702427594896
0.5479125497945485,0.3474118732765624
0.5265518647470281,0.33966987361917766
0.17995044070135816,0.21207331966556334
0.06053762429032966,0.11875486983383163
0.08823437156927322,0.15679068970662188
0.06179229007873028,0.12118633296677184
0.3858724632226091,0.2985284121993137
0.11207302154888492,0.173589889534209
0.1321790408080048,0.18133188919159374
0.1409617013268091,0.1886262785904145
0.11335905398199556,0.17359541558678387
0.2904864966594524,0.25917739181370575
0.3331765001097833,0.27598211769386777
0.6847652206643455,0.38058476688347226
0.5114645086415107,0.3383380949486354
0.1987704275273674,0.22091500378534606
0.5868071892349674,0.35846397842629085
0.0945077005112763,0.1614325738695078
0.08443900755936137,0.15236432159415567
0.6533672093096202,0.37372693563806575
0.6282738935416079,0.37019026199015265
0.6973118785483516,0.386331861561331
0.6056585427056869,0.3589115886848549
0.1271917442991123,0.1808953310381795
0.09830306452118817,0.165858941981974
0.536620557698943,0.34166477859870364
0.5617138734669553,0.3513906311304646
0.6546532417427309,0.3737324616906406
0.5466578840061479,0.3438751996286493
0.5805652269376745,0.3553749150369418
0.6873059188858568,0.38059029293604707
0.6646905680499356,0.3761639248235809
0.618236567234403,0.3666535883422396
