0.33762234140724645,0.13081132326145328
0.47690354001559143,0.16345949920226724
0.27973863770966423,0.09730386873820716
0.3233531944432967,0.12318169178257662
0.35344511750008956,0.13160547276427112
0.35730439836813854,0.13245451340190292
0.520099388189664,0.1709569036863768
0.5640748055897593,0.1727323208215935
0.4417926235672317,0.15616015957333287
0.5108437252941291,0.16361393466190882
0.42482390825875094,0.15194842658932872
0.4151743287578405,0.1485854192292702
0.47111875070588205,0.15838777885503713
0.43138000280975486,0.15425275170361374
0.44719726957944583,0.15632569926541173
0.5193280829483694,0.16549929157359658
0.5822059880833341,0.1739783574572127
0.30831274223805233,0.12240990825147638
0.41054374264849697,0.14566358853668349
0.45336771150980254,0.15791336824367508
0.36272006302665694,0.14216843293527945
0.3847050170651285,0.14548718087243204
0.33146016346161794,0.12684238707605952
0.2886279306155842,0.11320316075282287
0.2832287939265222,0.10837400094393851
0.29904881535778927,0.11903587541240214
