0.3421588594704684,0.219037413716722
0.34312410111871505,0.22433841598479368
0.3112228646441637,0.19667854343603391
0.30833679211590626,0.19441047175133755
0.30834644453238874,0.194792901200677
0.32864547639501546,0.21070726729546646
0.40011196803119664,0.24858671493103016
0.35469734848119233,0.23001427484182185
0.42040134747734104,0.25768172025096453
0.38560438605804964,0.24478892544897596
0.4020424513276899,0.25313043116080586
0.37691721122382993,0.23683742204686842
0.4213569367091052,0.2607070779739569
0.2918890744297835,0.18379332149442823
0.2899682435497727,0.179253391694844
0.25518093454696383,0.16106338105497517
0.2648430034459127,0.17431967315534586
0.2532311464175056,0.15499751988822458
0.35083638188820576,0.22812105974608196
0.36531500661190536,0.23115020389926574
0.3682107315566453,0.23115020389926577
0.42235113560679916,0.2641262244368632
0.41073927857839215,0.25464878966758925
0.3692049304543393,0.2311615631898402
0.44455169351647184,0.26564079651345507
0.6222816382081254,0.31832139976751317
0.47642397274157583,0.2804154471206092
0.4629105896661229,0.27549308787168547
0.5257092113010492,0.29482660042938114
0.4890010714182296,0.28913559585158705
0.5237787280045559,0.29217609929534527
0.3798418934180173,0.24366435568210645
0.3063773515699656,0.19364182642246716
0.29189872684626594,0.1894767532118394
0.32282506925608834,0.20198711856448856
0.32474590013609916,0.2103134785555526
0.31991969189486597,0.1970609728853734
0.47449348944508263,0.2789008750440172
0.47737956197334,0.28079030370956565
0.5150625959208888,0.2921647400047709
0.412660109458403,0.2576741473905816
0.484145905927549,0.28609509240782877
0.46484107296261623,0.27738630296742534
0.45807472900840723,0.273974729364902
0.44549763033175366,0.27358472705517956
0.5353616277835156,0.30504996194637657
0.47352824779683594,0.27852223202486925
