0.3184757032525208,0.1265086644586503
0.3269620762996305,0.12655276670835508
0.38578020223147097,0.1478546977879727
0.3840984730181386,0.1477686711774375
0.43329965164180584,0.16436581781632884
0.37052451579624224,0.14014551564513697
0.389758410412589,0.152996148947998
0.3795761759738837,0.14563434008061454
0.34674005977911404,0.13064665331983769
0.3088587559443475,0.11901618225880833
0.5565887748108055,0.20126361112487418
0.6493453268419527,0.21551081566838592
0.5927954155213714,0.20980311340104024
0.6131528183096501,0.21206866230254032
0.5447177450696362,0.19425080894959873
0.31791041612198895,0.123808082254507
0.5520735438556821,0.19612433785372319
0.5204174645458978,0.19294462009723184
0.4525194140798892,0.1687215955649471
0.5413260222864451,0.19372811561976455
0.4412207375583836,0.16663136671782888
0.33261494760494903,0.1270319022607031
0.34732654517704087,0.1362236822547248
0.3886207700623936,0.1482913645072717
0.3348760961270766,0.12920979113501224
0.5667780753386423,0.20435730227083032
0.3914472057150529,0.15325695114069654
0.5039888073148154,0.18431745779387482
0.2681298181895266,0.09240020232587642
0.2726591813229132,0.10773308447323128
0.36032814917927375,0.1377482044667412
0.296973594024915,0.11226363780401287
0.4666727906105808,0.18126786889762345
0.4553529158216802,0.17238099334600504
0.45422234156061647,0.17033377780415443
0.4859066852269274,0.1826628067216184
0.40615173719801306,0.16266597554993056
0.5096416786201341,0.1845788044587919
0.5701839303000967,0.20788657119164822
0.6719497459740957,0.2189077778400896
0.4966542067961645,0.18410075785088104
0.39370128814804867,0.1596593999589468
0.4644045759993216,0.17416740669515707
0.4310314370305467,0.16331988668444186
