0.0294161290550519,0.011239540008090857
0.009051660177641481,0.00047968002456658646
0.011878095830300802,0.004922573328157217
0.052048812543721415,0.017469935605270707
0.16064753640802423,0.06660800885965193
0.03846778923269338,0.01542163111898297
0.2545558609676302,0.09710389782216558
0.8552370319599207,0.29488288674814517
0.9349778478105718,0.3015063912871378
0.912352230411034,0.30141818678772825
0.2047681969460363,0.07131442671703397
0.8128263649917676,0.28721562896613984
0.7964189060280803,0.28529799781231063
0.8416560086488927,0.29270390892939885
0.793592470375421,0.28451395781755934
0.8320461274298511,0.2914407333822996
0.8218709590802774,0.28904505562055954
0.8671080617010899,0.2967994289575372
0.9519364617265278,0.3030744712766404
0.8354378502130422,0.2915278489372719
0.8128263649917676,0.28734630229859837
0.8382642858657015,0.2923118889320232
0.23700369556461584,0.09305084662707626
0.33886137039732617,0.13914314229073618
0.07184092820146834,0.0272274222343942
0.378989690575957,0.1485075199780469
0.9417612933769541,0.3030309134991542
0.8314808402993191,0.2907873667200068
0.668042198684294,0.2529302133623283
0.38467789232693383,0.15565371784687365
0.7749379950678694,0.2796354867391069
0.2811243561026279,0.1070786288665014
0.7805908663731881,0.27985327562653783
0.22964083068943827,0.08089713776399415
0.5888596038750432,0.22805545558440654
0.8524035302181298,0.2942289756136338
0.41466637460164935,0.1641061045680674
0.7121487270440428,0.2638643044557973
0.4271026914733503,0.17582314671185054
0.29979296358844276,0.11452809776107577
0.8885960387504324,0.299239208968982
0.8529688173486616,0.2948823422759266
0.8133916521222996,0.2878689956284326
0.8218709590802775,0.2891757289530181
0.7602263974957778,0.2754964089334824
0.15387115693077355,0.06151229336598714
0.7313826216603894,0.2702683866907033
0.832046127429851,0.291310060049841
0.8501353156068706,0.29340083336917777
0.7715321401064149,0.27815343336013953
0.7059305686081921,0.26172997335897435
0.8071593615081856,0.28643050002695136
0.828089117516128,0.2895677489503937
0.20363762268497257,0.07118375338457543
0.8303502660382555,0.2895677489503937
0.7313826216603894,0.2697892511383553
0.8620204775263031,0.29536202230049313
0.8405254343878289,0.2926167933744265
0.8869001773588367,0.2988036311941202
0.6250662445856091,0.23951332895214686
0.8461853717822793,0.2932271467314516
0.1074822817815024,0.04260549557589099
0.2613251743557493,0.09980339108187172
0.28454434324234573,0.10917158007471245
0.44124900191491023,0.17726164231333175
0.7302520473993256,0.26974569336086907
0.22965496286770162,0.0826840955853648
0.8032023515944627,0.2859078066971172
0.8303502660382555,0.289872653392797
0.5283597487298705,0.21172020008265088
0.8190445234276181,0.28821745784832203
0.40220179337342166,0.1629278666870662
0.7330784830519849,0.2712702155728855
0.7449565788822855,0.27331797558695464
0.7624875460179051,0.27806631780516716
0.6329802644130552,0.24099429338667705
0.06675334402668155,0.023132991150693033
0.27378975558397695,0.10063316674298353
0.7517470905377998,0.27427679116386927
0.6657810501621666,0.25062165115556057
0.8196098105581501,0.2888708245106148
0.3037499735021658,0.11487655998096524
0.6742603571201445,0.253583580024621
0.09503889882066971,0.036245515590689746
0.6188339539714952,0.2385539689030137
0.823566820471873,0.28926284450799045
0.8167833749054908,0.2880867845158635
0.3342896107291498,0.12842411772360518
0.511916959320525,0.19716809109673586
0.7517400244486679,0.27410201558170594
0.2149433652956098,0.07702049556772392
0.5730174320418877,0.2247875333285057
0.3235491552490444,0.1221953555430811
0.41521046346478624,0.16619524447074846
0.6454307134630195,0.2460916422969976
0.46725220991937605,0.18810752890739124
0.7913313218532935,0.2835992444903495
0.3292020265543631,0.12363276220012512
0.651083584768338,0.2504474200456158
0.7172504433970927,0.26425741339761005
0.7065099879169874,0.26360404673531734
0.9411960062464223,0.30237754683686147
0.29583595367471965,0.10969318446010952
0.6013100529250075,0.2350257889266329
0.4944001243631688,0.19115766227586117
0.2172186459960006,0.07832831783674653
0.4791373718388085,0.18954602450887242
0.6884066675617044,0.26085881780925063
0.785113163417443,0.2820747222783331
0.21778393312653246,0.07854610672417746
0.7811561535037199,0.28085510450872003
0.7619222588873733,0.2759319867083442
0.09106775672868336,0.033108266667247435
0.6816232219953221,0.2551527489585607
0.7930271832448891,0.28399126448772516
0.8218709590802775,0.2891757289530181
0.7534429519293954,0.2744945800513002
0.3054740992502879,0.12023634450064001
0.3942736413677122,0.15591397556735365
0.789070173331166,0.2824667422757087
0.5142134382883107,0.2087571822691533
0.8744567943980041,0.29732212228737137
0.5424919269931672,0.2206931022448045
0.1527264504914465,0.05349657336409239
0.5996141915334119,0.2325865533874067
0.24381540548752478,0.09435975784053606
0.8015064902028671,0.2855157866997416
0.23474254704248843,0.0829018844727957
0.39994771094042586,0.15744013119602573
0.6341108386741189,0.24230102671126255
0.7817214406342518,0.28185693339090223
0.6233562510157502,0.23898954667787553
0.2698327456702539,0.10011047341314933
0.2426848312264611,0.0937935067332157
0.4491630217423563,0.18105116895462964
0.7195115919192202,0.26504145339236135
0.6352414129351827,0.24338997114841712
0.8150875135138951,0.28791255340591876
0.7811490874145882,0.2799834044867778
0.35696469075260917,0.1476379978449789
