0.9467771836890978,0.25213065413143215
0.8102231000410444,0.23855734442202517
0.8599860614124251,0.2436845859314416
0.9344335451668084,0.2513698173259261
0.7049151426501497,0.2287439593172426
0.7720352266122343,0.23519433706196669
0.6979706408169225,0.22781774032650076
0.9267177380922866,0.2505759040833729
0.9409896397178124,0.2518549384026177
0.7623911564344762,0.2333089013968574
0.8950859592144805,0.24794057833835173
0.8765718787618345,0.2458346330929281
0.8885298646634766,0.24745545726166016
0.9375187661319868,0.2514690466370676
0.827197324672677,0.24099413279134185
0.8665394013018529,0.2445775709782932
0.9363618082700449,0.2514359702000204
0.7812908895077693,0.236274834005507
0.8001961319042149,0.23709095571293473
0.8653851981014871,0.24451149685762044
0.8163962966329771,0.23886613658788683
0.7569892650838379,0.23324266976934155
0.7292167670740809,0.23018845457514467
0.7427201181198884,0.23266934486052426
0.8754149208998926,0.24554797063851946
0.808292082276232,0.23854624018958792
0.804438310731335,0.23808324882434934
0.7199611041785461,0.22968128254042167
0.8202500681778739,0.23934015343214116
0.8503419912346667,0.24281349433577837
0.874643615658598,0.24525028270509508
0.803281352869393,0.2376422296637206
0.8526531522969744,0.24294572133054543
0.8449400998840287,0.24196445369814656
0.8256519595285119,0.24051995844024449
0.8387696579536719,0.2419203517820837
0.8927720434905968,0.24791852738032027
0.816393541971401,0.23886605783446527
0.8781144892444237,0.2467607733302484
0.7087716688566226,0.22924010587294988
0.6925715041278604,0.2270900587114634
0.9186190330586935,0.2505207766882943
0.8214097807013919,0.23969304751406567
0.9112861239432428,0.24934089292676942
0.7974938088981076,0.23693652025329315
0.7415604055963703,0.23094929138065073
0.8538101101589163,0.24355212267640988
0.7917090195883985,0.2364183227395544
0.9143740995699973,0.24981506727786681
0.9070439451161226,0.2489550011612193
0.900873503185766,0.24824937050421336
0.8376099454301541,0.24158950865819062
0.928646001195523,0.2510941015971116
0.8638425876188979,0.24435714015140042
0.8622999771363088,0.24408150317600744
0.8603689593714962,0.2437727110101458
0.7469650516085844,0.23311044277457452
0.9024161136683552,0.24853603295862203
0.7963368510361658,0.23668293423593162
0.8295084857349848,0.24113738526512465
0.8487966260905015,0.24264803339712107
0.7643194195377125,0.23404760849091047
0.8696273769286075,0.2452502039516735
0.7986507667600495,0.23699164764837174
0.9093606155015824,0.24908738566282945
0.738475184631192,0.23085006206950928
0.7415604055963703,0.230861087548525
0.8217954333220391,0.2397702258671757
0.8688588263488888,0.24474311067037205
0.8997165453238241,0.24807296283996186
0.7971081562774606,0.23673806163101024
0.877343184003129,0.2459007859670224
0.8040526581106876,0.23803914690828645
0.8198671702188027,0.23902049329410682
