0.1876429764191465,0.19931768527949534
0.39634752560303477,0.3092074622966213
0.5392708564589145,0.33498169261002414
0.40018918736305636,0.3095785324553863
0.4021196706595497,0.3114717475511262
0.47067113251802595,0.32548911211998444
0.3035974556230152,0.27547415572072803
0.2417640756363355,0.2406162793779652
0.23790310904334894,0.23948035032052123
0.23403249003388,0.23228234652651822
0.23597262574685565,0.23380070503330158
0.31811469001264464,0.28874180711167313
0.4456038069130607,0.32171404121907904
0.3857105626393568,0.3084426033979424
0.3750735996756788,0.3050272433652277
0.35382863099777023,0.2982078825903726
0.31712049111495066,0.28267215951473107
0.24658063146108625,0.24326299408180957
0.2340421424503624,0.23304341899500566
0.3171397959479155,0.282679732375114
0.17891719191899688,0.17734124444814672
0.34611635022827963,0.2902601656184566
0.34803718110829046,0.29442145239889284
0.3036167604559802,0.2762390146194069
0.4562021602108089,0.323221040435288
0.34707193946004383,0.291392308245709
0.4842327776758912,0.3281585454049777
0.4301406357081496,0.32094918232040015
0.30456269727126195,0.27963922893135573
0.18281676817791334,0.18985160980079588
0.29393538672406644,0.2724412251373527
0.3364639337458133,0.2898815225993086
0.2900840725475623,0.2667653662803246
0.3779886294533837,0.3050348162256107
0.17893649675196183,0.18795082184467302
0.20117566432756437,0.21447097890579736
0.2359726257468557,0.23493663409074556
0.4233742917539407,0.31715896569872887
0.24659993629405122,0.24667835411452435
0.2514454493682493,0.24857914207064719
0.26593372650843145,0.25918493303698203
0.21953456047721548,0.22886698649380346
0.29490062837231307,0.2728198681565007
0.2823331821121418,0.2663753639706022
0.26496848486018476,0.25426257378805833
0.2185693188289688,0.22318734120658382
0.2765610370556269,0.26373243569694926
0.2582117933224583,0.25388393076891036
0.23113676508914002,0.23114641746907424
0.22050945454194454,0.23114263103888283
0.21955386531018037,0.22963184539248238
0.2446791054140404,0.2417597812957921
0.19153290026158049,0.20841647702962118
0.40215828032547946,0.31678789553996384
0.2079420082817733,0.22318355477639235
0.26688931574019553,0.25955978962593856
0.27558614299089784,0.260320862094426
0.26979469310141796,0.25956357605613
0.3654404880261774,0.30238431509157476
