0.024985127900059485,0.06540289788671896
0.04937537180249851,0.1261668862035393
0.24449732302201072,0.3980871656835232
0.2082093991671624,0.3808487486398258
0.24509220701963114,0.41074394364583927
0.28138013087447944,0.45089055609644346
0.31766805472932774,0.4589656949773781
0.32956573468173705,0.4841647099249756
0.3170731707317073,0.45547219517782483
0.2688875669244497,0.4221980413492927
0.19571683521713268,0.3704827902182006
0.1719214753123141,0.3590286925147471
0.1356335514574658,0.31544585075310694
0.1963117192147531,0.37855792909913516
0.18441403926234384,0.3648130118549911
0.2325996430696014,0.39579634614283254
0.07555026769779893,0.2581180917473226
0.13563355145746578,0.31086421167172557
0.20880428316478283,0.3935055266021419
0.0511600237953599,0.21338984021533705
0.12373587150505651,0.29711929442758145
0.09994051160023795,0.2879560162648187
0.14872099940511602,0.33388694805566693
0.31647828673408684,0.45312410514861684
0.4015466983938132,0.4888036194948742
0.544913741820345,0.5152053147013345
0.5092207019631172,0.5106236756199531
0.4729327781082689,0.5025485367390183
0.14812611540749554,0.3258118091747323
