0.47373043505536216,0.2930078856770244
0.9183839904645401,0.42218489066704984
0.9510053009629561,0.42262697487303896
0.4736677017659421,0.27730284425926033
0.29782629152159595,0.21559894120832668
0.8819673159562122,0.41665331203961076
0.5302844954675198,0.3219809793270374
3.136664471001537e-05,0.022330778455026224
0.2137009504093347,0.16850592116533394
0.820394592390452,0.4018269129812501
0.6948652802609705,0.37219621907482836
0.8606066309086918,0.4153215333690685
0.19117969950754368,0.16321196279861408
0.31551707913804466,0.2266731505683545
0.5754838304946521,0.33215444211736245
0.03528747529876729,0.0731925663540763
0.373325805338603,0.24569934958361198
0.025250148991562374,0.06788755588220667
0.40600984912643895,0.2724564961511044
0.0063360622314231054,0.03692508330524257
0.8091339669395565,0.3971905548709391
0.38966782723252097,0.24636800194517056
0.8355133151406795,0.40692193345527494
0.23634766788996583,0.18531617309807083
0.6621185031837145,0.35692220975790373
0.012640757818136197,0.048645840816529534
0.7689219284213168,0.3909903238819415
0.3909224930209216,0.26581970700869256
0.010131426241334965,0.04356187244765447
0.0013173990778206455,0.022336304507601087
0.025218782346852358,0.06235597725476761
0.15717825664188706,0.1410856482888578
0.11944418305573853,0.11962798614066014
0.049151532260594086,0.09552887086167738
0.6232238637432955,0.33260757842850125
0.6483485461560177,0.3549383568835275
0.8015746055644428,0.3951956498914131
0.7224365609610739,0.37970612452406877
0.13456290580596597,0.12450196451169035
0.26523634766789,0.20057360425727094
0.0025720648662212603,0.03405153596631319
0.9170979580314295,0.422179364614475
0.824189956400364,0.40293764954879785
0.7249772591825853,0.3865639557694752
0.0994008970860387,0.10438160708660982
0.5064144788431982,0.2954504009151144
0.04789686647219346,0.0822663446820033
0.8279539537655658,0.40492702847574896
0.8128352310153384,0.3985057553837567
0.8493146388130863,0.4080271439702478
0.3557291176562843,0.2412729814711458
0.060506257645619656,0.10349743867463157
0.0189768200495593,0.0497621034366521
0.6885605846742574,0.36732776675637296
0.8920046422634171,0.41864269096656187
0.44986041843104047,0.27332961245793297
0.804052570496534,0.39673741855980027
0.16724694959380196,0.16186913202292208
0.503936513911107,0.29302446383474906
0.10313352780653054,0.11631235459574163
0.6232238637432954,0.341449262548284
0.14334556632477027,0.13024905918954913
0.6333239233399205,0.3445549040953577
0.11947554970044855,0.121180806914197
0.3532197860794831,0.22801045529147165
0.2576769862927763,0.19459994142384274
0.8003199397760422,0.3916589762435
