0.0015618931136215262,0.013054718428560529
0.9332765873048666,0.25213057537801065
0.043250941405593615,0.03672752442320798
0.028585123174692372,0.029880386940761124
0.9197759909206354,0.25210844566655766
0.9105175733635243,0.25144683817219304
0.011608143881483441,0.026594557933812633
0.03282730200181257,0.03380545747035662
0.1767721426584137,0.10354436861452491
0.0034956655400100816,0.0163514941611032
1.3773307880260371e-05,0.008589241920351784
0.8985568328003063,0.25069694809228116
0.0065836411667644585,0.01887640760912409
0.010057269414166122,0.021478499410255
0.11926582759675063,0.07195511117974909
0.863842587618898,0.24630864993718243
0.07645012272017324,0.06288090568954881
0.8653851981014871,0.24706940798926694
0.91398844694935,0.2518327299377432
8.263984728156224e-06,0.0057445108274535375
0.00040218059010360284,0.010783390997901144
0.8777315912853526,0.2471026419331572
1.1018646304208297e-05,0.007288156643075555
0.14203861484597313,0.0839954855388636
0.8800455070092362,0.24839262297799616
0.059850532062883426,0.05091778843696588
0.048267180135584446,0.039009877332883074
5.509323152104149e-06,0.003848049683328555
0.0965068136554084,0.06713681934303738
0.0501954432388209,0.04241675034873984
0.8526559069585505,0.24622036735163516
0.8927720434905968,0.24953927279563082
0.8422405315394974,0.24522799548679902
0.7801366863074034,0.23762002119884615
0.0034901562168579785,0.013517788547220671
0.797879461518755,0.23960468617509686
0.8487993807520774,0.24577934819100647
0.7762774054393545,0.23727815259593732
0.07026039815878421,0.05160128938251885
0.8403122684362611,0.24520594452876757
0.12737555127664796,0.07950787931920188
0.7072290583740333,0.2303095773374745
0.7600744860490163,0.2358667337750824
0.20262739621123846,0.11361110347640442
0.8271973246726771,0.24326538146857973
0.7184157390343807,0.2316437390517979
0.2184446629809295,0.11788914684134597
0.79942482666292,0.24020014079536717
0.15515355860955704,0.08854908712577654
0.6860154095768562,0.2279610715537051
0.7284427071712103,0.2328455162645111
0.13701686679283018,0.08042299407750643
0.02125221405924175,0.026848222704595682
0.7708782687502923,0.2358889422399569
0.2523986215673473,0.12940021945428454
0.7419460582170175,0.23468692876697902
0.6636392935945854,0.22470831898380375
0.6798422129849235,0.22702382708394755
0.7010586164436766,0.22991266009290867
0.6829274339501019,0.22758612651374915
0.2211442313254605,0.11913502597012204
0.2288627930615584,0.12035901164770983
0.8939290013525388,0.2502779798896839
0.6142619848438521,0.21581036365101183
0.32492886086479844,0.14801201556703142
0.7820649494106399,0.23780745434211334
0.6597827673881125,0.224112943116955
0.6786852551229817,0.22661588436036598
0.7022155743056185,0.23016624611027017
0.6215921392977265,0.2174752897358068
0.6686555323245761,0.22542505387324693
0.6898719357833293,0.22851234550449098
0.562573515030811,0.20703376734081444
0.44375394260938067,0.18185047072101365
0.46072816724101356,0.18540083247091785
0.12197090526443377,0.07486599514674164
0.7114739918627295,0.2310814396219963
0.428322328460337,0.17603988577288734
0.5077943149294394,0.19418861176697408
0.025497147547938,0.029196728488365086
0.6813848234675128,0.22720023474819903
0.8160106440123295,0.2425376211001208
0.02974208103663424,0.031082164153474357
0.5776167218976311,0.2098784196802911
0.6312389641370609,0.21920644744811757
0.06293299836648569,0.051094117347795835
0.5290107183881925,0.20031893560655617
0.14126730960467856,0.08215423054323873
0.8291255877759135,0.24333153434267404
0.3503929524738238,0.15580734424483
0.6397233217913013,0.22093744765358522
0.8298968930172081,0.24403716499967998
0.6416543395561137,0.2210257302391325
0.059459370119084025,0.04834869431946058
0.6609397252500544,0.22424524886514363
0.6879436726800927,0.22800517346976795
0.6358667955848283,0.220242842475595
0.7087716688566225,0.23073957101908749
0.2585745728208561,0.13321519270056592
0.4213778266271099,0.17440803612513964
0.6597827673881124,0.22401371380581353
0.567972651719873,0.20773939799782037
0.6690411849452236,0.22554633414241984
0.6620994377735722,0.2243996843247852
0.6231375044418918,0.21805971887706138
0.8028957002487457,0.24057500708190152
0.5290107183881925,0.19859896088010423
0.7245861809647374,0.23176501932097077
0.28943229179579144,0.13793425522613617
0.6914145462659185,0.22874388056382106
0.7496591106299633,0.2357343492734722
0.6732833637723437,0.22618581192533146
0.37932791766867485,0.1633711378632985
0.648596086727765,0.22240391511609722
0.07450533164748047,0.05574694824585023
0.6721264059104018,0.22616376096730004
0.6030780588450805,0.21442115329503145
0.6748259742549328,0.22641734698466154
0.13740251941347748,0.08048914695160073
0.6740546690136383,0.2263401686315515
0.6555378338994163,0.22330800439538606
0.35232121557706025,0.15651297490183594
0.5976761674944424,0.21321929732889666
0.3318761173596019,0.15049290585241099
0.7458025844234903,0.2352382027177649
0.4321788546668098,0.17846549115634525
0.7126309497246714,0.23150040782459355
0.6613281325322776,0.22433353145069088
0.8133055663446466,0.24180978197824035
0.7523586789744944,0.2357453747524879
0.6701981428071653,0.225656588932577
0.010831329317036753,0.023011119746861305
0.29484244713115765,0.14355756453783838
0.6755972794962274,0.2265717036908816
0.6659559639800452,0.2250942895027754
0.37508298417997865,0.16298516734432686
0.6455081111010107,0.22170923118468547
0.03746064277273215,0.03526097820727444
0.38202748601320585,0.16360267292262856
0.6574688516642286,0.223682949435342
0.2018505816467918,0.11133969729232349
0.3017841943028089,0.14441755190106437
0.8044355560697588,0.24141286473367451
0.5992187779770315,0.2141233866081855
0.5436710272959416,0.20283290232898288
0.7866927808584073,0.23899820607581085
0.6057776271896116,0.21520396230514735
0.4904344376771592,0.19077055576525853
0.4422113321267915,0.1808802285676305
0.7890094512438672,0.23924084536757817
0.1763809807146143,0.09766763079230432
0.7299880723153754,0.23342994540576567
0.808677734896879,0.24166645075103602
0.5448279851578834,0.203218794094533
0.08801970133959197,0.06424806508749782
0.6466678236245286,0.2218195647282642
0.5170554871481264,0.19811383980341266
0.6293079463722484,0.2191512412996174
0.5251541921817197,0.19854383348502563
0.6825417813294546,0.22726638762229334
0.30911710341825954,0.14795688817195282
0.653995223416827,0.22313159673113458
0.6424256447974084,0.2213344436515726
0.5004614058139889,0.19370333318343938
0.1435839799901383,0.0865865518609788
0.33688960142801655,0.15214672770476864
0.6705837954278128,0.22577786920174991
0.5857181815928004,0.21085976606611156
0.1594040014214054,0.09085364850032615
0.6929571567485076,0.2287769570008682
0.155156313271133,0.08948633159553408
0.6539952234168271,0.2232087750842446
0.4746171709074682,0.18865350628739763
0.43719509339680085,0.17875223236417548
0.2134311789125147,0.11683070085583706
0.6574660970026528,0.22341825918554323
0.8341418265059044,0.2444672374347145
0.08493448037441365,0.06341012868230328
0.5147360621010905,0.19558884760197023
0.35926847207186363,0.16108870620020188
0.14512659047272747,0.08774422715762914
0.6212092413386553,0.2174533175311969
0.4919770481597483,0.19209361324714466
0.7824506020312871,0.23871154362140218
0.5810903501450331,0.21003285513993272
0.6952710724723914,0.22924002711952834
0.6528382655548853,0.2227677559236159
0.4950622691249266,0.19229207186942754
0.05406023343002196,0.04525053471604391
0.6053892199073883,0.21445415097865703
0.6451252131419394,0.2215108513158241
0.6447395605212922,0.22147777487877693
0.5884149952757555,0.2115653179696959
0.5031609741585198,0.19418845426013098
0.6979706408169224,0.22931720547263837
0.5988331253563843,0.21349493430428962
0.5475275535024146,0.2037590425663032
0.38896923318485704,0.16384523346097435
0.6439655006184214,0.2213564158561825
0.4391233565000372,0.1788183852382698
0.3368951107511687,0.1544181338888496
0.39322243065828144,0.1706923709434212
0.587646444696037,0.21128975974772451
0.6987447007197929,0.22932830970507564
0.41366201955258786,0.1725556768970775
0.49082009029780643,0.19153131381734304
0.18487635701515887,0.10741446925588491
0.6752116268755801,0.22642837246367725
0.6350954903435339,0.22002233289528064
0.5274681079056034,0.19859896088010423
0.6493673919690596,0.22255827182231727
0.16866241897851636,0.09644364511471658
0.38974604774930377,0.16783661437150724
0.427159861275243,0.17538922500411694
0.24737962817578044,0.12774624009508376
0.7083860162359752,0.23070649458204034
0.5645017781340474,0.20754093937553744
0.5517697323295347,0.20393545023055468
0.3276339385324816,0.1493242050767449
0.5695152622024622,0.2086655382351406
0.6798422129849236,0.22682536846166462
0.5367237708011383,0.20127815228092363
0.4190611562416499,0.1737243776727436
0.4958335743662213,0.19231412282745897
0.6578545042848761,0.2238042297045149
0.63278157461965,0.21926157484319614
0.7720352266122342,0.23715687232676444
0.7863071282377601,0.23887692580663794
0.47808804449329384,0.18985528350011088
0.17213329256434198,0.09742491274711544
0.5575600309623963,0.20604147422939986
0.61542169736737,0.21727683111352386
0.6559234865200636,0.22336313179046466
0.512422146377207,0.19513680296232577
0.6362524482054757,0.22038617370279934
0.8187102123568607,0.2427912071174823
0.5598739466862799,0.20653762078510715
0.45378366540778636,0.1833389891415571
0.6794538057027003,0.22681426422922737
0.5537035047559232,0.20529174165633104
0.04942138333595026,0.039561072530247425
0.6536095707961799,0.22303236741999313
0.6377950586880649,0.22082719286342803
0.6347070830613105,0.21985687195662335
0.574534255594029,0.20923902065080102
0.4090341881048204,0.17168466405483582
0.44838177405714813,0.18245687206687813
0.6860126549152802,0.22767433034587492
0.7045294900295023,0.2301662461102702
0.808677734896879,0.2415341450028474
0.5760768660766182,0.20950363214717826
0.29329432732541644,0.1401946359312014
0.6053919745689643,0.21518191134711595
0.6462821710038813,0.22179751377023274
0.3056462298324339,0.14677716191727103
0.44645902027706386,0.1821703671193126
0.62622272540707,0.21893073171930305
0.5158930199630326,0.19718754205924927
0.35116425771511844,0.15606093026219153
0.5861038342134478,0.21095899537725302
0.00039942592852755076,0.009239745182279126
0.6624823357326435,0.22445473296644225
0.42909363370163156,0.17670141451383045
0.583789918489564,0.2103305430733571
0.10037160384660945,0.0719221134961235
0.5818616553863275,0.2103195175943414
0.4846496483674498,0.19047286783183418
0.5112651885152649,0.19481706407087
0.5907316656612153,0.2120615432788248
0.5409714589514107,0.20208316975591414
0.23041091286729973,0.1241739848939912
0.19413201991069387,0.107723182668325
0.26706443979824857,0.13764759277172753
0.6104054586373792,0.2156008795497132
0.642037237515185,0.22103667696472667
