0.5933607026519032,0.2165110111339124
0.5272221083796751,0.21206811783032176
0.42030511372870455,0.17756436886686072
0.5582987683806643,0.21319953110052536
0.4960889196656326,0.19943309552601732
0.5639516396859829,0.21502895775494504
0.6216391913567597,0.22274086225887366
0.5831855343023296,0.21577052891664728
0.46160640470318887,0.19586135777215033
0.45141003808622043,0.18457825998657332
0.23477081139901496,0.10433448888487189
0.2890807724648638,0.12598597112881613
0.43105263529794163,0.18309675107982454
0.33548377979239824,0.15369252891555835
0.45875877078313465,0.18653835997345156
0.30550236360681454,0.13326229785788293
0.3303891295284799,0.15238525111875428
0.26364991768006163,0.12210987340476445
0.4050352951152126,0.17346939331094102
0.3071840928201468,0.13735563999714695
0.31397460447566083,0.1406665755583154
0.3614799217077324,0.15830910885687513
0.3292585552674161,0.14794235781516366
0.24611188445531054,0.10725558233753903
0.3954466121635658,0.17320968006267964
0.2885084192452004,0.12498359777441537
0.4202980476395729,0.17442766441563703
0.5085393687155969,0.20074091779503994
0.34678952240303557,0.1573078244469115
0.32585270030596164,0.14162539113523004
0.3643275556277866,0.16610758444355755
0.5187286692434339,0.20688365336502887
0.6385978052727156,0.22936164443677343
0.24666303940757908,0.11478998889821146
0.3066258717787466,0.1363979133646695
0.3948459945873758,0.17028858661001248
0.6001512143074172,0.22221762445682086
0.38016266137181054,0.16697928446549978
0.5164533885430431,0.20370284666410038
0.46159227252492563,0.19063333552937126
0.2907907660347227,0.13265140002863926
