0.6771744926445218,0.32465006272069685
0.493805087669772,0.2989760224578777
0.6821931557981243,0.3255342311326751
0.32800100373263075,0.23351440365603643
0.5088924437752894,0.3025182221583656
0.373263072049183,0.24900392902338073
0.5829804585803456,0.3215388951210483
0.29660299237790533,0.21604655146689067
0.4762083999874533,0.2927813175214549
0.39459239045199335,0.2700029288078647
0.5302531288228098,0.31843877962654943
0.5239170665913867,0.3053862434447202
0.44355572284432737,0.28128160211316255
0.3317963677425426,0.2339620139146004
0.3983563878171953,0.2759710655887181
0.2966657256673254,0.22224678245588828
0.3732317054044729,0.24656693983786565
0.699727110191023,0.3321599681699373
0.20498102317995046,0.17205364691839678
0.21250901791035418,0.1753692784633153
0.21254038455506413,0.17935356236979239
0.23509300210156522,0.1884107625399948
0.2891377309369217,0.213184056233111
0.17104231360371383,0.15347505816170334
0.20617295567893107,0.1731478053282199
0.19111696621812363,0.15789590022159472
0.1659609171606913,0.13467542730201534
0.23637903453467582,0.1910687938285045
0.15962485492926823,0.12250705953216441
0.16100498729650892,0.13137084786224656
0.1395815689595684,0.1222915434817447
0.20369499074683983,0.1645326893640066
0.1030707945171105,0.05529368206409116
0.271572409899313,0.2120788457181382
0.45870581223926477,0.2881504854637187
0.422257771086227,0.2804029597537592
0.6947084470374205,0.33105475765496445
0.7022364417678242,0.33834914705378516
0.6645964681158056,0.3242024524621328
0.29293309494683356,0.213631666491675
0.24522442834290012,0.20898425627621425
0.3758351369154042,0.26780355988306875
0.31802641071484583,0.23043086631926218
0.3154543458486246,0.2237885511242754
0.3444371255606788,0.24569382353103705
0.6420438505693047,0.3226606837937457
0.6834791882312349,0.32973955714214676
0.6810012232991437,0.32532424113483027
0.8002572064866222,0.3591547349981488
0.7738464916407891,0.35273346190615673
