0.050406198048994696,0.0864661446389001
0.10325899438537059,0.13711241648753048
0.14469433204730092,0.18442095258094285
0.17988770741193816,0.20034703610170151
0.2766538063423356,0.25872978155514176
0.12966970923120352,0.16431164726101205
0.33314513346507324,0.277965970568244
0.42351243687462753,0.3042755068771725
0.3419277939838775,0.28194472842214624
0.5528371130140209,0.3378904846900714
0.5591418086007339,0.3403274738755865
0.48257582886358646,0.3263962953343539
0.20131112574887863,0.21981531932294807
0.11078698911577428,0.16385851094987317
0.1812051064897588,0.20875768812064482
0.23267777045889404,0.23993015069545376
0.3092751168407516,0.2651400025419842
0.21260311784448419,0.22954117185470904
0.2314231046704934,0.23153055078166015
0.4273391675292494,0.30870740104221356
0.48006649728678524,0.3188808638325385
0.36582917725290925,0.28748183310216013
0.5302844954675199,0.3345803791977277
0.3607791474545968,0.2850448439166451
0.5013958156895957,0.329932968982267
0.3884131614441203,0.29853393825188856
0.3205671089363571,0.2742027287647615
0.379599134280606,0.29034985438851474
0.29798312474514604,0.2631506236150331
0.29920642388883667,0.2638082238714419
0.22888240644898217,0.23130398262609075
0.08437627426994135,0.12251258558473925
0.5792478278598538,0.3460800946060201
0.43232646403814184,0.3115754223285681
0.477525799065274,0.31710700095600713
0.40974247984693074,0.3029547803117799
0.4586744455945548,0.31400688546150834
0.5767384962830526,0.3432065472670907
0.43486716225965305,0.3115809483811429
0.5215332015934255,0.3312702737053841
0.25529312129481513,0.2483352766618222
0.3720711395502023,0.2888025596675527
0.26529908095731003,0.2496560032272147
0.1924657319406543,0.21582550936389613
0.35196512029108246,0.28216577052514086
0.3117844484175528,0.2702239709108593
0.16106772058592894,0.19835765717475037
0.134657005740096,0.16894800537132307
0.36074778080988684,0.2845972336580811
0.200025093315768,0.2198097932703732
0.18867036793074246,0.2113991412514299
0.13967566889369848,0.16894800537132312
0.2665851133904207,0.2514298661037462
0.20378909068096987,0.2248937616392483
0.19127379944167375,0.21362614043910017
0.15987578808694833,0.19615828824995443
0.19375176437376493,0.215831035416471
0.10200432859696998,0.12606031133780207
0.24776512656441144,0.24369339249893626
