0.1283523101533829,0.13445991125159565
0.31303911420595343,0.2680135498809136
0.39468649038612347,0.29676560142793207
0.20005645996047802,0.22092052983792093
0.17869577491295754,0.21052602494460135
0.18870173457545247,0.21184675150999388
0.23267777045889404,0.23993015069545376
0.26533044760202007,0.24789319245583302
0.3293811360998714,0.2744292969203309
0.23396380289200466,0.23993567674802863
0.49515385339230267,0.330380579240831
0.5114645086415106,0.335464547609706
0.4549731815187729,0.31777565331756574
0.5001725165459051,0.3343593370947332
0.14099306797151911,0.17094843640342394
0.15228506006712464,0.18487408889208173
0.14848969605721277,0.17624792082271873
0.13845236975000785,0.1625433104370555
0.5579185094570434,0.3485115577389604
0.5943351839653712,0.35448522057238857
0.46626517361437847,0.31888086383253855
0.526520498102318,0.3416537264935539
0.3294125027445815,0.2744348229729058
0.25406982215112456,0.24767767640541336
0.2904864966594524,0.25917739181370575
0.38718986230042973,0.2930134117295992
0.4084878140585302,0.2976497698399103
0.4135064772121327,0.3016285276938126
0.4499545183651704,0.3131337691546798
0.21260311784448419,0.22954117185470904
0.2075217214014617,0.22311989876271685
0.2088077538345723,0.2231254248152917
0.2238951099400897,0.23086742447267644
0.1573350898654371,0.194384425373423
0.2665851133904207,0.24966152927978957
0.1899877670085631,0.21185227756256875
0.2766538063423356,0.25872978155514176
0.30930648348546164,0.266692823315521
0.32436247294626896,0.27354512850835266
0.20131112574887866,0.22246782455888287
0.3607791474545968,0.2846027597106559
0.29923779053354665,0.2642558341300059
0.3205671089363571,0.27265543404379955
0.3143251466390641,0.26801907593348845
0.2464790941313008,0.24103536121042657
0.3419277939838775,0.28304993893711905
0.29167842915843295,0.2602715502235289
0.24898842570810203,0.24147744541641572
0.2678397791788213,0.2514298661037461
0.3393870957623663,0.2750868971767398
0.34321382641698817,0.2830554649896939
0.2929644615915436,0.26027707627610375
0.36827577554029045,0.29012328623294525
0.34067312819547696,0.27509242322931465
0.7211505285279634,0.38810019838528753
0.7312192214798783,0.39009510336481346
0.19880179417207744,0.21627864567503496
0.16740378281735205,0.20345267764877517
0.3758665035601142,0.2910185067500733
0.1912424327969637,0.2133995722835307
0.16734104952793205,0.20145224661667435
0.542862519996236,0.3451959261940419
0.5968445155421725,0.3578008521173071
0.5591731752454441,0.3502798945629169
0.4750478341331828,0.32462795851039733
0.6420438505693046,0.36930056752559953
0.5780245287161633,0.354264178469394
0.5981305479752832,0.357806378169882
0.5127505410746213,0.3354700736622809
0.5215018349487155,0.3376749686396517
0.6621498698284245,0.3750531882560332
0.3934004579530128,0.29388652803642784
0.43486716225965305,0.31202303258713204
0.45870581223926477,0.31821221147098
0.41476114300053324,0.3042810329297474
0.48006649728678524,0.3286067163642995
0.4336124964712525,0.30738114842424613
0.39214579216461226,0.2938865280364278
0.6156958690128916,0.3624482623327679
0.679715190866033,0.3812423671398811
0.6169505348012924,0.3642165991567245
0.7412565477870832,0.3938528191157211
0.5955898497537718,0.35647459949933974
0.6709325303472287,0.377705693491968
0.6746965277124306,0.37836881980095166
0.6257331953200965,0.36576389387768643
0.6558765408864213,0.37151651460812
0.7098585364323577,0.38699498787031467
0.6332611900505002,0.3681953570106267
0.6483485461560177,0.37107443040213095
0.777673222295411,0.3998264819491493
0.6094225400708886,0.3617851360237842
0.7023305417019541,0.38456352473737443
0.6169505348012922,0.3635534728477408
0.6470938803676171,0.3693060935781744
0.7902512468241273,0.40005305010471875
0.7010758759135536,0.38434248263437987
0.5416078542078354,0.34342758937008533
0.45368714908566227,0.3168859588530126
