0.655026462503798,0.22396320238957967
0.5503988807314816,0.20161425123363794
0.32697620847789366,0.1321728089485098
0.4372778598229238,0.17678141781654663
0.40504942729347587,0.16737239340731258
0.27945675906755885,0.10952004229460192
0.29417542272878233,0.12420064672410122
0.3597557959596102,0.14476046216979802
0.36090756848806893,0.1513828777643535
0.37843146953455675,0.15382211330357973
0.3032270829064238,0.13173668670142938
0.3490294726577681,0.14101558225042346
0.3852502455465973,0.15905176896301454
0.6204944849174328,0.21437668003708946
0.5667710092495106,0.20413896891118077
0.6199291977869008,0.21171965561043232
0.28117381872654945,0.11967063786553822
0.33658608969693543,0.13487339115265312
0.27209389419238134,0.10930116446273387
0.33431787508567634,0.134742173347976
0.48929840801011865,0.18693146891526433
0.4847619787876004,0.18457825998657332
0.49326955010210494,0.19107054672088886
0.4910013354908459,0.18932769114922293
0.5831855343023296,0.21041292228584685
0.5707280191632337,0.204182526688667
0.46894100522183985,0.1824880311394551
0.5322743621088036,0.1989109466684017
0.4208633347701048,0.16885226889740562
0.49381363896524183,0.19320324440105605
0.5209615534090347,0.19485952888996813
0.3829820309353382,0.15735247116883483
0.4508376848665569,0.18030905332070887
0.4293426417280828,0.16889582667489184
0.5073805300980067,0.1947713243905586
0.40162944015375807,0.16240462888501345
0.43444435808113285,0.16950672450413554
0.3954254138961709,0.16031494451011385
0.2636075211452717,0.10024060227338928
0.3546823439630868,0.144717993336749
0.33770959786886756,0.13870593109921864
