0.46070337528682914,0.1662047647237594
0.26702862919775994,0.11236514559420678
0.34226670082447025,0.1405142173158141
0.3175794237798915,0.13311596338942444
0.3727497858250625,0.1501509584960806
0.47459788827643584,0.17074757709192126
0.47498629555865923,0.17277634398423486
0.26702587453618387,0.10505517425336441
0.2477349795190912,0.1006998737818913
0.2550651339729658,0.10495578743537987
0.28901909255938363,0.11591558609753248
0.27898936976097805,0.11458142438320912
0.30715853903768653,0.12921270755759576
0.2905782310114291,0.12838587538483848
0.33455640307310036,0.13949995199978962
0.3430435153889169,0.14176025395143327
0.39435459656603894,0.15665622737561866
0.3646510807914694,0.1496437864613576
0.31718826183609217,0.1323440223514811
0.30986637136694567,0.13193623713474265
0.31912478892405666,0.13712931650456722
0.3488310593602023,0.1420028932432006
0.35230193294602796,0.14784639712153097
0.3222155192123872,0.13919123858734953
0.4078634569349983,0.16023982306941306
0.4178931797334039,0.16028400373889748
0.39396618928381555,0.1527200526135859
0.44759394084639725,0.16613869060308664
0.4610917825690525,0.16762713027020854
0.39165227355993176,0.15184903977134417
0.40631533712925705,0.15898276095477815
0.42676319000829155,0.16521239285892328
0.520889976061991,0.17864221383428283
0.4838563058335469,0.17359222943139793
0.4915748675696448,0.17859795441137688
0.46109453723062854,0.16805720270524308
0.5787571517901169,0.19318537192996527
0.5691130816123585,0.18998790426198559
0.60653240446145,0.19859911838694724
0.5482795761126767,0.1875951390553102
0.5718098952953135,0.19069345616556996
0.5610116219171895,0.18905065979222804
0.5721983025775368,0.19176300638351612
0.5448087025268511,0.18608464843015687
0.53555028496974,0.1838794738735918
0.5640968428823676,0.1893483477256524
0.5239807063503215,0.1822587284582813
0.5891725272091699,0.19438722789610002
