0.1271603776544023,0.17934251026464268
0.08312160848154072,0.13710136438238074
0.020231485837959914,0.0429097982438205
0.11458235312568614,0.17182155271025248
0.14472569869201093,0.1910577417233548
0.5114645086415106,0.33015953713783636
0.3155798124274647,0.2655876128005482
0.31808914400426586,0.2689032443454667
0.22009974593017786,0.22820939318416678
0.4034691509049277,0.299860190869856
0.08566230670305199,0.14793795348168942
0.5139424735736019,0.33081713739424523
0.054232928703616574,0.11963351219323501
0.06681095323233274,0.13577511176441334
0.041623537530190394,0.09221323931675887
0.06430162165553151,0.12560717502666321
0.1258743452212917,0.17889490000607866
0.3595244816661962,0.2863710965346125
0.31680311157115526,0.26823459198390814
0.4875944920171889,0.3263962953343539
0.5240111665255167,0.33723288443366256
0.5541231454471315,0.33944330546360824
0.04159217088548038,0.08491332386536327
0.04413286910699162,0.09840241820060677
0.0945077005112763,0.1614325738695078
0.08945767071296384,0.15236432159415564
0.1120416549041749,0.1673951845977863
0.06809698566544337,0.1357806378169882
0.2502744581412127,0.2432513082929471
0.21382641698817478,0.22356750902128084
0.3770898027038048,0.2945496543454115
0.29167842915843295,0.2602715502235289
0.461215143816066,0.316664916750018
0.16106772058592894,0.19636827824779923
0.2716037765440231,0.2498825713827842
0.31805777735955587,0.2682345919839082
0.27536777390922496,0.2587242555025669
0.37454910448229356,0.2901232862329453
0.23396380289200466,0.23993567674802863
0.3909224930209215,0.2978708119429048
0.13092437501960416,0.18486856283950684
0.18998776700856312,0.2136206143865253
0.17863304162353755,0.2100728886334625
0.1485210627019228,0.195484109835821
0.16483171795113077,0.19879974138073953
0.21131708541137356,0.2220202143003189
0.4624698096044666,0.3168859588530125
0.32185314136946774,0.2753134653323092
0.4084878140585302,0.3003022750758451
0.3419591606285876,0.283055464989694
0.3783758351369155,0.2945551803979864
0.13597440481791664,0.18575825730405998
0.5729744989178508,0.3458590525030256
0.5604278410338446,0.34188029464912334
0.6370251874157022,0.36554285177469187
0.6107085725039993,0.353170020059571
0.4587058122392647,0.31555970623504515
0.5767698629277627,0.3507275048214809
0.5817571594366551,0.35094302087190066
0.4725385025563815,0.3217544111714679
0.43486716225965305,0.3115809483811429
0.2615664502368182,0.24745110824984393
0.6156958690128917,0.3580274202728766
0.46745710611335906,0.3173225170064269
0.34192779398387757,0.2766397179502766
0.444904488566858,0.31445449572007234
0.21630438192026596,0.22488823558667337
0.4424265236347668,0.31180751653671235
0.40974247984693074,0.3056072855477147
0.36457451146450864,0.2872607909991656
0.31557981242746475,0.2658086549035428
0.3871271290110097,0.29609694906637346
0.3205984755810672,0.2726609600963744
0.30679715190866036,0.2631561496676079
0.29798312474514604,0.2616033288940711
0.16988174774944326,0.20477340421416773
0.21762178099808663,0.22578345610380138
0.1987704275273674,0.22091500378534606
0.1974530284495468,0.21604102541431583
0.19626109595056615,0.21538895121048185
0.2603117844484176,0.2445775609109145
0.24898842570810203,0.24324578224037224
0.1409617013268091,0.1886262785904145
0.19619836266114615,0.2140516464873647
0.23267777045889404,0.23241471919363843
0.1975157617389668,0.2182624985494112
0.22891377309369215,0.2299832560606982
0.12966970923120358,0.1833212681185449
0.16862708196104262,0.20322610949320574
