0.59179448574386,0.35005885245992235
0.5566324770239327,0.33745392653665707
0.5930805181769706,0.3500643785124972
0.5667011699758476,0.34652217881200925
0.5189925033719143,0.33170683185879835
0.6031178444841756,0.35249584164543746
0.6482858128665977,0.36222169417719846
0.6495718452997084,0.36222722022977333
0.6382484865593928,0.3597902310442583
0.7123678680091592,0.3713009985577004
0.5227878673818263,0.33613319997126456
0.4763024999215834,0.31954399014152224
0.5215018349487156,0.3361276739186897
0.5177064709388036,0.3317013058062235
0.5579185094570435,0.3421013367521179
0.4976631849691039,0.32728598979890694
0.4512091841535711,0.31423897966965264
0.37464320441642357,0.2812981802708871
0.27916313791913683,0.2408253712125817
0.23644176782409584,0.21428926674808385
0.33314513346507324,0.263156149667608
0.291709795803143,0.24104641331557627
0.3570465167341051,0.27598764374644263
0.29669709231203545,0.241261929365996
0.27038047740033255,0.23308889760777185
0.2904864966594524,0.24083089726515658
0.39217715880932225,0.2863766225871874
0.3042878203318592,0.25210404451787954
0.30679715190866036,0.2578511391957383
0.2741444747655344,0.2403832870065926
0.2540384555064145,0.23264128734920786
0.2527837897180139,0.23109399262824587
0.2967284589567455,0.251435392156321
0.4863398262287883,0.323743790098419
0.19613562937172613,0.1671796685473666
0.4398858254132555,0.31069677996916467
0.2250870424390703,0.19858422533031983
0.22129167842915842,0.19393681511485902
0.4173018412220445,0.29853946430446343
0.546626517361438,0.33701736838324287
0.6156958690128917,0.35449074662496344
0.30300178789874854,0.2520985184653047
0.3231078071578684,0.25984051812268943
0.33565446504187446,0.26956637065445044
0.2690944449672219,0.23308337155519698
0.3908911263762116,0.2863710965346125
0.39845048775132524,0.2961024751189484
0.3808538000690066,0.2850448439166451
0.5880618550233682,0.34741187327656237
0.46250117624917664,0.3151231480816309
0.5089551770647094,0.32817015821088524
0.4875944920171889,0.3255121269223756
0.47630249992158336,0.3162283585966037
0.4311031648944513,0.30074988533440905
0.5102098428531101,0.3299384950348418
0.2087450205451523,0.1926105624968916
0.20244032495843922,0.18177397339758292
0.17355164518051505,0.16673758434137742
0.20494965653524042,0.18199501550057745
0.20749035475675168,0.18200054155315235
0.19864496094852735,0.1773476052851167
0.34443712556067885,0.2733240864053581
0.3720711395502023,0.28062400185675374
0.6533672093096202,0.36665358834223954
0.6797465575107432,0.3701957880427275
0.6784605250776325,0.37019026199015265
0.6294971926852986,0.3560380413459254
0.6395345189925035,0.35979575709683315
