0.28920046422634177,0.2591718657611309
0.2527837897180139,0.2476721503528385
0.23142310467049343,0.2372776454595189
0.22762774066058153,0.2328512773470527
0.21131708541137356,0.22953564580213418
0.36077914745459677,0.2888025596675527
0.31683447821586525,0.2742082548173363
0.3821398325021173,0.29654455932493745
0.39719582196292463,0.3003022750758451
0.41855650701044506,0.3080442747332298
0.373325805338603,0.2910129806974984
0.4059784824817289,0.30428103292974734
0.4436498227784574,0.3177701272649908
0.46375584203757725,0.32352274799542446
0.3858724632226091,0.2985284121993137
0.42228913773093696,0.3100281276076061
0.46999780433487026,0.324843474560817
0.39845048775132524,0.30229165400279623
0.4072331482701295,0.30627041185669845
0.4423951569900567,0.3157807483380397
0.4863711928734984,0.3279491161078907
0.37335717198331303,0.2914605909560624
0.3532511527241931,0.2857079702256287
0.2954737931683448,0.2664662551599516
0.29547379316834477,0.2644768762330005
0.3620338132429974,0.2907919385945038
0.3205671089363571,0.27530793927973435
0.3318904676766727,0.277965970568244
0.23267777045889404,0.23993015069545376
0.49010382359399013,0.33081713739424523
0.3770898027038048,0.2945496543454115
0.45368714908566227,0.3193174219859528
0.43863115962485494,0.3131282431021049
0.34067312819547696,0.2830499389371191
0.2540070888617045,0.24832975060924734
0.27411310812082434,0.2560717502666321
0.5102098428531101,0.3365697581246788
0.4273391675292494,0.31202303258713204
0.47379316834478225,0.3250700427163864
0.3519964869357925,0.2837185912986776
0.29042376337003234,0.25982946601753976
0.3105297826291522,0.2675714656749245
0.27536777390922496,0.2587242555025669
0.5328251936890311,0.3409961262371451
0.35698378344468495,0.28680765468802677
0.37708980270380477,0.29256027541846036
0.2690944449672219,0.2514298661037462
0.4763024999215834,0.32573316902537014
0.43988582541325555,0.3142334536170777
0.3406731281954769,0.28106056001016794
0.33189046767667263,0.2759765916412929
0.17866440826824753,0.21206779361298847
0.20002509331576804,0.222462298506308
0.22013111257488788,0.23020429816369276
0.22135441171857848,0.2308618984201016
0.24271509676609893,0.24125640331342116
0.25278378971801385,0.24568277142588735
0.2916784291584329,0.2620398870474854
0.19372039772905492,0.213836130436945
0.19497506351745553,0.21538342515790698
0.134657005740096,0.17403197374019816
0.1736143784699351,0.2060941307795603
0.16486308459584076,0.2007946463602655
0.16106772058592894,0.19636827824779923
0.1975157617389668,0.2182624985494112
0.17740974247984692,0.21052049889202648
0.2703177441109125,0.2516453821541658
0.17486904425833572,0.2076414255005222
0.14475706533672095,0.19305264670288075
0.33694049747498517,0.27996087554777
0.2502117248517926,0.2439033824967811
0.22888240644898217,0.23550378258298751
0.2075217214014617,0.22510927768966796
0.3117844484175528,0.2702239709108593
0.24898842570810203,0.24324578224037224
0.19622972930585614,0.21803593039384178
0.2628211160252188,0.2489984029708059
0.31557981242746463,0.2722188758903852
0.1987704275273674,0.22091500378534606
0.16232238637432955,0.19902078348373411
0.3368777641855651,0.2786235708246529
0.48633982622878835,0.32728046374633213
0.542862519996236,0.34453279988505814
0.3946864903861234,0.2987549803548832
0.5227565007371162,0.33878017915462455
0.29293309494683356,0.26203988704748543
0.308020451052351,0.26668729726294615
0.2715724098993131,0.2542978873901007
0.4964085191807033,0.3314857897558038
0.5001725165459051,0.3343593370947332
0.5252658323139174,0.3396643475666028
0.47881183149838463,0.32661733743734844
0.17995044070135816,0.21207331966556334
0.2226404441516891,0.23086742447267647
0.2766538063423356,0.25872978155514176
0.25529312129481513,0.2483352766618222
0.2967598256014555,0.26647178121252646
0.24400112919920955,0.24126192936599603
0.14604309776983154,0.19305817275545561
0.16611775038424142,0.2034471515962003
0.1409617013268091,0.1886262785904145
0.4750792007778929,0.32507556876896126
0.4398544587685455,0.31334375915252466
0.5805024936482545,0.3527113576958572
0.48759449201718896,0.3290488005702886
0.5993538471189737,0.35824293632329623
0.5516451805150403,0.345638010400031
0.6006085129073743,0.3593481468382691
0.5327938270443211,0.3409906001845702
0.618205200589693,0.3606799255088114
0.6018631786957749,0.3604533573532419
0.6194598663780936,0.36399555705372993
0.6483171795113076,0.367532230701643
0.5880618550233682,0.3571377258083234
0.6521125435212196,0.3719585988141092
0.630751858473699,0.3642165991567245
0.5114645086415107,0.3383380949486354
0.5365578244095228,0.343643105420505
0.5579185094570434,0.3513851050778898
0.5792791945045639,0.3522747995424429
0.5842978576581663,0.35492730477837775
0.45870581223926477,0.32086471670691474
0.5064144788431981,0.3356800636601257
0.43859979298014495,0.3131227170495301
0.552868479658731,0.34872707378938006
