0.3102672754123995,0.21258533667044044
0.3952954122064459,0.25881386287821706
0.3421974691363983,0.24442164172040237
0.35569154737888636,0.24479271187916743
0.39433017055819924,0.25654200476332917
0.40014092528064404,0.26563701008326357
0.2861072769567861,0.2027292588820186
0.29383886255924174,0.20954861965687366
0.32767058233028645,0.2258492016311941
0.3151127884865977,0.21940848387548703
0.33829789287748185,0.23683363561667692
0.3653536162778352,0.2512334296348745
0.4484223125259409,0.28079030370956565
0.5054198318549049,0.2997413868179219
0.4870802405382188,0.2944403845498503
0.46485072537909866,0.2857202358188723
0.5237883804210384,0.30694696347230793
0.5199177614115694,0.30694317704211643
0.4996380343819076,0.29898788720981745
0.41849016901381264,0.2720777278389707
0.38563334330749705,0.2557809322948417
0.4610090636190772,0.2845918796218113
0.4668005135085569,0.28610645169840326
0.44455169351647184,0.2777573731261903
0.28324050926149363,0.20046876005770514
0.30737155046765957,0.2110707645938485
0.24744934894450824,0.18188496067792242
0.3286261715620506,0.23038913143077833
0.44553623999768344,0.28003680410146115
0.37307554946380833,0.25501985982635433
0.42429127131977495,0.27700387351808586
0.39530506462292836,0.25957493534670445
0.41172382505960375,0.2671515821598555
0.456163550544879,0.28382702072313243
0.49189679636296957,0.2951938841579547
0.29190837926274843,0.20916997663772569
0.3131436955241745,0.21447097890579736
0.3180085134313376,0.2254667721818546
0.2638874142141485,0.19552746865782406
0.28517099255798695,0.20236197515344506
0.28905126398393843,0.2088064793393436
0.303510583874673,0.20993483553640457
0.2716286522330865,0.1993214717096868
0.31509348365363266,0.21675040988106817
0.2252005289524232,0.12809871980795226
0.23875252169380604,0.16522088140521993
0.22812521114661052,0.1633238798792886
0.5411723825059603,0.31679546840034684
0.5073599675678806,0.3001238162672614
0.5971950077701952,0.33233497790617983
0.5527649347014024,0.33043040351986547
0.5285952838293067,0.3126190358991447
0.5440584550342177,0.3175489680084513
0.3730755494638083,0.25199071567317044
0.4677561027403211,0.29367552565117133
