0.36466389054134446,0.46234465379989687
0.4128494943486021,0.4704197926808315
0.2688875669244497,0.41990722180860196
0.23259964306960143,0.4026688047649046
0.15942891136228435,0.3303361777675964
0.31647828673408684,0.4405245976748181
0.1719214753123141,0.35444705343336574
0.4134443783462225,0.501403126968673
0.1969066032123736,0.3935055266021419
0.4848304580606782,0.5059847660500544
0.026174895895300417,0.13195120554378328
0.013682331945270675,0.12158524712215796
0.03807257584770969,0.1686043181948342
0.0511600237953599,0.21338984021533705
0.09934562760261749,0.2420823549624878
0.5698988697204044,0.5393734608556211
0.12373587150505651,0.27077486970963865
0.17311124330755503,0.3579978237214363
0.12433075550267697,0.3120668919305882
0.280785246876859,0.43823377813412745
0.3170731707317073,0.45547219517782483
0.05056513979773944,0.1720978179943875
0.16061867935752527,0.34419563598877495
0.07555026769779892,0.23750071588110647
0.11183819155264722,0.2547391329248039
