0.5170328078518381,0.21668415329941995
0.22917446880674952,0.1299943756019821
0.44465485687636463,0.2002176799929872
0.5175910288932385,0.21907928658894144
0.25575709612001046,0.14071067780802018
0.4248627412186178,0.19625337776952598
0.2353996933317317,0.13239059783594073
0.21446993732378938,0.12515891782879723
0.4056359126914027,0.19050320666913131
0.24500250846164173,0.13478573112546216
0.24273429385038262,0.13286864444385157
0.3473901399792257,0.1703778800538592
0.31061821213812785,0.1607929911180247
0.31684343666311005,0.1644959466765688
0.34397015283950794,0.1692867577278303
0.36660990241730906,0.18004770665579176
0.49385603550003176,0.21215414444085698
0.4355961306095915,0.19773379773183763
0.39374368468283855,0.1854488710640784
0.5243886066378841,0.2218245155150081
0.4237180347792907,0.19507622883296188
0.5057270652412009,0.21515963108740357
0.45200358957327885,0.2020035488699207
0.26479462411938864,0.14441254442212711
0.3162710834434465,0.1630579955473062
0.21785459401784896,0.1280767444481529
0.23538556115346837,0.1323023933365312
0.2636711159474565,0.14328058667970497
0.2438578020223147,0.13378281329884284
0.202563577136962,0.11936301106204206
0.3123070074405918,0.16101023553323704
0.4146734406907808,0.19324680217854226
0.4718098374092891,0.21115231555867478
0.4095858565159941,0.19163516441155348
0.4864931706248543,0.21119478439172382
0.45878703513966124,0.20361518663690945
0.39940362207728886,0.1885855755153021
0.5068647055913963,0.2153779644470531
0.43843669844051414,0.19803979111867806
0.5475936433462172,0.22335121561589882
0.611485221274581,0.2360711755863013
0.596780689791621,0.23171485336546443
0.6103475809243858,0.23376206890731505
0.6912048388578372,0.2442611266981408
0.3824450081613329,0.18483960665149043
0.2732951293447615,0.14968466891461096
0.243871934200578,0.1343937111280865
0.556072950304195,0.2249192956054014
0.5600370263070498,0.22997254226601715
0.5549353099539998,0.22378624891854207
0.5673716268257007,0.23036347331895565
0.628443835190537,0.2398607022275992
0.6691515746779629,0.24190846224166837
0.29194960465231307,0.15504227554541142
0.33096854883727506,0.1675008888508968
0.32475745649055615,0.16706585554825357
0.3728280608531596,0.18183357553272522
0.355862380848072,0.17651898220719237
0.3043929876131457,0.15787407555423186
0.31627108344344657,0.16318866887976474
0.3592541036312632,0.17782571553177784
0.27101278255523914,0.14454321775458567
0.24557486168130527,0.1353960844824873
0.28517322517506233,0.1547379155752267
0.24727072307290085,0.13809666668663062
0.33381618275732927,0.16754608004503874
0.4424007744433688,0.1999133200228025
0.5447530755152945,0.22269676000916888
0.50289356349941,0.21302475551836203
0.6080723002239949,0.2329769399681266
0.3960118992940977,0.18714816885825808
0.3886631665971834,0.18497027998394894
0.4604899626203885,0.20766660441534301
0.34907186919255806,0.17346939331094102
0.39488132503303397,0.1861027821985897
0.24783601020343268,0.13914205334629903
0.21502815836518963,0.1263344333487056
0.2721645550836978,0.14680985560052293
0.2998848227471541,0.1568733356164868
0.40506355947173917,0.18984929553462
0.3191045851852375,0.16523642889383391
0.3552970937175401,0.17534292221506542
0.3388896347538528,0.1689388399801594
