0.3306805942355952,0.12559627168701878
0.34688626828750957,0.13231102466785552
0.43137173882502666,0.15176075718579693
0.5490315987229389,0.17203763689018178
0.44025276774621863,0.15341489405184072
0.33955886849521105,0.13216769344065118
0.3152544894097036,0.1247142333657614
0.44333523404982084,0.15475992373833675
0.36618267262775434,0.1369421196215646
0.41247200575173343,0.14565256305766777
0.4186507116668182,0.15034965337862816
0.4522107536478606,0.1596994958442213
0.47342991176818977,0.16038331180346047
0.5231928731395705,0.17011920354144686
0.5312915781731636,0.17072560488731134
0.5243525856630884,0.1704169702282928
0.5378504273857435,0.1715305436088803
0.493492112026577,0.1691818803182678
0.47419295302475617,0.16155177631886192
0.43331102057456733,0.1522351677971589
0.4271350693210586,0.15143015032216844
0.46802526575597564,0.16033905238055451
0.4861592029111264,0.16276489402427702
0.4815286168017829,0.16235687254727396
0.4884758732965862,0.1655764699267066
0.4051446059594349,0.14544307895636915
0.2928701094427044,0.11259675940695839
0.31254941174202044,0.12374383370553514
0.3762041314414318,0.1403378096515626
0.41710259186107695,0.14710800504116409
0.34920293867296937,0.13642360709413975
0.39163574559047554,0.14424098672996974
0.335696832965586,0.1269635098383893
0.3345371204420681,0.12624677494894615
0.3808429815355035,0.14378909959716843
0.37774674192402097,0.14102138935053707
0.33068334889717127,0.12615864987024195
0.3113924538800785,0.12113079517881005
0.3102327413565607,0.12074482465983838
0.2963464923516822,0.11799940163150315
0.31409477688618564,0.12398647299730249
0.3245101523052385,0.12474730980280854
0.33608799490938546,0.1303815658401049
0.5204933047950395,0.1694797257585353
0.4452717611377855,0.15619347227064465
0.5498056586258095,0.1742097350096997
0.47729194729781477,0.16187190897742545
