0.47293277810826895,0.48536739018383823
0.3289708506841166,0.4405818681633354
0.48483045806067826,0.5014031269686731
0.30517549077929806,0.41538285321573787
0.29268292682926833,0.4050168947941125
0.3408685306365259,0.44745432678540736
0.15942891136228435,0.29139224557585475
0.25698988697204045,0.39127197754996845
0.2082093991671624,0.36366760208464577
0.14693634741225461,0.24780940381421457
0.1832242712671029,0.2948284748868908
0.19571683521713268,0.3292480384857682
0.06246281975014872,0.17897027661645953
0.06246281975014871,0.16980699845369682
0.13563355145746578,0.24557585476204113
0.09934562760261749,0.23177366702937977
0.14753123140987506,0.2616115915468759
0.25639500297441997,0.3717427409655804
0.4253420582986318,0.48078575110245686
0.36466389054134446,0.44859973655575275
0.18322427126710292,0.3246091289158697
0.13503866745984533,0.23406448657007045
0.5574063057703749,0.5038084874863983
0.6049970255800119,0.5438978294484852
0.412849494348602,0.46583815359945013
