0.28784009740483335,0.09796547623257178
0.37273601251718225,0.13262005309398178
0.302897077579534,0.11202343449814108
0.3152434707633994,0.11326947113376025
0.33415422248299687,0.12515533127981163
0.33299726462105506,0.12405278337823986
0.3750471735794899,0.13517788547220674
0.31679159056914064,0.11791135530622048
0.37543558086171325,0.13570718721838274
0.4255869495153174,0.14458317034656468
0.4286776798036478,0.14754918170863585
0.42133650670346895,0.14383320151323126
0.5324457813735295,0.1657309841397697
0.38816762666622595,0.14122008423308463
0.33762234140724645,0.13081132326145328
0.38468848909567227,0.1377688730409004
0.4197938962208798,0.14334808043653968
0.47690354001559143,0.16345949920226724
0.5239586690577129,0.1637132427264718
0.28861966663085603,0.10572764971990166
0.27973863770966423,0.09730386873820716
0.43214579872789727,0.14987547902753076
0.4140173708958986,0.1425214057706255
0.4390903005611246,0.15129784457397985
0.47649860476391176,0.15416446911806647
0.5382360800063909,0.16911596370443813
0.4275124579569778,0.14503513623278758
0.3233531944432967,0.12318169178257662
0.46262061974376145,0.15186030151062455
0.3214221766784842,0.12034806492211562
0.31795130309265857,0.1184075806153493
0.4668572892477295,0.15247757082866167
0.31138694455692645,0.11283947745214727
0.35344511750008956,0.13160547276427112
0.35730439836813854,0.13245451340190292
