0.4182898510003554,0.1720374793833387
0.25162180700290065,0.1282203356927596
0.2550954352503023,0.12846297498452694
0.27747706055572546,0.13873911519428356
0.4028582368513117,0.16963376745106917
0.38742662270226796,0.1675828708473026
0.30178419430280895,0.1488938963814457
0.31567319796926346,0.1510881242124166
0.312202324383438,0.1497319902934833
0.35887731012806423,0.16046009638946276
0.3635106508989839,0.1628307318846852
0.33225626065709696,0.15434064052205335
0.3102685519570494,0.1495223486853416
0.34267163607614987,0.15560864936228241
0.33226176998024914,0.15537719305637387
0.3415229421989362,0.1554765798743584
0.2805622815209037,0.14137420467904008
0.3399775770547709,0.15539932276782684
0.42638855603394854,0.1723572182747945
0.4325617526258812,0.17325036082848919
0.3812534261103353,0.16449565796948007
0.35347541877742605,0.15921413850726515
0.3241603102850799,0.15283022865032153
0.357331944983899,0.1602395080557269
0.37045239807063507,0.1629850885909052
0.34653367160577486,0.1581005651266777
0.35231846091548424,0.15818876895880343
0.3160560959283347,0.151793676116001
0.35926571741028757,0.16231245561752491
0.48888080854826593,0.18408880046804738
0.47884833108828423,0.1818614962000293
0.46033425063563826,0.17805762718618515
0.47152368595756183,0.18057159390861188
0.4641935315036872,0.17978870614507442
0.518198671702188,0.18772744480349882
0.4722922365372803,0.1806045915922375
0.5367155068164102,0.18923809293549523
0.4954424124224219,0.18490484342205354
0.4819363067150386,0.18294207189699122
0.4016985243277938,0.1679357649292271
0.49929893862889474,0.18620584994590822
0.4587943948146252,0.1779364256704338
0.378168205145157,0.1629961928233425
0.4175130364359087,0.1707032389155938
0.28944055578051964,0.14427414192043841
0.29753650615253663,0.1460932672046103
0.32300059776156204,0.151970162533674
0.2543213753474317,0.1282754630878382
0.28403866442988146,0.1424879355664706
0.31451624010732165,0.15030531520230062
0.29908187129670183,0.14672179826192774
0.2400494737219059,0.12448261955300978
0.2608912432063159,0.13746008087503875
0.24583426303161526,0.12523235212607858
0.22885728373840633,0.11910194953307492
0.255869495153173,0.1320904363341196
0.26049732660094055,0.13279606699112553
0.2790169163767386,0.13882724027298776
0.2473768735142044,0.12677591918827905
0.2508505017616061,0.12774624009508376
0.25625239311224424,0.13265265701049966
0.250844992438454,0.12737121630170628
0.23502497100718694,0.1193775077550463
0.27438633026739506,0.13817665825763886
0.403246644133535,0.1698212793477579
0.4101856366436102,0.17029529619201225
0.40710041567843186,0.170030684695635
0.4344927703906937,0.1775393509190249
0.3843414017370897,0.16625981336541645
0.41404491751165917,0.1703394768614966
