0.4976004516796838,0.3080442747332298
0.5340484928327217,0.32043368460607535
0.5955584831090619,0.3401119578251668
0.5792478278598538,0.33502798945629175
0.6596091716069132,0.3529434519040015
0.5277437972460086,0.31777565331756574
0.5591104419560239,0.32661733743734844
0.6144098365797811,0.34719083117356786
0.46745710611335906,0.308038748680655
0.7010758759135536,0.37240620907267324
0.3946551237414135,0.2854869281226342
0.6131551707913806,0.34100165228971996
0.5277751638907187,0.31932847409110254
0.14466296540259088,0.1576693320660253
0.167278316238512,0.17292676322522532
0.33182773438725266,0.25209299241272987
0.38835042815470033,0.279513265289206
0.2426523634766789,0.22046739352678205
0.2552303880053951,0.230640856317107
0.17985634076722817,0.17890042605865353
0.27906903798500676,0.23285127734705272
0.30042972303252724,0.24611932957930166
0.19616699601643614,0.18774211017843626
0.1497443618456134,0.17271124717480565
0.11580565226937675,0.1410911743414327
0.24522442834290015,0.22379407717685024
0.1987390608826574,0.19770005691834155
0.20501238982466047,0.20234194108122744
0.17860167497882753,0.17470062610175677
0.2363790345346758,0.21427821464293417
0.3870957623662998,0.27752388636225495
0.356983783444685,0.26691386541851564
0.3607477808098868,0.2742082548173364
0.10950095668266366,0.12981250103613487
0.4109657789906215,0.2947706964484061
0.5591731752454441,0.3312702737053841
0.31805777735955587,0.24922497112637532
0.43731376054703436,0.3071490542161019
0.2828644019949187,0.23993015069545376
0.5077005112763089,0.3140234636192329
0.6118691383582698,0.34077508413415053
0.5830431918697657,0.3398964417747471
0.21254038455506416,0.20941528837705364
0.28662839936012047,0.2450141190643288
0.34067312819547696,0.26337719177060254
0.5077318779210188,0.31756566331972086
0.5641604717543365,0.3319278739617929
0.6332611900505004,0.3474173993291373
0.5402904551300147,0.32175441117146797
0.35315705279006304,0.26513447648940935
