0.13970703553840844,0.17978459447063178
0.24149179762240833,0.23573587679113178
0.33189046767667263,0.2753134653323092
0.444904488566858,0.31334928520509947
0.4549418148740629,0.31555970623504515
0.3205671089363571,0.2742027287647615
0.2929644615915436,0.2600560341731092
0.3620651798877074,0.28770287520515475
0.4097424798469308,0.30251269610579085
0.5127191744299112,0.3341382949917386
0.45622784730717353,0.31556523228762
0.40848781405853013,0.3025126961057908
0.42859383331765005,0.30848635893921894
0.48132116307518585,0.3248490006133919
0.36077914745459677,0.2876973491525799
0.4612778771054861,0.316012842546184
0.5378124901979235,0.33612767391868964
0.49135848938239074,0.32705942164333757
0.4097738464916408,0.30251822215836566
0.39719582196292463,0.2991970645608723
0.5390985226310342,0.3361331999712645
0.32185314136946774,0.27420825481733635
0.34067312819547696,0.28194472842214624
0.36827577554029045,0.2890180757179724
0.3582698158777956,0.28570797022562877
0.3419591606285876,0.2819502544747211
0.41855650701044506,0.3062759379092733
0.4763024999215834,0.3233017058924299
0.5441171857846366,0.3409961262371451
0.47758853235469406,0.32330723194500477
0.46501050782597786,0.3193229480385277
0.4926131551707914,0.32838567426130494
0.3834258649352279,0.29544487486253945
0.4461591543552586,0.3153386641320506
0.36203381324299744,0.28769734915257994
0.47250713591167154,0.3206436746039202
0.31557981242746463,0.2722188758903852
0.29547379316834477,0.2644768762330005
0.3519964869357925,0.283055464989694
0.32812647031147085,0.2744292969203309
0.3382265299080958,0.27996640160034486
0.3168658448605753,0.27222440194296005
0.24268373012138894,0.23727211940694407
0.2665851133904207,0.2514298661037462
0.15476302499921582,0.1833212681185449
0.199993726671058,0.21847801459983096
0.23891973275618708,0.232188151038069
0.1749004109030457,0.18642690966561856
0.19124243279696373,0.2151679091074873
0.20005645996047802,0.22092052983792093
0.18245977227815938,0.20610518288470997
0.40095981932812647,0.299860190869856
0.27414447476553433,0.2554141500102232
0.3117844484175528,0.26956084460187557
0.2452871616323202,0.23839390807964148
0.3168344782158653,0.27221887589038524
0.24400112919920958,0.2383883820270666
0.3746432044164235,0.29080299069965354
0.22518114237320036,0.23065190842225675
0.3331765001097833,0.2753189913848841
0.35328251936890315,0.28306099104226884
0.2766538063423356,0.25872978155514176
0.5604278410338447,0.34585905250302557
0.43361249647125244,0.310033653660181
0.38841316144412036,0.2961024751189483
0.33568583168658456,0.2757610755908732
0.248988425708102,0.24037223490144288
0.3770898027038048,0.2938865280364278
0.22389510994008974,0.23064638236968188
0.3934004579530128,0.29653903327236264
0.2954737931683448,0.2664662551599516
0.43863115962485494,0.3122440746901266
0.2527837897180139,0.2476721503528385
0.25278378971801385,0.24568277142588735
0.21887644678648727,0.22666762451577965
