0.005801102305962298,0.004547502659967209
9.652416482466385e-06,0.0022756445450793444
0.9053966660553474,0.43808997315420983
0.8223279698072415,0.4225428907879939
0.8348954160674129,0.4255796078015607
0.6185365006129285,0.3967459418934422
0.8551751430970748,0.43126303951897177
0.7750021717937088,0.4210169594208275
0.7431298925686047,0.41570838429237295
0.6195017422611752,0.3971245849125902
0.7469908591615914,0.4164656703306689
0.6320498836883816,0.3982605139700341
0.8561403847453214,0.43239896857641574
0.6098493257787089,0.3948527267977023
0.5760465632571117,0.38727229355435977
0.5547919421627207,0.3823423614450531
0.6716634009324236,0.40433394799716765
0.7286319630119403,0.41267166727880616
0.6291541587436416,0.39750322793173815
0.6001776044632775,0.3918160097841355
0.5663748419416803,0.384235576540793
0.5615486337004472,0.38347829050249704
0.5557571838109673,0.3823423614450531
0.6764896091736569,0.4062271630929076
0.6755243675254102,0.40509123403546365
0.5702358085346668,0.38612879163653285
0.7102923716952542,0.4103998091639183
0.5837684964430847,0.38878686563095166
0.588594704684318,0.3903014377075436
0.553826700514474,0.38196371842590515
0.5789422882018516,0.3876509365735078
0.5847337380913313,0.38878686563095166
0.5847337380913313,0.3891655086500997
0.5373982876613161,0.37665514329745053
0.7421646509203581,0.415329741273225
0.7460256175133447,0.41570838429237295
0.5499464290885225,0.3800629304697823
0.649443538189786,0.40281180306019276
0.6465478132450461,0.4016758740027489
0.061881642069092,0.05418760247026705
0.6359108502813681,0.40015372906577396
0.540294012606056,0.3785483583931904
0.6301194003918883,0.3978818709508861
0.5316068377718364,0.3758978572591546
0.7151185799364873,0.41077845218306624
0.5238849045858631,0.3743832851825627
0.5827839499618731,0.3880220067322728
0.7469908591615914,0.41684431334981686
0.6504087798380327,0.40319044607934085
0.6417216050038128,0.40129723098360087
0.14307776951959925,0.10951492042816953
0.5837684964430847,0.3884082226118037
0.5345025627165763,0.37627650027830256
0.41954228241040153,0.3266364004680027
0.585698979739578,0.38954415166924766
0.5460854624955359,0.3796842874506343
0.5489811874402758,0.3800629304697823
0.052209920753660675,0.045849883188628586
0.5615486337004472,0.38347829050249704
0.4707580042663682,0.35354277340865803
0.5731315334794067,0.3865074346556809
0.6310846420401348,0.3978818709508861
0.1788689298365846,0.14400172661216729
0.6542697464310191,0.4039477321176368
0.550911670736769,0.38044157348893026
0.49104738371251255,0.3626377787285924
0.6446173299485528,0.40129723098360087
0.529676354475343,0.3755192142400066
0.4185770407621549,0.32550047141055877
0.5586529087557072,0.38272100446420115
0.5943861545737977,0.3914373667649875
0.6137102923716954,0.39523136981685025
0.604038571056264,0.39370922487987536
0.5383635293095628,0.3781697153740424
0.6166060173164354,0.39561001283599817
0.6098493257787089,0.3948527267977023
0.5441742840320075,0.37931321729186934
0.5335373210683296,0.3758978572591546
0.011611857028407063,0.012506578922457694
0.5045607667879654,0.36756013797751613
0.6504087798380326,0.40281180306019276
0.5654096002934337,0.383856933521645
0.5461047673285009,0.3796918603110173
0.5692705668864202,0.38537150559823696
0.6533045047827725,0.4035690890984887
0.17014314533643496,0.1269476450297424
0.5316068377718363,0.3755192142400066
0.5885947046843178,0.38992279468839564
0.500699800194979,0.36718149495836816
0.14311637918552908,0.1125592103021193
0.4407969035047925,0.33989647899856484
0.5209891796411233,0.3709754980102309
0.5692705668864202,0.38499286257908893
0.5518962172179807,0.38082778936846123
0.5364330460130695,0.37665514329745053
0.49876931689848564,0.3645309938243323
0.505526008436212,0.3679387809966641
0.12473817820291312,0.09967020193032211
0.5238849045858631,0.3736259991442667
0.41471607416916834,0.322471327257375
0.018387853399098465,0.024252085376427954
0.05993185393963378,0.04698581224607252
0.45529483306145707,0.34974877035679525
0.39828766131601057,0.3103471777842567
0.5306415961235897,0.3755192142400066
0.4881323539348077,0.3622515628490615
0.18954450246619237,0.15727695086349536
0.529676354475343,0.37514057122085864
0.508421733380952,0.3690747100541081
0.5180934546963832,0.3709754980102309
0.5093869750291986,0.36945335307325605
0.6001776044632775,0.3918160097841355
0.6079188424822156,0.39409544075940633
0.5567224254592139,0.3823423614450531
0.5914904296290578,0.3906800807266915
0.46979276261812153,0.35240684435121405
0.7199447881777206,0.41153573822136225
0.46301676624743016,0.35164198545253517
0.5673400835899269,0.38423557654079304
0.14020134940782425,0.10838656423110855
0.3142151137537283,0.26070707797395687
0.564444358645187,0.38385693352164507
0.6021080877597708,0.39219465280328347
0.4659124911921701,0.35202062847168314
0.031920541307516336,0.03145387560062248
0.5692705668864202,0.384614219559941
0.4765494541558481,0.35884377567672965
0.49973455854673243,0.3660455659009242
0.4321097286705728,0.3368673348453811
0.35768959759075697,0.2864699489967853
0.17985347631779613,0.15233944589380577
0.1189081186475034,0.09662591205637239
0.43209042383760776,0.3334519748126663
0.6030733294080174,0.3933305818607274
0.5055260084362122,0.36869606703496005
0.5750813216088649,0.3865150075160639
0.32967828495863954,0.2679088681981514
0.4427466916342507,0.3421759099738357
0.1953359523556722,0.16598574030389884
0.6214322255576684,0.3971245849125902
0.18857926081794574,0.15727695086349536
0.44757289987548393,0.3425545529929837
0.4949083503054991,0.3645309938243323
0.622397467205915,0.39750322793173815
0.5287111128270964,0.3751405712208586
0.4379011785600526,0.33913919296026884
0.41085510757618177,0.3190635400850432
0.2688101466202064,0.23115777675964871
0.4514338664684705,0.34558369714616755
0.5605833920522004,0.38347829050249704
0.5760465632571116,0.38689365053521185
0.23305759596915082,0.19971526044960067
0.39346145307477737,0.3080753196693688
0.550930975569734,0.38044914634931326
0.4620515245991836,0.3505060563950912
0.4707580042663682,0.3550573454852499
0.16437100027992005,0.12544064581353345
0.3605853225354969,0.28760587805422927
0.3857202150558393,0.3035240305792101
0.4871671122865611,0.3603583477533216
0.2320923543209042,0.19517154421982494
0.564444358645187,0.383856933521645
0.2253163579502128,0.19024161211051824
0.1585409407245104,0.12201771292043576
0.5161436665669251,0.369831996092404
0.5171089082151719,0.37058928213069997
0.23981428750687728,0.20198711856448848
0.07832935975521471,0.07540675726331972
0.21757511993127476,0.18985539623098735
0.15469927896448873,0.12051071370422681
0.35479387264601703,0.2857126629584894
0.36639607725794165,0.289506666010352
0.2881342844181042,0.241767354156175
0.09765349755311242,0.08753090673643796
0.3760677985733729,0.2963298132153986
0.41182034922442845,0.32209268423822696
0.46880821613691004,0.3523992714908311
0.3857202150558393,0.3035240305792101
0.3896004864817908,0.3076966766502208
0.3664153820909065,0.2940579551005107
0.40118338626075045,0.31526953703318045
0.38087470198164114,0.29707952639331164
0.31228463045723504,0.25616336174418114
0.43114448702232616,0.3330809046539013
0.6137102923716954,0.39523136981685025
0.5171089082151717,0.37021063911155194
0.6175712589646819,0.39636729887429417
0.2581731836565284,0.2201695563439744
0.48813235393480775,0.3614942768107655
0.3547938726460171,0.28344080484360135
0.07155336338452332,0.06366125080934945
0.45336434976496376,0.3463409831844635
0.23691856256213736,0.20047254648789659
0.38091331164757103,0.3005024592864093
0.4755842125076014,0.35732920360013776
0.6214322255576685,0.3971245849125901
0.5837684964430847,0.38802957959265577
0.16242121215046185,0.12202528578081871
0.3625351106649551,0.2879920939337601
0.2746209013426512,0.23949549604128717
0.30263221397476864,0.25086235947610946
0.5943861545737977,0.3906800807266916
0.4794451791005879,0.3592224186958777
0.4842713873418212,0.3599797047341736
0.6175712589646819,0.39636729887429417
0.394426694723024,0.30958989174596074
0.2949102807887956,0.24707592928462968
0.6040385710562641,0.39370922487987536
0.4533643497649638,0.34709826922275944
0.5992123628150309,0.3914373667649875
0.2001814654298703,0.17394481656638933
0.20597291531935014,0.18076039091105292
0.43693593691180593,0.336867334845381
0.30844296869721344,0.2531417904513803
0.47268848756286147,0.35581463152354587
0.333558556384591,0.27321744332660597
0.3857202150558393,0.3023881015217662
0.3635003523132017,0.2883707369529081
0.48523662899006775,0.3603583477533216
0.3470719394600439,0.274732015403198
0.4427273868012858,0.34216833711345274
0.2629993918977616,0.2209268423822703
0.3992529029642572,0.31072582080340466
0.5113174583256919,0.369453353073256
0.3499676644047839,0.28268351880530546
0.03676605438171446,0.04244209601629679
0.05124467910541403,0.04282073903544477
0.1363210779818728,0.10421391816009785
0.1576143087421936,0.1216542156220537
0.553826700514474,0.3815850754067572
0.48234090404532787,0.35960106171502565
0.4224573121881064,0.33194497559645736
0.24852076717406194,0.21259669596101483
0.3268018648468645,0.2626154387904626
0.5209891796411233,0.3728687131059708
0.3886352448335441,0.30428888947788907
0.2639839383789731,0.22509948845328104
0.5799075298500982,0.3876509365735078
0.1701817550023648,0.13302107905687596
0.5026302834914721,0.36718149495836816
0.4948890454725342,0.36300884888735746
0.43017924537407953,0.3327022616347533
0.36834586538739983,0.2948152411388067
0.3490024227565372,0.27511065842234583
0.4514338664684705,0.34444776808872357
0.5789422882018515,0.3872722935543598
0.47268848756286147,0.3554359885043979
0.11022094381328366,0.09662591205637239
