0.6039999613903341,0.35052877497624013
0.2726325035472631,0.24212327859417415
0.24270036003513473,0.2300029155512474
0.5257574733834616,0.33990405185894784
0.550873061070839,0.34975634321717824
0.2165809210335807,0.19022267995956088
0.20884933543112516,0.1750731727634503
0.21854036157952145,0.1906126822692833
0.2194959508112856,0.1985603992411994
0.23783554212797173,0.20272547245182715
0.22626229476549453,0.19970011472883478
0.2378741517939016,0.22318734120658382
0.268781189370759,0.23985520690947776
0.4166079477997317,0.31412603511535353
0.43689732724587604,0.3273861136459157
0.4359320855976294,0.322085111377844
0.4204785668092007,0.3160230366412849
0.4272256059304447,0.3175338222876854
0.36156021660022586,0.29669709694397217
0.4736054671286956,0.3379994774726336
0.2803833939826835,0.24895021222941222
0.3142151137537283,0.2660080802420286
0.27460159650968624,0.24857535564045571
0.33936931110703566,0.28799209393376024
0.358645186822521,0.2913885218155175
0.3200258684761731,0.2773749436768509
0.3325740099033794,0.28532644707895843
0.2920242082605381,0.2633613655381843
0.3113097363925059,0.2648683647543932
0.31811469001264464,0.2732174433266061
0.38378007934286346,0.3061707452830546
0.3364639337458133,0.2860950924078288
0.35287304176600615,0.2910174516567526
0.32968793737512186,0.28078651727937415
0.4127662860397101,0.31148310684170066
0.3702570438509281,0.30200188564223535
0.3277284968291812,0.27774601383561587
0.3200065636432081,0.27509551270158
0.258144226407081,0.23303205970443122
0.2823331821121418,0.25274421528127494
0.31709153386550326,0.2705442236114214
0.43012133087518467,0.3198056804025732
0.4069458789007828,0.31109310453197825
0.4156427061514851,0.31299010605790967
0.46876960647098,0.3368597619849982
0.39051746604762505,0.3072991014801156
