0.43837310363832926,0.16305799554730616
0.44741063163770745,0.1638414910698389
0.48022554956508223,0.17207608890360174
0.5073663979197434,0.1805703999856259
0.4372495954663972,0.1629714244645524
0.4146239780668593,0.1565237844521602
0.48587135478126925,0.172990257758593
0.4615569420792674,0.1702891310822311
0.5198168469697076,0.18653890444567012
0.45363585616268964,0.16885117995296844
0.4932412857455784,0.17782680447621502
0.4304520177217515,0.16018263776099956
0.4864437080009327,0.17778215775429163
0.43893839076886115,0.16340645776719562
0.662883953618191,0.20718910227965076
0.34846418552723624,0.1333494134128553
0.5972965142982313,0.19516606674902715
0.562806933246656,0.19024349342086996
0.5910712897732492,0.1949041756118915
0.5735403226376298,0.1916803556056954
0.5695903788130382,0.19046128230830087
0.6052105341256776,0.19625501118618174
0.4485553380770345,0.16580268000115428
0.42932850954981944,0.15865866002120174
0.39370128814804867,0.1505558244643346
0.37052451579624224,0.1463307200481749
0.47344210399869985,0.17137916446382281
0.442337179641184,0.1637554644593037
0.40218766119515825,0.1529520466982932
0.41123225528366814,0.1552606089050609
0.37051038361797894,0.13905548226354522
0.3348831622162082,0.12694533117794932
0.30716996064188357,0.11797134007135855
0.3037782378586924,0.11779710896141381
0.3247079938666347,0.12598706007325328
0.34676125804650904,0.13186790450610655
0.28284848185075007,0.11161081561393872
0.3609005023989373,0.1350917245123026
0.3382748849993994,0.12812139117007623
0.2964224390726465,0.1123954000809086
0.3495876936991683,0.13430714004533276
0.3139534062082659,0.11975720894829203
0.3196133436027162,0.12071602452520662
0.2737968216731086,0.10786430227790843
0.3207439178637799,0.12563805338114525
0.3546823439630868,0.13443835785000988
0.3405501656997902,0.13091017787362907
0.2981183004642421,0.11527021339499664
0.5871142798595261,0.19237782451769292
0.5503635502858233,0.18754236674450805
0.5582705040241377,0.18771605338223418
0.6204591544717746,0.19629748001923075
0.6487517753548943,0.20370448008075612
