0.0010038513141765039,0.017054081582424906
0.8909083889151653,0.43808618672401833
9.652416482466385e-06,0.00606207473655912
2.8957249447399156e-05,0.011749292884161742
0.8628970762830479,0.4369426848061914
0.8590361096900613,0.4358067557487475
0.8030134844258263,0.42556824851098624
1.930483296493277e-05,0.009473648339082397
0.8445478325498792,0.4346670402611121
0.7856294823409045,0.4244285330233508
0.0019787453789056088,0.02160158424239211
0.8397119718921636,0.4346632538309206
0.8126755533247751,0.42935846513265746
0.8078396926670596,0.428976035683318
0.8261985888167107,0.43201275269688477
0.8628970762830478,0.4369426848061914
0.8773853534232299,0.43808240029382683
0.8329552803544371,0.4323913957160327
0.7489309948745672,0.4202558869523401
0.7006399552127879,0.4088852370873263
0.7353983069661492,0.41835509899621726
0.5692802193029026,0.38537529202842846
0.5856893273230955,0.38954036523905616
0.5547919421627207,0.3823423614450531
0.5702454609511494,0.38613257806672435
0.7701759635524758,0.4229101745165674
0.5837684964430847,0.38878686563095166
0.5644347062287045,0.3838531470914535
0.6378606384108263,0.399782658907009
0.5403036650225386,0.3785521448233819
0.5345025627165763,0.37627650027830256
0.568314977654656,0.38499664900928043
0.5673497360064094,0.38461800599013246
0.7170587156494631,0.41456866880473753
0.6368953967625797,0.39940401588786095
0.5383635293095628,0.3781697153740424
0.670698159284177,0.40660580611205555
0.5383731817260452,0.3781735018042339
0.5238849045858631,0.3743832851825627
0.5731411858958892,0.3865112210858724
0.5393384233742919,0.3781735018042339
0.7267111321319294,0.41721916993877334
0.5287111128270964,0.3751405712208586
0.0009941988976940376,0.014399794018197585
0.588594704684318,0.3903014377075436
0.5489908398567583,0.3800667168999738
0.5306415961235897,0.3755192142400066
0.553826700514474,0.38196371842590515
0.6735938842289169,0.40736309215035144
0.6571654713757591,0.40394773211763674
0.6871072673043699,0.40887766422694344
0.5663651895251978,0.3842317901106015
0.5093869750291986,0.36945335307325605
0.529676354475343,0.3755192142400066
0.5856989797395781,0.3895441516692476
0.4997345585467323,0.36680285193922013
0.5316068377718364,0.3758978572591546
0.6716634009324236,0.4069844491312035
0.532572079420083,0.3758978572591546
0.5992220152315133,0.39219843923347497
0.5847337380913313,0.3891655086500997
0.5547822897462381,0.3823385750148616
0.500699800194979,0.36718149495836816
0.5702358085346668,0.38612879163653285
0.5441742840320075,0.37931321729186934
0.5238849045858631,0.3736259991442667
0.7624540303665026,0.4217742454591235
0.5200239379928767,0.3724900700868228
0.4958735919537457,0.36490963684348027
0.6658719510429437,0.40509123403546365
0.6030829818244999,0.3933343682909189
0.5885850522678354,0.3902976512773521
0.6069439484174863,0.3940916543292149
0.5151784249186785,0.3717252111881439
0.6397911217073196,0.400539944945305
0.6021177401762533,0.3929557252717709
0.5943958069902803,0.391441153195179
0.5509213231532516,0.38044535991912176
0.5093869750291986,0.36983199609240397
0.49587359195374575,0.36490963684348027
0.540294012606056,0.3785483583931904
0.5827936023783556,0.38802579316246427
0.5461047673285009,0.3796918603110173
0.5460854624955359,0.3796842874506343
0.638825880059073,0.4001613019261569
0.5035955251397187,0.36756013797751613
0.5229196629376165,0.3728687131059708
0.5538170480979915,0.38195993199571365
0.5209891796411233,0.3728687131059708
0.560593044468683,0.38348207693268854
0.5528614588662274,0.3812064323876092
0.7701759635524758,0.4236674605548634
0.5847240856748489,0.3891617222199082
0.5460951149120183,0.3796880738808258
0.011660119110819394,0.040923737509513405
0.4736537292111081,0.35732920360013776
0.575081321608865,0.3865150075160638
0.5760465632571117,0.38727229355435977
0.5789422882018516,0.3876509365735078
0.7392689259756182,0.4194948144838527
0.43983166185654593,0.3448188382474886
0.6513740214862792,0.4028118030601928
0.01940135712975743,0.052669243963483665
0.43114448702232616,0.34178969409430476
0.5055260084362122,0.36869606703496005
0.6214322255576685,0.3967459418934422
0.6755243675254102,0.40812037818864744
0.585698979739578,0.38954415166924766
0.564444358645187,0.38385693352164507
0.5828032547948381,0.38802957959265577
0.6417216050038129,0.40053994494530487
0.5142131832704319,0.37134656816899586
0.5006998001949788,0.3668028519392202
0.5750813216088649,0.3865150075160639
0.4775146958040947,0.3592224186958776
0.4746189708593548,0.35770784661928573
0.4842713873418211,0.3614942768107655
0.5518962172179807,0.38044914634931326
0.48137566239708124,0.3599797047341736
0.46301676624743016,0.353913843567423
0.5026302834914721,0.36718149495836816
0.7180239572977097,0.41570459786218145
0.5741064275441359,0.3865112210858724
0.490062837231301,0.3630088488873574
0.6040482234727466,0.39371301131006686
0.5663748419416803,0.384235576540793
0.5586529087557072,0.38272100446420115
0.5914904296290578,0.3906800807266916
0.6697329176359303,0.4062271630929075
0.6059883591857224,0.39371679774025836
0.4881323539348077,0.3622515628490615
0.5982567735832667,0.391819796214327
0.508421733380952,0.369074710054108
0.5499657339214874,0.3800705033301653
0.45915579965444364,0.3520206284716831
0.5055260084362121,0.36793878099666405
0.4958542871207808,0.3649020639830973
0.748930994874567,0.42101317299063606
0.5702358085346668,0.3857501486173849
0.5171089082151717,0.3717252111881439
0.5064912500844587,0.36869606703496005
0.511317458325692,0.369831996092404
0.5055260084362121,0.368317424015812
0.3770523450545845,0.3198132532629561
0.4765494541558481,0.35884377567672965
0.48041042074883455,0.35960106171502565
0.4746189708593547,0.35732920360013776
0.5596278028204363,0.38310343391354057
0.49392380382428747,0.36452342096394935
0.5518962172179807,0.38082778936846123
0.508421733380952,0.3690747100541081
0.606953600833969,0.39409544075940633
0.4852366289900678,0.3618729198299135
0.5760369108406291,0.38726850712416827
0.5180741498634184,0.37210385420729186
0.660061196320499,0.4047050181559326
0.5489811874402758,0.3800629304697823
0.45239910811671713,0.34974877035679525
0.49006283723130095,0.36263020586820943
0.42438779548459965,0.3395178359794169
0.4601210413026902,0.3523992714908311
0.6407563633555662,0.4005399449453049
0.6011524985280067,0.3929557252717709
0.5557571838109673,0.3823423614450531
0.5828032547948381,0.38802957959265577
0.47751469580409467,0.3592224186958776
0.5518962172179807,0.38082778936846123
0.48137566239708124,0.3599797047341736
0.5683053252381736,0.38499286257908893
0.5074564917327054,0.36869606703496005
0.5731315334794067,0.3865074346556809
0.4591557996544436,0.35202062847168314
0.6417216050038129,0.40091858796445284
0.6687676759876837,0.4050912340354636
0.48234090404532787,0.36111563379161754
0.4514338664684705,0.3493701273376473
0.43404021196706605,0.34330426617089665
0.0339378963523518,0.07465325765521523
0.42245731218810645,0.33876054994112087
0.6446173299485527,0.40129723098360087
0.3712608951651047,0.3182986811863642
0.45239910811671713,0.34974877035679525
0.43500545361531273,0.3436829091900446
0.6243279505024084,0.3971245849125902
0.6098493257787089,0.39447408377855436
0.3886352448335441,0.3247356125118798
0.028117489213424586,0.06290396477105349
0.45529483306145707,0.35126334243338714
0.6156407756681886,0.39523136981685025
0.47751469580409467,0.3588437756767297
0.5885850522678354,0.38991900825820414
0.5905348403972936,0.3903052241377351
0.7498962365228137,0.42101317299063606
0.6185365006129286,0.39598865585514625
0.6417216050038129,0.4005399449453049
0.3954112412042356,0.3273936865062986
0.479445179100588,0.3592224186958776
0.3828437949440643,0.32246375439699193
0.07265373886352447,0.12051071370422682
0.34129979440352903,0.3046523867762711
0.5200046331599117,0.3724824972264398
0.47266918272989655,0.35694298772060684
0.5605833920522004,0.38347829050249704
0.5345025627165763,0.37627650027830256
0.6455825715967993,0.4020545170218968
0.0009941988976940376,0.014021150999049605
0.5982471211667842,0.3918160097841355
0.044574859316029766,0.0867774071283335
0.4784799374523413,0.3592224186958777
0.4321097286705728,0.34216833711345274
0.550930975569734,0.38044914634931326
0.40216793274196205,0.33080147367863044
0.35965869055318006,0.31336874907705753
0.32875165297632275,0.2985940984699035
0.7296068570766693,0.41721916993877334
0.436935936911806,0.3440615522091926
0.4997152537137674,0.3664166360596892
0.46205152459918347,0.35353520054827503
0.46880821613691,0.3561857016823109
0.5142131832704319,0.37058928213069986
0.5132479416221852,0.36983199609240397
0.5451395256802543,0.37931321729186934
0.351936757367207,0.3092036758664298
0.6088840841304621,0.39409544075940633
0.458190558006197,0.3520206284716831
0.46108628295093684,0.35315655752912706
0.3316473779210627,0.30010867054649537
0.5335373210683296,0.3758978572591546
0.38091331164757103,0.322085111377844
0.5238655997528983,0.3732397832647358
0.4185963455951198,0.33724597786452903
0.5683149776546561,0.38499664900928043
0.007789500101350372,0.03372573371551035
0.5721759442476426,0.38613257806672435
0.0252121118522022,0.05759917607279033
0.25628131002596494,0.2606995051135739
0.4379011785600526,0.3444401952283406
0.47654945415584804,0.35884377567672965
0.031997760639376066,0.07351354216757983
0.4649472495439234,0.354292486586571
0.5663844943581628,0.3842393629709845
0.5663748419416803,0.384235576540793
0.19155220509454537,0.2228124846176273
0.3181146900126448,0.29366416636059683
0.3326126195693093,0.3008659565847913
0.4919933205277942,0.3641447779448014
0.550930975569734,0.38044914634931326
0.4639820078956768,0.3542924865865709
0.36738062373915314,0.31677653624938934
0.05716161040916593,0.10610334682564629
0.49102807887954764,0.3641447779448013
0.21956351772666277,0.24099492239711318
0.030057624926400326,0.06555825233528081
0.21475661431839455,0.23570149298942442
0.5692705668864202,0.38537150559823696
0.3799480699993244,0.322085111377844
0.4620515245991835,0.35353520054827503
0.48813235393480764,0.3622515628490615
0.038793061843032405,0.08602390752022902
0.4137508325209217,0.3349665468892582
0.412785590872675,0.3345879038701102
0.423422553836353,0.3391391929602689
0.5673400835899269,0.38461421955994096
0.38477427824055754,0.32435696949273185
0.6359108502813681,0.399396443027478
0.5354678043648229,0.37665514329745053
0.6504087798380326,0.4024331600410448
0.04264437601953649,0.08639876410918552
0.025192807019237262,0.05569838811666748
0.004893775156610457,0.029939303524030573
0.47073869943340324,0.3565643447014588
0.4717039410816499,0.3569429877206068
0.47556490767463644,0.35845755979719873
0.3944459995559889,0.3273936865062986
0.46784297448866335,0.3558070586631629
0.4726884875628615,0.3569505605809898
0.2833466858428008,0.2773749436768508
0.6272236754471483,0.3978818709508861
0.25243964826594334,0.25881386287821695
0.43500545361531273,0.34330426617089665
0.6262584337989017,0.3971245849125901
0.3983069661489754,0.32928690160203855
0.330682136272816,0.29935138450819937
0.4533643497649638,0.3505060563950912
0.6426868466520594,0.40129723098360087
0.4031331743902086,0.33155875971692633
0.40023744944546874,0.3300441876403345
0.48523662899006775,0.36149427681076557
0.37898282835107777,0.32170646835869604
0.07844518875300431,0.12884086012548232
0.5364330460130695,0.37665514329745053
0.4910280788795476,0.36376613492565335
0.6562002297275125,0.4035690890984887
0.47653014932288307,0.3588362028163467
0.3210104149573847,0.2955573814563367
0.3586934489049335,0.31299010605790956
0.45432959141321044,0.35088469941423917
0.4195422824104015,0.337995691042442
0.39444599955598886,0.32739368650629863
0.41471607416916834,0.33572383292755414
0.60018725687976,0.39257708225262294
0.3934807579077423,0.32739368650629863
0.4620515245991835,0.35353520054827503
0.038773757010067474,0.08147261843007032
0.4330749703188194,0.3425469801326007
0.4485381415237306,0.3486128412993513
0.4842713873418211,0.36111563379161754
0.4253530371328463,0.33951783597941687
0.2872076524357874,0.2777535866959988
0.41666586229862657,0.3364886918262331
0.44658835339427233,0.3474693393815244
0.08425594347544908,0.133392149215641
0.529676354475343,0.3755192142400066
0.3896004864817908,0.32549289855017577
0.5943861545737977,0.3914373667649875
0.21087634289244306,0.23417934805244958
0.3442148241812339,0.3065531747323939
0.487167112286561,0.36225156284906146
0.036843273713574196,0.07995804635347842
0.4224573121881064,0.3387605499411209
0.5364330460130695,0.37665514329745053
0.4379011785600526,0.34444019522834063
0.7170587156494631,0.41419002578558956
0.4456424165789907,0.3470982692227594
0.40506365768670194,0.33193740273607436
0.35772820725668686,0.31185417700046564
0.40120269109371537,0.33080147367863044
0.529676354475343,0.37514057122085864
0.43210972867057273,0.34216833711345274
0.22344378915261429,0.24138113827664412
0.2147373094854296,0.23569392012904145
0.5441646316155251,0.37893078784252987
0.575081321608865,0.3865150075160638
0.550911670736769,0.38044157348893026
0.46494724954392347,0.354292486586571
0.36062393220142674,0.31412603511535353
0.49488904547253415,0.3649020639830973
0.42824876207758616,0.34065376503686073
0.2698139979343829,0.26827993835691644
0.6166060173164353,0.3959886558551462
0.4987500120655208,0.36603799304054124
0.48234090404532787,0.3603583477533216
0.4012026910937154,0.33004418764033455
0.27852047760156756,0.273209870466223
0.46591249119217004,0.35467112960571895
0.3992722077972221,0.3296655446211865
0.4176117991139082,0.33685976198499806
0.40988986592793514,0.33420926085096225
0.38863524483354417,0.3251142555310278
0.3702763486838931,0.31791246530683326
0.49681952876902746,0.3656593500213932
0.31909923649385635,0.29405038224012775
0.46784297448866335,0.3558070586631629
0.16738255422244952,0.20537976001605437
0.46301676624743016,0.353913843567423
0.3954112412042356,0.3281509725445946
0.29591413210297207,0.2834408048436014
0.5915000820455403,0.3906838671568831
0.5799075298500982,0.3876509365735078
0.43114448702232616,0.3417896940943047
0.23890696035752537,0.2527480017114664
0.38380903659231097,0.32284239741613996
0.44755359504251896,0.3482266254198204
0.4079593826314419,0.3334519748126663
0.45432959141321044,0.35088469941423917
0.4185963455951198,0.33686733484538106
0.36353896197913155,0.3141336079757365
0.6745591258771635,0.40774173516949946
0.30170558199245195,0.28609130597763727
0.44079690350479256,0.34595476730493246
0.444677174930744,0.34671962620361146
0.4630167662474302,0.35391384356742295
0.4610862829509369,0.35315655752912706
0.13838669510912058,0.18188874710811387
0.08522118512369573,0.13604265034967683
0.2379224138763139,0.25160449979363947
0.242767926950512,0.25388393076891036
0.1722087624636827,0.20916619020753416
0.08618642677194235,0.13945043752200864
0.17510448740842263,0.21181669134157002
0.2553353732106832,0.259571148916513
0.17317400411192935,0.20992347624583013
0.3026708236406985,0.2872272350350812
0.391550274611249,0.3270150434871507
0.37222613681335126,0.3190559672246601
0.4456231117460257,0.3470906963623765
0.42050752405864816,0.33837433406158995
0.34518006582948046,0.30731046077068985
0.42149207053985976,0.338381906921973
0.30074034034420527,0.2853340199393413
0.4939238038242875,0.3645234209639493
0.5373982876613161,0.37665514329745053
0.3345431028658026,0.3023805286613832
0.4301792453740795,0.3414110510751568
0.40602889933494857,0.33269468877437025
0.4456424165789907,0.3470982692227594
0.22826999739384746,0.24554621148727185
0.23215026881979894,0.25047614359657855
0.2785011727686027,0.2728236545866922
0.2543701315624366,0.259192505897365
0.41568131581741496,0.3361024759467021
0.087151668420189,0.1394504375220086
0.43886642020829925,0.3448188382474886
0.7537572031158002,0.42139181600978404
0.20025868476173,0.2277424167269339
0.6117798090752021,0.3948527267977023
0.41375083252092165,0.3349665468892582
0.16545207092595623,0.20424383095861046
0.33357786121755595,0.30162324262308726
0.21765233926313446,0.23873063714260825
0.14226696653507206,0.18227496298764484
0.38672406637001583,0.3243645423531148
0.44950338317197724,0.34899148431849925
0.38380903659231097,0.3228423974161399
0.5373982876613161,0.3770337863165985
0.01746122141678169,0.04509259715033263
0.6030829818244999,0.3929557252717709
0.42631827878109296,0.3406537650368608
0.4147160741691683,0.33572383292755414
0.3171494483643981,0.29366416636059683
0.1799500004826208,0.21447476533598878
0.6127450507234486,0.3952313698168503
0.03877375701006747,0.08222990446836628
0.34324958253298726,0.30541724567495
0.3451800658294805,0.3069318177515419
0.4436926284495324,0.3463334103240805
0.4436926284495325,0.3467120533432284
0.28819219891699893,0.28003301767126954
0.4485188366907656,0.34860526843896833
0.6426868466520594,0.4012972309836009
0.0987538730321136,0.1508173009568309
0.1625370411482514,0.20196439998333968
0.4137508325209217,0.33534518990840617
0.053281338983214445,0.09662969848656387
0.04653429986197045,0.09549755585931144
0.2649877896931497,0.2667653662803246
0.20315440970646995,0.22963563182267382
0.3770523450545845,0.3209491823204
0.4031331743902086,0.33118011669777836
0.44853814152373056,0.34861284129935133
0.35483248231194686,0.3110968909621697
0.39734172450072885,0.3289082585828906
0.26790281947085454,0.2679088681981514
0.22247854750436763,0.2410024952574961
0.3442148241812339,0.3065531747323939
0.3577282072566868,0.3114755339813176
0.60018725687976,0.39257708225262294
0.43983166185654593,0.3455761242857845
0.3963764828524822,0.3289082585828906
0.43597069526355936,0.3436829091900446
0.2620727599154448,0.26448593530505377
0.017470873833264157,0.04547502659967209
0.6388258800590729,0.40016130192615695
0.16738255422244952,0.20803026115009024
0.4485188366907656,0.3486052684389684
0.39153096977828405,0.3262501845884717
0.5045607667879654,0.36756013797751613
0.4562600747097037,0.35126334243338714
0.40023744944546874,0.3300441876403345
0.4118203492244284,0.33458790387011017
0.4456231117460257,0.34709069636237644
0.009719983397843648,0.034104376734658326
0.43307497031881936,0.3429256231517486
0.2253742724491076,0.24213842431494004
0.46880821613691,0.35618570168231084
0.5200046331599116,0.37248249722643983
0.3132884817714116,0.290256379188265
0.4301792453740795,0.3414110510751568
0.4572253163579504,0.3516419854525351
0.6059883591857224,0.39371679774025836
0.4166465574656616,0.3364811189658501
0.36448489879441326,0.3148833211536494
0.5837588440266023,0.38878307920076016
0.41375083252092165,0.3349665468892582
0.055231127112672654,0.1057247038064983
0.28915744056524556,0.2800330176712696
0.25048986013648505,0.25880629001783406
0.5914904296290578,0.3906800807266915
0.2930184071582322,0.2819262327670095
0.4330749703188194,0.3429256231517487
0.6098493257787089,0.3948527267977023
0.30556654858543847,0.28874180711167313
0.35772820725668686,0.3122328200196136
0.25823109815542317,0.2633575791079927
0.3847742782405576,0.32322104043528793
0.44658835339427233,0.3478479824006724
0.34035385758824727,0.304281316617506
0.3847742782405576,0.32322104043528793
0.3268211696798295,0.2982154554507555
0.31521896506790487,0.2929068803223009
0.25535467804364814,0.2599573647960438
0.447553595042519,0.3482266254198204
0.4311444870223261,0.34178969409430476
0.4514338664684705,0.3493701273376473
0.2939836488064788,0.28306216182445343
0.19734365498402517,0.22432705669421918
0.27850117276860265,0.2728236545866921
0.45432959141321044,0.35088469941423917
0.27367496452736945,0.27206636854839616
0.49102807887954775,0.3633874919065054
0.3355083445140492,0.3023805286613832
0.4282487620775862,0.34103240805600876
0.06586809007635061,0.11557699516472869
0.46687773284041667,0.35467112960571906
0.41568131581741496,0.3361024759467021
0.22923523904209409,0.2481967126213077
0.32392544473508955,0.2963222403550156
0.32778641132807607,0.2982154554507555
0.37319137846159794,0.31943461024380815
0.5142131832704319,0.37021063911155194
0.26691827298964294,0.26790129533776846
0.21570255113367623,0.23607256314818945
0.33164737792106264,0.30010867054649537
0.1431935985173888,0.1856676044392107
0.38380903659231097,0.322463754396992
0.42921400372583285,0.34141105107515674
0.4407969035047925,0.3459547673049325
0.31427302825262315,0.2925358101635358
0.3413190992364939,0.30503860265580196
0.3645042036273782,0.3156481800523283
0.3760871034063379,0.31981325326295607
0.3471105491259738,0.3080677468089858
0.4504686248202239,0.3489914843184993
0.22440903080086091,0.24138113827664412
0.47073869943340324,0.35656434470145887
0.2427872317834769,0.2557847187250332
0.31907993166089144,0.2940428093797448
0.320064478142103,0.2944290252592757
0.36836517022036475,0.3167841091097722
0.3229602030868429,0.29556495431671964
0.012635013175548496,0.04319938205459274
0.6098493257787089,0.3948527267977023
0.426318278781093,0.3402751220177128
0.1915329002615804,0.22053305364235645
0.4350054536153127,0.3436829091900446
0.10166890280981843,0.1568831621235815
0.2601615814519164,0.26411486514628874
0.4137508325209217,0.3349665468892582
0.4379011785600526,0.34444019522834063
0.3393693111070358,0.3042737437571231
0.26788351463788956,0.26790129533776846
0.4040984160384553,0.3319374027360743
0.4118203492244284,0.3345879038701102
0.649443538189786,0.4020545170218968
0.5596181504039538,0.38309964748334907
0.25630061485892985,0.26260029306969673
0.30942751517842504,0.289499093149969
0.33840406945878915,0.3031378146996792
0.07360932809528865,0.12467200048466312
0.49006283723130095,0.3626302058682095
0.1500082045540101,0.1936418264224671
0.45722531635795033,0.35164198545253517
0.5335373210683295,0.3758978572591546
0.36546944527562486,0.31602682307147634
0.44851883669076564,0.3486052684389684
0.5915000820455404,0.390683867156883
0.2099111012441964,0.23380070503330158
0.4784799374523413,0.3592224186958777
0.24180268530226534,0.25350528774976233
0.24857868167295674,0.2580565768399211
0.45141456163550553,0.34936255447726433
0.33164737792106264,0.2997300275273474
0.2872076524357874,0.27926815877259065
0.08813621490140057,0.14135122547813148
0.3538672406637002,0.3103396049238737
0.3248906863833362,0.29745816941245956
0.09296242314263375,0.14854544284194307
0.07263443403055954,0.12012449782469588
0.11327110742174304,0.1678713825392558
0.6349649134660864,0.39826808683041703
0.19736295981699012,0.22698513068863796
0.3905657281300375,0.3258715415693238
0.12583855368191427,0.17848095993578209
0.44467717493074405,0.3467196262036114
0.44272738680128587,0.34633341032408044
0.16354089246242792,0.2038727607998454
0.27946641441684933,0.2735809406249881
0.11906255731122287,0.16825002555840377
0.3905850329630024,0.3258791144297067
0.4591557996544436,0.35202062847168314
0.2804509608980608,0.2747244425428149
0.22826999739384746,0.24592485450641982
0.07846449358596924,0.1299843620433092
0.29492958562176047,0.2834332319832185
0.30942751517842504,0.290256379188265
0.18189978861207895,0.2163755532921116
0.2253935772820725,0.24403921227106282
0.26305730639665637,0.2644935081654367
0.2698139979343829,0.27093043949095225
0.35097151571896035,0.3088250328472818
0.39251551625949566,0.3270150434871507
0.2553353732106832,0.25957114891651295
0.11134062412524977,0.16484223838607195
0.3133077866043765,0.29064259506779594
0.27464020617561613,0.27206636854839616
0.27755523595332093,0.27207394140877916
0.3857395198888042,0.32435696949273185
0.18574145037210057,0.21939712458491256
0.36933041186861143,0.31716275212892026
0.24568295672821683,0.25654200476332917
0.09006669819789384,0.14210851151642742
0.3393886159400007,0.30428131661750607
0.134525728516134,0.17885960295493006
0.264022548044903,0.26600808024202854
0.2987905522147471,0.28419051802151446
0.05813650447389504,0.10913627740902158
0.03102286657464696,0.06858739648846465
0.20216986322525834,0.2288707729239949
0.35290199901545355,0.3103396049238737
0.21668709761488777,0.23797335110431225
0.4311444870223261,0.34178969409430476
0.10263414445806508,0.15801909118102542
0.28141620254630745,0.2751030855619629
0.2524396482659433,0.25881386287821706
0.18865648014980546,0.21940469744529545
0.12099304060771617,0.1705218836732916
0.514213183270432,0.37021063911155194
0.14323220818331867,0.19136239544719627
0.4330749703188194,0.3425469801326007
0.05813650447389504,0.10837899137072561
0.15481510796227832,0.20044982790674773
0.14998889972104512,0.19211968148549222
0.6542697464310191,0.4035690890984887
0.07650505304002857,0.12732250161869896
0.29591413210297207,0.2838194478627494
0.4726884875628614,0.35695056058098984
0.2060308298182449,0.2330358461346227
0.48523662899006775,0.3614942768107655
0.2041196513547166,0.23266477597585764
0.5287111128270965,0.37438328518256264
0.06104188183511742,0.11481970912643273
0.2060501346512099,0.2330434189950056
