0.11445688654684609,0.139085217256757
0.8543019353219786,0.4126635020805588
0.10194159530754995,0.12737551185061974
0.9510053009629561,0.42262697487303896
3.136664471001537e-05,0.022330778455026224
0.8593205984755812,0.41531600731649365
0.10696025846115242,0.13201739601350565
0.09817759794234812,0.12604925923265234
0.8492832721683762,0.41155829156558604
0.1748376776136257,0.18420543653052315
0.010162792886044979,0.041578019573278224
0.9170979580314295,0.422179364614475
0.17232834603682448,0.1671851945999414
0.895737272983909,0.42128967014992186
0.8593205984755812,0.4157580915224828
0.03284087701138609,0.0864661446389001
0.016436121828048055,0.058598261503859946
0.7751638907186099,0.39827918722818734
0.7688905617766068,0.3969529346102199
0.7777359555848311,0.4000585761572936
0.6659138671936262,0.37947403031592447
0.6093911734261785,0.3628848204861822
0.6269878611084971,0.3701847359375778
0.24898842570810203,0.2275517929277579
0.3406731281954769,0.26890324434546675
0.6571312066748219,0.3759373566680114
0.6646592014052257,0.3783688198009516
0.18863900128603245,0.1928260785473113
0.050406198048994696,0.10304430236349268
0.7123678680091591,0.3892054089002603
0.6458078479345064,0.3737214095854908
0.6973118785483516,0.3863318615613309
0.3670524763965998,0.28681318074060164
0.6583858724632226,0.37704256718298423
0.49766318496910383,0.32839120031387986
0.444904488566858,0.3102546957631756
0.5905711866001693,0.3593481468382691
0.4838304946519871,0.3228596216864409
0.7186725635958721,0.38965301915882433
0.2238323766506697,0.20720486734710794
0.5001725165459051,0.3301595371378364
0.5152285060067124,0.3359066318156952
0.4210344719425363,0.3011864434878234
0.6985979109814623,0.3863373876139058
0.45870581223926477,0.31887533777996374
0.559173175245444,0.3458590525030256
0.5717511997741601,0.3516116732334592
0.6772058592892318,0.3805792408308973
0.3105297826291522,0.26027707627610375
0.40594711583701887,0.30118091743524855
0.559173175245444,0.3443117577820636
0.5227565007371161,0.33789601074264625
0.09312756814403564,0.11874934378125673
0.19121106615225372,0.20676278314111882
0.6558765408864213,0.37593735666801137
0.4964085191807032,0.3277280740048962
0.11831498384617799,0.1512591110791828
0.5617138734669552,0.35139063113046465
0.7274552241146764,0.39208448229176457
0.8279225871208558,0.4084581760710872
0.3996737868950158,0.29322340172744416
0.33060443524356203,0.2666872972629462
0.24396976255449956,0.2255624140008068
0.5127191744299111,0.3359066318156952
0.35826981587779555,0.2812871281657374
0.6194598663780935,0.3664270201866701
0.663404535616825,0.3772636092859788
0.5604278410338446,0.3463011367090147
0.31680311157115526,0.26381374992401685
0.23634766788996583,0.21913561485623975
0.4361218280480537,0.3078232326302353
0.09563689972083687,0.12471748056211007
0.5742291647062513,0.3564690734467649
0.4210658385872463,0.3058338537032842
0.5805338602929644,0.3571377258083234
0.4888805244502996,0.325738695077945
0.5277751638907185,0.3434220633175105
0.29418776073523417,0.2514298661037461
0.46874313854646965,0.3210857588099094
0.6898152504626579,0.38390592448096555
0.4486684859320598,0.3137913694110887
0.6332611900505003,0.37151098855554515
0.3545058185125937,0.2788556650327972
0.6282738935416078,0.37019026199015265
0.5943351839653712,0.36222169417719846
0.3783444684922053,0.2921181912124713
0.24898842570810206,0.22821491923674164
0.3017471221103479,0.25563519211321784
0.25773971958219627,0.2397035825398843
0.49766318496910383,0.3290543266228636
0.13584893823907657,0.1654002796182603
0.2540070888617045,0.23329888760561668
0.5265204981023179,0.3414326843905594
0.6056271760609767,0.362442736280193
0.5001725165459051,0.3343593370947332
0.6119005050029798,0.36376898889816045
0.6182052005896929,0.36465868336271356
0.5868071892349676,0.3584639784262908
