0.3167915905691406,0.1220348844580989
0.33647640219160874,0.1292239692968761
0.512383581115142,0.16869660173473314
0.5571413224028362,0.17881862149853434
0.508144156949598,0.16741772492233145
0.4167196939020057,0.15326030108535607
0.4005085105269392,0.1488166392749141
0.4498940832624008,0.16117683127890597
0.4248156442740227,0.153436629996186
0.4433407433729729,0.15825515809316235
0.5027340016142317,0.16621563269593204
0.36193498447748207,0.1376475927717275
0.41517708341941656,0.15070238995370958
0.4163340412813584,0.1513528932156369
0.38894168656909656,0.14598316992129623
0.398585756746855,0.14808911516671983
0.46648265527338645,0.1636907980013327
0.438316240658254,0.1567112760172757
0.385473567644847,0.14543197472393188
0.29481214585382115,0.12053549806538282
0.3330055286057832,0.12852936411888585
0.3175739144567395,0.12645641655708786
0.38508791502419976,0.1444396816125173
0.36965354621357993,0.13857389051589084
0.2778351665606122,0.11411843301797053
0.2666539952234168,0.11179213569907563
0.34342916800956425,0.13451651423810673
0.37428964164607564,0.14406481532598286
0.33879582723864465,0.1309220505721397
0.35461033934675956,0.1364899962284987
0.33918698918244394,0.13103246286913994
0.23655105352031977,0.09791042759091473
0.2620206544524973,0.10914586322846029
0.2542993380548233,0.10418416141112272
0.2577702116406489,0.10506619973238013
0.2774467592783889,0.11227709926892412
0.24619512369807808,0.10088738567858005
0.2905617030419728,0.11561789816410811
0.44140972560816044,0.15741714293454623
0.32798653521421633,0.12776844855995828
0.34882279537547417,0.13540942053153682
0.3252869668696852,0.12737153131539242
0.3638632475807185,0.13834219794971772
0.41478592147561716,0.15018403493312776
0.5949380338878467,0.1799102226745119
0.43176014610725,0.15544334593046819
0.4201905674878313,0.15341465779157612
0.446040311717504,0.1603058971900858
0.5270438900228913,0.17283131387247033
0.4105437426484969,0.14978711768856193
0.48229716738150136,0.16516829094286037
0.4772836833130865,0.1646170169920745
0.43369667319521465,0.15660125748738313
