0.2998141618558377,0.11993089558601816
0.4135216681623222,0.16345164896133757
0.4180439652065771,0.1653246333932434
0.4073105758156033,0.16301661565869432
0.3756262321492923,0.15077470229620268
0.3569576246634775,0.14598225782828544
0.39088898467365263,0.1573083689191301
0.3269620762996304,0.12968892668736023
0.4695133584415033,0.18074626451222642
0.4440613053893062,0.17625872448671245
0.4429236650391108,0.17447231113756034
0.5447318772478995,0.20474932226820594
0.49948064244882384,0.19046019336386372
0.453105899477816,0.178785075580911
0.44235131181944726,0.1739490733355076
0.4259438528557599,0.1667609511058503
0.37447445962083364,0.14955345110993384
0.45875877078313465,0.17943844224320377
0.5328467153284672,0.20034889779766432
0.498915355318292,0.18775961115972042
0.4972124278375647,0.18767195113252946
0.4887260547904551,0.18653890444567015
0.4417860246889154,0.17233743556851885
0.4706368666134354,0.18392543779649914
0.49551656644596914,0.18671368002783342
0.3874972618904615,0.1542593244950973
0.3965418559789713,0.15992183556830106
0.4067311565068082,0.16048917562005854
0.32867913595862097,0.13374143341023098
0.2540259042827566,0.10625375345535683
0.3931642653740434,0.1597051356253073
0.34565188205284014,0.13879522454306528
0.3156633997781248,0.1276858133952144
0.32811384882808914,0.13077950454117054
0.33319436691374427,0.1379659933541721
0.38240967771567475,0.15395442005269405
0.3083076009920789,0.12402641561415649
0.22516799626910494,0.09161616233112513
0.2534606171522248,0.10364028680618585
0.25911348845754345,0.10742981344748376
0.28343496724867684,0.11988842675296915
0.23988665993032837,0.10093916012982394
0.19915772217550753,0.0844721423511726
0.23535023070781017,0.09958778008331513
0.2228997816578458,0.08978619120448687
0.2681580825460532,0.10934635565687578
0.23082086757442358,0.09693021118443942
0.21893570565499113,0.08734641119304208
0.2664622211544576,0.1075169290024561
0.24610481836617887,0.10181031567954761
0.2495036072385017,0.10198509126171089
0.3145328255170611,0.1250287889685573
0.2760791684626309,0.11209104011072386
0.303785303947824,0.1225018934021401
0.28116675263741775,0.11309286899290606
0.2590993562792801,0.10642689562086438
0.2574176270659478,0.10629731123284297
0.692900700249433,0.23576736008833515
0.5045682266236106,0.19681962887684637
0.548681821072491,0.2049230089059321
0.520975685587298,0.19930351113799594
0.5843302407416566,0.21794950673539362
0.5351149299397262,0.2038340644687775
0.5322814281979352,0.20026178224269198
0.6352202146677879,0.22901427116132111
0.5684810028193695,0.2103252622586559
0.47743444435808113,0.18510258673306326
0.6103263826569908,0.22413416666621297
0.6069417259629312,0.2219132644866362
0.5809314518693338,0.2140287622894186
0.5758297355162838,0.21328719112771632
0.5571681941196005,0.20675298003257034
0.5650892800361783,0.21023814670368354
0.419732760509041,0.1661516866932623
0.32019276291151133,0.12855751341715665
0.35017417909709514,0.14563379560839598
0.32810678273895744,0.12982068896425594
0.3100034623836745,0.12472334005393541
0.42596505112315475,0.1681128756245777
0.49324835183471,0.1865824622231563
0.4288056189540774,0.1689851201187385
0.4146522424233859,0.16523751783827106
