0.07935761111633889,0.1437326274722178
0.051692230482105334,0.1061444178579915
0.3205671089363571,0.27530793927973435
0.13221040745271478,0.1848740888920817
0.2502117248517926,0.2439033824967811
0.2540070888617045,0.24832975060924734
0.25149775728490326,0.24390890854935596
0.08064364354944953,0.14594857455473834
0.1284150434428029,0.1804477207796155
0.1761550766914463,0.2076469515530971
0.10956368997208368,0.16717966854736654
0.18371443806656002,0.21450478279850357
0.25529312129481513,0.2483352766618222
0.2088077538345723,0.22511480374224282
0.2942191273799442,0.2620454131000603
0.2892318308710518,0.2591773918137057
0.3181205106489759,0.27421378086991116
0.27411310812082434,0.2560717502666321
0.27536777390922496,0.2587242555025669
0.23267777045889404,0.23993015069545376
0.1271290110096923,0.18044219472704062
0.3105297826291522,0.2675714656749245
0.29042376337003234,0.25982946601753976
0.2954737931683448,0.2664662551599516
0.3318904676766727,0.277965970568244
0.2703177441109125,0.2516453821541658
0.46999780433487026,0.3230751377368604
0.4222891377309369,0.308038748680655
0.2766538063423356,0.25872978155514176
0.29547379316834477,0.2644768762330005
0.31307048085066347,0.2702294969634342
0.4398544587685455,0.31334375915252466
0.4763024999215834,0.32573316902537014
0.4436498227784574,0.3177701272649908
0.29293309494683356,0.26203988704748543
0.3117844484175528,0.2702239709108593
0.16988174774944326,0.20477340421416773
0.14977572849032342,0.19703140455678295
0.16109908723063893,0.19991047794828723
0.20002509331576804,0.222462298506308
0.1635770521627302,0.2023364150286526
0.13092437501960416,0.18486856283950684
0.15981305479752833,0.19990495189571234
0.17866440826824753,0.21206779361298847
0.17113641353784387,0.20742590945010253
0.15978168815281835,0.19791004691618636
0.19751576173896676,0.21804145644641665
0.17486904425833572,0.2076414255005222
0.22511840908378034,0.23329336155304187
0.33941846240707635,0.27862909687722776
0.34067312819547696,0.2830499389371191
0.2665851133904207,0.2514298661037462
0.42228913773093696,0.3100281276076061
0.17995044070135816,0.21207331966556334
0.19375176437376493,0.21737833013743296
0.1824284056334494,0.2144992567459287
0.2967598256014555,0.26647178121252646
0.31683447821586525,0.2742082548173363
0.37708980270380477,0.29256027541846036
0.4059784824817289,0.30428103292974734
0.4423951569900567,0.3157807483380397
0.05166086383739532,0.08381363940296527
0.39845048775132524,0.30229165400279623
0.22135441171857848,0.2308618984201016
0.24898842570810203,0.24324578224037224
0.5277751638907187,0.34342206331751046
0.5076691446315987,0.3356800636601257
0.47125247012327093,0.32484347456081697
0.4712524701232709,0.3241803482518333
0.5466265173614379,0.3449748840910473
0.49264452181550145,0.3325910002707766
0.5591731752454441,0.3502798945629169
0.5290611963238293,0.34342758937008533
0.4888805244502996,0.3290543266228635
0.5227565007371161,0.33944330546360824
0.5453718515730372,0.34386967357607445
0.29296446159154355,0.26204541310006024
0.2916784291584329,0.2620398870474854
0.24400112919920955,0.24126192936599603
0.26410714845832944,0.24900392902338075
0.34321382641698817,0.2830554649896939
0.20131112574887866,0.22246782455888287
0.23396380289200466,0.23993567674802863
0.24271509676609893,0.24125640331342116
0.3620338132429974,0.2907919385945038
0.3381324299739657,0.2786235708246529
0.4411718578463662,0.3142389796696526
0.15106176092343404,0.19703693060935784
0.585521156801857,0.3555849050347865
0.6420438505693046,0.36930056752559953
0.6056271760609768,0.36332690469217127
0.2715724098993131,0.2542978873901007
0.3167717449264452,0.27088157116726813
0.2238951099400897,0.232635761296633
0.20378909068096987,0.2248937616392483
0.23142310467049343,0.2372776454595189
0.21131708541137356,0.22953564580213418
0.17863304162353755,0.2100728886334625
0.12966970923120358,0.1833212681185449
0.1258743452212917,0.17889490000607866
0.19622972930585614,0.21803593039384178
0.33944982905178633,0.27863462292980257
0.2628211160252188,0.2489984029708059
0.2527837897180139,0.2476721503528385
0.28920046422634177,0.2591718657611309
0.45870581223926477,0.32086471670691474
0.35698378344468495,0.28680765468802677
0.26787114582353133,0.25143539215632105
0.0718609830306452,0.13622272202297733
0.06806561902073335,0.12980697498356
0.11586838555879678,0.17801625764667525
0.14475706533672095,0.19305264670288075
0.14604309776983154,0.19305817275545561
0.10081239609798942,0.16143809992208266
0.1171544179919074,0.17802178369925012
0.11207302154888492,0.173589889534209
0.11335905398199556,0.17359541558678387
0.2226404441516891,0.23086742447267647
0.1409617013268091,0.1886262785904145
0.16740378281735205,0.20345267764877517
0.395972522819234,0.298760506407458
0.3946864903861234,0.2987549803548832
0.4198111727988457,0.3064969800122679
0.40851918070324017,0.3062759379092733
0.3858724632226091,0.2985284121993137
0.36331984567610803,0.2907974646470787
0.4072331482701295,0.30627041185669845
0.4185251403657351,0.30649145395969307
0.43988582541325555,0.3142334536170777
0.3532197860794831,0.28327098104011367
0.38715849565571975,0.29853393825188856
0.47758853235469406,0.325738695077945
0.22888240644898217,0.23550378258298751
0.25278378971801385,0.24568277142588735
0.26529908095731003,0.2496560032272147
0.07813431197264831,0.13887522725891216
0.06677958658762272,0.12980144893098514
0.1032903610300806,0.16253778438448063
0.09071233650136445,0.15501682683009047
0.4599918446723754,0.3208702427594896
0.5013958156895957,0.3341327689391637
0.6282738935416079,0.36665358834223954
0.6269878611084972,0.3666480622896647
0.569210501552649,0.35249031559286265
0.4913584893823908,0.3325854742182017
0.6583858724632226,0.3735058935350712
0.5968445155421725,0.36089544155923103
0.67344186192403,0.37637944087400055
0.19124243279696373,0.2151679091074873
0.3770898027038048,0.2945496543454115
0.3532511527241931,0.2857079702256287
0.4210658385872463,0.30671802211526245
0.6596719048963332,0.37351141958764605
0.6960885794046612,0.37948508242107415
0.5981305479752832,0.3609009676118059
0.05677362692512782,0.11477611197992937
0.052978262915215964,0.10614994391056637
0.06307832251184092,0.12517061687324893
0.08443900755936137,0.15236432159415567
0.10827765753897306,0.16717414249479168
0.07810294532793827,0.1375434485883699
0.1485210627019228,0.195484109835821
0.05928295850192905,0.12074424876078273
0.08942630406825382,0.1550113007775156
0.0945077005112763,0.1614325738695078
0.6295285593300085,0.3677587988572124
0.6257331953200966,0.36333243074474614
0.6370565540604122,0.36908505147517984
0.644584548790816,0.37063234619614177
0.1924657319406543,0.2173728040848581
0.48006649728678524,0.3286067163642995
0.4549731815187729,0.31888086383253855
0.43486716225965305,0.31312824310210485
0.5478811831498385,0.3491746840479441
0.45625921395188357,0.3188863898851134
0.4361531946927637,0.3131337691546797
0.46626517361437847,0.3221964953774571
0.5014585489790158,0.33436486314730807
0.4675512060474891,0.32286514773901565
0.16611775038424142,0.2034471515962003
0.1987704275273674,0.22091500378534606
0.44493585521156803,0.3177756533175657
0.4725385025563816,0.32484900061339184
0.5252971989586275,0.3405540420311559
0.33317650010978334,0.2779714966208189
0.4298484991060506,0.31135990627814836
0.3821398325021173,0.29654455932493745
0.07681691289482764,0.13753792253579503
0.5114645086415106,0.3376749686396517
0.5704965339857595,0.3536010521604103
0.5880932216680781,0.3584695044788657
0.5868071892349674,0.35846397842629085
0.526520498102318,0.34143268439055935
0.5491672155829491,0.349180210100519
0.5842978576581663,0.3551483468813723
0.5780245287161633,0.35492730477837775
0.47630249992158336,0.32507004271638645
0.48759449201718896,0.3290488005702886
0.5604278410338447,0.3513851050778897
0.5240111665255168,0.34054851597858105
0.13597440481791664,0.18575825730405998
