0.5795146837235312,0.1751693454511748
0.2685850129882293,0.11203477499084295
0.2681855870597018,0.1096308267983088
0.2770693706424697,0.11575036141913982
0.262009635806193,0.10503304454191144
0.2569989063993543,0.10495594494222296
0.5366962241853779,0.1740775080149326
0.4610890279074764,0.1646611976615589
0.30215882827715207,0.1327743310467803
0.3696673195214602,0.14918079509611898
0.2778324118990361,0.11932238035996773
0.43254522465642486,0.1604052052546488
0.4811484735042877,0.16848719638685608
0.46841918236135105,0.1651243465336406
0.3908837229802134,0.15401011241184642
0.33301654725208735,0.13908106255061387
0.2681828323981258,0.10830769056300113
0.4213612986576534,0.15955624337043856
0.4445059652196429,0.1635696752390029
0.39551706375113294,0.1543961616842396
0.28016285559237625,0.1262027517863048
0.3604089019643492,0.1486073914338801
0.42251825651959535,0.16023982306941303
0.29790287614215155,0.1282534908832283
0.34112351627040866,0.14577376457341915
0.3067756410786153,0.13368913079139866
0.33417075045245315,0.14200273573635752
0.28517358499921497,0.12673189602563772
0.49195225620556393,0.16986553877066382
0.38587023891179856,0.15385575570562635
0.403618523446302,0.15908206901934113
0.3191220342624807,0.1339649252736347
0.34112627093198467,0.14802304104604705
0.3330137925905113,0.13546462668003695
0.3283859611427437,0.13426284946732372
0.3800826949405131,0.15098905240811822
0.44450871988121904,0.16369103426159734
0.40168750568148953,0.15597280518348722
0.29173518887337097,0.12818741676255554
