0.3184757032525208,0.1265086644586503
0.389758410412589,0.152996148947998
0.5565887748108055,0.20126361112487418
0.6493453268419527,0.21551081566838592
0.5927954155213714,0.20980311340104024
0.6131528183096501,0.21206866230254032
0.31791041612198895,0.123808082254507
0.5204174645458978,0.19294462009723184
0.5667780753386423,0.20435730227083032
0.3914472057150529,0.15325695114069654
0.5039888073148154,0.18431745779387482
0.4666727906105808,0.18126786889762345
0.4859066852269274,0.1826628067216184
0.40615173719801306,0.16266597554993056
0.5701839303000967,0.20788657119164822
0.6719497459740957,0.2189077778400896
0.4966542067961645,0.18410075785088104
0.39370128814804867,0.1596593999589468
0.3343532055313346,0.13910067345768717
0.6402936666643112,0.2126354578820793
0.26473809540633547,0.09980502449852748
0.38184439058514286,0.1497728734140205
0.3286862020477526,0.13679102230648232
0.3563994036220773,0.14829136450727168
0.28737077889500495,0.11326601115841363
0.5452830322001682,0.1973869689286039
0.2647451614954671,0.10982385779256808
0.24775121713385292,0.08246685117015247
0.34281838031104916,0.14376026670427156
0.25398350774796674,0.0895678578448374
0.32414977282523444,0.13622368225472478
0.3235915517838342,0.1303439267663087
0.5175698306258434,0.1876289378272618
0.29982829403410094,0.12189208451733355
0.4231386154704955,0.1748207733574498
0.2896389935062641,0.11731742893684721
0.5119169593205247,0.1852332600655218
0.5056917347955427,0.18518915781581702
0.5368037252421901,0.19695139115374208
