0.0015618931136215262,0.013054718428560529
0.9332765873048666,0.25213057537801065
0.0007878332107508932,0.010673136207743968
0.9197759909206354,0.25210844566655766
0.9105175733635243,0.25144683817219304
0.011608143881483441,0.026594557933812633
0.03282730200181257,0.03380545747035662
1.3773307880260371e-05,0.008589241920351784
0.8985568328003063,0.25069694809228116
1.1018646304208297e-05,0.006913290356541153
8.263984728156224e-06,0.005116058523557629
0.07759881659738696,0.05845945234398139
0.010057269414166122,0.021478499410255
0.7573776723660615,0.23527143666165515
0.7805223389280507,0.23850205952010353
0.759691588089945,0.23646218839535266
0.8487993807520774,0.24577934819100647
0.8731010051760091,0.24756563329839582
0.8769575313824819,0.2480617798541031
0.881199710209602,0.24837049326654317
0.7373182267692501,0.2338379668827688
0.6829274339501019,0.22758612651374915
0.6860154095768562,0.2279610715537051
0.6875580200594454,0.22819260661303517
0.7022155743056185,0.23016624611027017
0.8260376121491592,0.24392683145610122
0.8048212086904061,0.24132466090154878
0.6721264059104018,0.22616376096730004
0.6925715041278603,0.22876593152185248
0.6863983075359275,0.22799406923733073
0.6613281325322777,0.22449891363592667
0.6474391288658231,0.22253622086428582
0.6952710724723914,0.22924002711952834
0.10306841752956444,0.07225279911317348
0.704146592070431,0.23028760513286461
0.6740546690136383,0.22635119411056723
0.783607559893229,0.23871154362140218
0.6647990061181033,0.22507223854474398
0.6478247814864705,0.22265750113345872
0.6732833637723437,0.22618581192533146
0.6933428093691549,0.22892028822807253
0.7130166023453187,0.23105938866396486
0.652452612934238,0.22330800439538606
0.6914145462659185,0.22874388056382106
0.08686549813922614,0.06327790168753619
0.6489817393484124,0.22273467948656875
0.7311477848388934,0.23352925347032868
0.726519953391126,0.2327795208972599
0.7635481142964178,0.2370906406992486
0.669812490186518,0.2257006908486399
0.7164874759311443,0.23199655438030084
0.7323047427008353,0.23361745730245442
0.7299908269769515,0.23344104963820295
0.8048239633519821,0.24146807088217467
0.8329793593208105,0.2443457996586985
0.6971993355756277,0.22941643478377985
0.6362524482054758,0.22093744765358522
0.8221810859426862,0.24337555750531534
0.710702686621435,0.23100426126888626
0.7218866126202065,0.23222808943963094
0.7053035499323729,0.23054119115022612
0.6605540726294071,0.22444370748742654
0.6439682552799976,0.2219628959554685
0.6856297569562091,0.22787286772157936
0.6659559639800452,0.225149416897854
0.6582401569055234,0.22412396859597072
0.6617110304913489,0.22469729350478804
0.6408802796532432,0.22158795091551256
0.7404034477344283,0.23454359753977472
0.7674046405028907,0.2377852458772388
0.6840871464736198,0.22764133266224928
0.6489817393484123,0.22275673044460018
0.6520669603135906,0.22329697891637035
0.002338707678068211,0.016737385926653317
0.6512956550722961,0.22305441837802456
0.7666333352615962,0.2376529401290502
0.6736690163929909,0.22619683740434718
0.6941141146104495,0.22898644110216684
0.7072318130356092,0.23071759881447762
0.8526531522969744,0.246672333237858
0.6713551006691072,0.22586607303387565
0.6752143815371562,0.22653870600725598
0.6628679883532909,0.22477447185789806
0.08608868357477946,0.0622192981951842
0.6898719357833293,0.22851234550449098
0.8538101101589162,0.2467274606329366
0.6485960867277651,0.22272365400755303
0.038620355296250075,0.03786307000840536
0.738475184631192,0.23436718987552324
0.6539952234168271,0.22352851397570042
0.6416543395561138,0.2216431570640127
0.6674985744626343,0.22536992647816836
0.12121061866944341,0.08110673128332402
0.6647990061181032,0.22492890731753964
0.6694268375658707,0.22568966536962418
0.6813875781290888,0.22716723706457342
0.7423317108376647,0.23486333643123053
0.6701981428071654,0.22584402207584423
0.6821588833703833,0.2274649249979978
0.8082920822762317,0.24157824691891028
0.657854504284876,0.22400268832679782
0.6624823357326436,0.22476344637888235
0.787464086099702,0.23920769017710947
0.08685998881607404,0.06285877597809582
0.6686555323245761,0.22542505387324693
0.6740546690136383,0.2263401686315515
0.6752116268755801,0.22642837246367725
0.6493673919690597,0.22287801071377308
0.6755972794962274,0.2265717036908816
0.7839932125138763,0.23919666469809375
0.7839932125138762,0.23908640990793656
0.6894862831626819,0.22842414167236524
0.6655703113593979,0.2251383914188383
0.6536095707961798,0.2235174884966847
0.15555022987650852,0.09288241539263975
0.6894862831626818,0.22836901427728667
0.6686555323245762,0.22562351249552987
0.6404973816941719,0.22142264748369833
0.6501386972103542,0.22297724002491454
0.6293079463722485,0.2200112286628434
0.21458813677445657,0.11837426791803755
0.808677734896879,0.24230592853394764
0.6528382655548852,0.2234513356225904
0.6505243498310015,0.22298826550393025
0.6239088096831864,0.21909611390453881
0.633935777820016,0.22066173192477073
0.679070907743629,0.22708997995804187
0.6273796832690121,0.21969148977138758
0.6304649042341904,0.22008840701595342
0.7157161706898497,0.23166579000982931
0.6057776271896117,0.2164608669129392
0.6131050269819102,0.21716649756994513
0.6254514201657756,0.21931662348485317
0.8036670054900403,0.24081756762024734
0.04054861839948653,0.03855767518639557
0.6289222937516011,0.2198899483936705
0.6516813076929433,0.2231977496052289
0.4699893394597007,0.19060501607317967
0.5398145010894687,0.2047623611567335
0.602306753603786,0.2156560069447918
0.6632536409739381,0.2249178030851024
0.6242944623038337,0.21910713938355453
0.611562416499321,0.21706726825880368
0.6420399921767611,0.22178648829121703
0.6111767638786737,0.21699008990569363
0.624680114924481,0.21925047061075886
0.43179871136931486,0.18183944524199794
0.07026590748193631,0.0536411605072697
0.6320075147167795,0.22034199303331492
0.6771398899788165,0.22660478012792876
0.6663416166006925,0.22529274812505834
0.1520738469675308,0.0926948247425295
0.6844700444326911,0.22781766157307923
0.5849468763515059,0.21295460707909789
0.6748259742549328,0.22641734698466154
0.015076262805733003,0.02713472765216126
0.645896518383234,0.2223377622420029
0.6767542373581692,0.22659375464891304
0.6185096729941243,0.21823612654131283
0.6146476374644992,0.21749726194041666
0.8256519595285119,0.2435960670856297
0.6296935989928958,0.2200222541418591
0.6038493640863752,0.2161411280214834
0.6466678236245286,0.22243699155314436
0.6775255425994637,0.2267481113551331
0.7010586164436766,0.22991266009290867
0.5201407081133048,0.20082610764127923
0.20764638960280532,0.11818683477477034
0.6131050269819102,0.21715547209092942
0.602306753603786,0.21556780311266607
0.050200952561972996,0.04568044964423536
0.6269940306483647,0.21957020950221467
0.6289222937516012,0.21986789743563906
0.6555378338994162,0.2235615904127476
0.694885419851744,0.2291518232874026
0.7947914858920005,0.2401669068514769
0.7886210439616438,0.23988024439706823
0.019323950956005302,0.03075124227615974
0.0011789951545502879,0.012900440475762021
0.579933392283091,0.21219384902701338
0.517826792389421,0.20059457258194913
0.6825417813294548,0.22749792268162342
0.6046206693276698,0.2162072808955777
0.03321295462245986,0.034522113606378274
0.5641161255134002,0.2089742516475807
0.6123337217406155,0.2170893192168351
0.6293079463722484,0.2199009738726862
0.6084771955341426,0.21690188607356792
0.04093702568170987,0.041281047256699385
0.5922797854669564,0.2139580831763713
0.5972932695353713,0.2147188412284558
0.6578517496233001,0.2237710745140462
0.6080915429134953,0.216780605804395
0.6258370727864229,0.2193276489638689
0.6566947917613581,0.22369389616093618
0.6987419460582168,0.22964796984310992
0.6316218620961321,0.2203309675542992
0.25934587806215076,0.1363905306570926
0.6327788199580741,0.22040814590740923
0.5459849430198254,0.20555619564586514
0.6219805465799499,0.218776375013083
0.643196950038703,0.22186366664432705
0.16906459956861997,0.10324683818794364
0.00039942592852755076,0.009482305720624916
0.10500218995595301,0.07233013497312658
0.6312362094754849,0.22018763632709487
0.6574660970026527,0.2237600490350305
0.618124020373477,0.21822510106229712
0.46343324490869686,0.18927093311227783
0.62198054657995,0.21874329857603586
0.2250117761782376,0.1250780741732801
0.18256795061442727,0.10776744209123097
0.44954424124224235,0.18596313190071945
0.6555405885609923,0.223682949435342
0.5328672445946653,0.20308633083950128
0.6455108657625866,0.22221648197283
0.44105988358800186,0.18491571139422627
0.21922147754537613,0.12288384634230916
0.2632024042686236,0.13666616763248557
0.6401117290735246,0.22137854556763548
0.4927538627241952,0.19521398131543582
0.480793122160977,0.1928874477362763
0.5945937011908402,0.21428884754684283
0.5922742761438043,0.21373741608921382
0.2921483881097788,0.14813329583620433
0.0011762404929742357,0.012779081453167586
0.6015354483624915,0.21550165023857173
0.6428112974180558,0.22185264116531134
0.6154189427057939,0.21756341481451097
0.5706722200644041,0.2098893664058853
0.17099286267185643,0.10332401654105368
0.62622272540707,0.21941585279599463
0.6416543395561137,0.22166520802204412
0.07258533252897219,0.058305095637761345
0.1675219890860308,0.10291607381747214
0.5795477396624438,0.21205051779980902
0.5872607920753896,0.2132853714495694
0.09458956919847615,0.07073144051584751
0.7153305180692024,0.23163271357278217
0.6509100024516488,0.22304339289900885
0.615424452028946,0.21775100546462126
0.6412686869354666,0.22163213158499698
0.4723032551835845,0.19088065304857263
0.6011497957418441,0.21549062475955602
0.44530206241512205,0.18532365411780782
0.48156442740227157,0.1930638554005278
0.1598034273499329,0.09757958446702167
0.1798683822698962,0.1073925758046966
0.553317852135276,0.20712197117294018
0.3654444233253724,0.1656423865405363
0.6512956550722961,0.22305441837802456
0.6281509885103066,0.2197576426454819
0.5868751394547425,0.2130317854322079
0.6003784905005495,0.21524806422121026
0.628536641130954,0.2197686681244976
0.5239972343197776,0.20166404404647376
0.5822473080069749,0.21256871531354776
0.637795058688065,0.22115795723389958
0.6374121607289936,0.22093752640700676
0.1926004280744089,0.11269598871809987
0.27671126463758294,0.14225640050714058
0.2906057776271896,0.1478797098188428
0.4090396974279726,0.1772526884646163
0.6034637114657279,0.21613010254246767
0.5348010170210539,0.20364878777614603
0.41521564868148125,0.17849872510023548
0.05907647216001278,0.04905440372988805
0.17794011916665975,0.10715001526635079
0.43334683117505607,0.1827547175071456
0.5417427641927052,0.20504902361114216
0.15670718773845038,0.0968846642753453
0.2713066186253688,0.14032678417254693
0.5614165571688692,0.20888604781545497
0.49352516796548973,0.19659216619240055
0.5247685395610723,0.20198378293792954
0.6169670625115352,0.21797151504493562
0.5560174204798071,0.20803708593124473
0.06409271089000362,0.05155726621987751
0.6123337217406155,0.21711137017486654
0.5355723222623485,0.20390237379350754
0.5012382203784356,0.1971434401431864
0.6269940306483648,0.21954815854418325
0.46613281325322786,0.19052783772006968
0.6173527151321825,0.21798254052395133
0.6462821710038813,0.22242596607412865
0.6177383677528298,0.21808176983509278
0.5440566799165889,0.2054790172927551
0.5668156938579312,0.20941527080820943
0.007357701069635091,0.021202862434862066
0.5679726517198731,0.20966885682557093
0.5108850452177699,0.19874229210730857
0.6192809782354189,0.21830227941540714
0.6077058902928482,0.2165711217030964
0.3064230443968806,0.1523562118060673
0.713402254965966,0.23156656069868786
0.15632153511780308,0.09434880410173022
0.530944490814581,0.2030754628673287
0.08802796532432013,0.0672251806820062
0.5382718906068796,0.20434339295413628
0.1922147754537616,0.11143908411030806
0.6435826026593502,0.2219518704764528
0.40556882384214693,0.17609501316796597
0.029359183077563005,0.03291247242350503
0.529782023629487,0.2027886429060769
0.46497585539128594,0.1899324618532209
0.25664630971761965,0.13484696359489215
0.036303684910790286,0.037377870178292236
0.4229287010944271,0.18095740692074055
0.6107911112580264,0.21691291155258363
0.10963002140372047,0.07644263864598928
0.35040397112012817,0.16350344361148708
0.4885061745739227,0.19451921863060254
0.4993099572751991,0.19704421083204499
0.5336440591591122,0.20349443106992599
0.5830186132482694,0.21268999558272067
0.5189837502513629,0.2008040566832478
0.2875150473388592,0.14578471129901335
0.29407665121301524,0.14871764622403735
0.04518471383198217,0.044610899426289194
0.5791620870417965,0.21186308465654186
0.6030780588450806,0.21598677131526334
0.13818484330107628,0.08787653290581778
0.032827302001812574,0.03376135555429375
0.07837563116183364,0.061987763135854135
0.4483872833803004,0.18596313190071945
0.6161957572702406,0.2179053621708413
0.5452136377785308,0.20552311920881805
0.5803190449037384,0.21238128217028054
0.5378862379862323,0.20434339295413623
0.5961363116734294,0.2145865354802672
0.48464964836744984,0.194111275907021
0.30487492459113935,0.14946737879710614
0.48310703788486065,0.1937253841414709
0.4271708799215472,0.18134329868629065
0.5116563504590644,0.1992274131840002
0.23542990625886653,0.12997354436310182
0.08416042047154298,0.06218622175813706
0.41675274984091837,0.17907189250220976
0.26667878717760135,0.13923526174999087
0.508565620170734,0.19843342118802537
0.44453075717382756,0.18516929741158777
0.5116563504590645,0.19875331758632428
0.4622762870467549,0.18896221969983776
0.3257166940755494,0.15777003701647083
0.48580660622939176,0.19436486192438251
0.3658300759460197,0.1669764695014382
0.2805677908440559,0.14311638787036657
0.6266083780277174,0.21953713306516753
0.571834687249498,0.21031951759434137
0.42292870109442704,0.18113381458499203
0.4935196586423376,0.19523587476662418
0.5591026414449854,0.2083127229066377
0.49198255748290065,0.1947619366757914
0.3993983819117903,0.17519092388867713
0.6605540726294071,0.22431140173923791
0.5525465468939814,0.2069676144667201
0.5621878624101637,0.20893014973151786
0.3438368579228199,0.161783153871349
0.4823357326435661,0.19371435866245518
0.6003784905005496,0.2152149877841631
0.1995476845692122,0.1148461146330079
0.527082455284956,0.2021822415602125
0.5915084802256618,0.21362731880589977
0.3203120480633352,0.15539940152124845
0.29870448266078276,0.1492578946958075
0.1729211257750929,0.10499988935144275
0.19684260690152908,0.11394186784687597
0.5687439569611675,0.20973500969966524
0.5675869990992257,0.20958065299344517
0.5421284168133526,0.20504902361114216
0.06331589632555693,0.05101686024126427
0.39090851493439777,0.174099243959278
0.1895152071092306,0.11083268276444361
0.3557975984860381,0.16500275125078165
0.1273865699229522,0.08548400395940703
0.5984502273973131,0.2150165291618802
0.3496326658788335,0.1627867874754655
0.47500833285126765,0.19172977243962597
0.00620074320769322,0.02021056932344747
0.5050947465849084,0.1979372746323181
0.5509984270882401,0.20627285178188678
0.27323488172860527,0.14077882881219134
0.3469275882111504,0.16235663628700944
0.5463705956404726,0.20587593453732098
0.5351866696417013,0.2036928896922089
0.49853865203390435,0.19671344646157343
0.35156092898207003,0.1635144690905028
0.33342974648849516,0.1591371964144198
0.6443539079006448,0.22210622718267284
0.6019211009831388,0.21555677763365036
0.5841755711102112,0.212910505163035
0.23928643246533945,0.13060199666699773
0.3064230443968806,0.15222390605787867
0.43527509427829253,0.18362573034938728
0.49853865203390446,0.19685677768877777
0.47307456042487905,0.19143192699935851
0.16249748637131184,0.10001605782265223
0.5648874307546947,0.20901835356364357
0.31297913894788454,0.15252159399130305
0.5772338239385602,0.2117197534293375
0.5976789221560185,0.21474089218648723
0.20109029505180137,0.11722761810040293
0.14745152484291543,0.0925957529382311
0.6451252131419395,0.22218340553578286
0.5178267923894211,0.20071585285112203
0.5147415714242428,0.20047329231277627
0.37316298506147033,0.16900531514717332
0.2134311789125147,0.1183301660019747
0.4499354031860416,0.18667994554358416
0.5336440591591121,0.20322981957354877
0.3396001884188518,0.16071383991366747
0.6404973816941718,0.22141162200468262
0.4545632346338091,0.1876942896130302
0.5706777293875561,0.21006593157697984
0.5201407081133048,0.20082610764127926
0.6227518518212445,0.21887560432422445
0.5459849430198254,0.20556722112488093
0.4190721748879541,0.17957922204377583
0.11194944645075634,0.07804149061011142
0.4823357326435661,0.19339461977099934
0.3237829216491608,0.15577426780778286
0.35194658160271725,0.16404369208325728
0.4615049818054604,0.188796837514602
0.5525410375708293,0.20675797285857836
0.3245487175673033,0.1559064160491284
0.620823588718008,0.21866612022292584
0.49236270078039573,0.1948830594381212
0.09844058608179695,0.07177870351549762
0.11657727789852379,0.080323764766365
0.5606452519275746,0.2086324617980935
0.45919106608157656,0.18853222601822475
0.5791620870417965,0.21185205917752614
0.4819500800229189,0.19319616114871643
0.6567003010845102,0.223705079146795
0.5579456835830435,0.20824657003254338
0.5980645747766659,0.21488422341369157
0.2848099696711761,0.1441197064607969
0.5517752416526869,0.2067250539283743
0.19800507408662305,0.1147909872379293
0.6393404238322301,0.22131239269354117
0.5760768660766182,0.211388989058866
0.38589503086598304,0.17248952402298318
0.6551521812787691,0.22355056493373185
0.5413571115720579,0.20498287073704785
0.03012773365728153,0.033243158040555026
0.5926654380876039,0.21414551631963846
0.5394288484688216,0.20455287705543493
0.5502271218469456,0.20619567342877676
0.5510039364113922,0.20665890105428003
0.6570831990435816,0.2237380768304206
0.3793334269918269,0.16951248718189632
0.27902518036146673,0.14241075721336063
0.09111869561265054,0.07069836407880037
0.39785577142920114,0.17476093020706412
0.5988358800179604,0.2150275546408959
0.5922797854669565,0.21400218509243416
0.4117392657725037,0.1779142172055594
0.2790251803614667,0.14235562981828204
0.40787723024287864,0.17641459455257869
0.14205238815385338,0.09220986117268097
0.4402885783467072,0.18458494702375475
0.513970266182948,0.19953612659644027
0.6200522834767134,0.2184015087265486
0.43990292572606,0.1843203355273775
0.6458965183832339,0.22228263484692432
0.43064175350737305,0.18165201209873078
0.25741761495891424,0.13511157509126936
0.10500769927910511,0.0754174266043706
0.24893325730467386,0.134383893476232
0.6134906796025574,0.21724367592305516
0.5992215326386078,0.2151708858681002
0.31375044418917925,0.15337055587551332
0.3052605772117866,0.14990839795773483
0.5085711294938862,0.1986210118381357
0.5749199082146763,0.21125668331067737
0.6451252131419394,0.22217238005676715
0.5351866696417011,0.20379211900335034
0.4136730381988921,0.17804668046059108
0.3685351536137028,0.16715303467253276
0.5074086623087921,0.1982680390027896
0.5263111500436615,0.20217121608119676
0.263593566212423,0.1389485992955822
0.6204379360973608,0.21854483995375293
0.5965219642940767,0.21467473931239292
0.611562416499321,0.21700111538470937
0.521683318595894,0.20165301856745804
0.5594882940656327,0.20855528344498345
0.5101137399764752,0.19874229210730857
0.3403714936601464,0.1610666552421704
0.12198743323389011,0.08366479992181361
0.5537035047559233,0.20714402213097158
0.3257111847523973,0.1565681022969145
0.476936595954504,0.192744116509072
0.22886830238471048,0.12675394698366918
0.5023951782403774,0.19759548478283084
0.6007641431211969,0.21547959928054033
0.5969076169147239,0.2147078157494401
0.37007225477314,0.1684649091685601
0.5548604626178653,0.20772837251880466
0.18449070439451157,0.10888085796497537
0.8430118367807921,0.24564696368939626
0.48889182719457014,0.19456332054666542
0.5471419008817672,0.2061625969917296
0.38011024155627365,0.17236824375381027
0.6223661992005972,0.21878740049209872
0.5629591676514583,0.20895220068954928
0.6933428093691548,0.22892028822807253
0.41598144459962383,0.17898368867008402
0.5729916451114399,0.21076053675497008
0.45649149773704556,0.18817941068972177
0.337280763371816,0.1594126758829697
0.5355723222623484,0.2043323674751205
0.474237027609973,0.19152028833832732
0.5868751394547423,0.21309793830630222
0.05675704711297694,0.04631992742714698
0.4001696871530848,0.1756870704443844
0.5868751394547423,0.21300973447417645
0.52824492247005,0.2023257302942599
0.6231375044418919,0.21899688459339736
0.581090350145033,0.21244743504437485
0.2149792987182559,0.1210205403886529
0.590346013040568,0.21360511034102525
0.4298704482660783,0.18145355347644784
0.5656587359959893,0.20927193958100512
0.5610309045482219,0.20881989494136066
0.6138818415463569,0.21726588438792965
0.3199263954426879,0.15429685361967668
0.6389547712115827,0.22119111242436826
0.44568771503576937,0.18559929109320078
0.3569655749942841,0.16510229557560924
0.6817704760881601,0.22720023474819903
0.5888034025579787,0.21347280459283663
0.45533453987510375,0.18783762084023453
0.26745009241889584,0.1400070452810911
0.6721264059104018,0.22603145521911142
0.3870574980510769,0.173085057396675
0.2554893518556778,0.13464850497260922
0.40094099239437947,0.17597373289879303
0.4321898733131142,0.1819388320599825
0.36275036430399343,0.16536690707198648
0.6389547712115827,0.22119111242436826
0.5440566799165889,0.20529158414948792
0.12815787516424673,0.08767807428353486
0.5540891573765705,0.20743068458538022
0.24044339032728132,0.13142890759317657
