0.13622843545508626,0.3407021361892217
0.02617489589530041,0.15256858140999943
0.09875074360499703,0.25347918217742393
0.001784651992861392,0.12845770574423
0.6412849494348603,0.5611362464921824
0.4497323022010708,0.5220777733234064
0.09994051160023795,0.27421109902067464
0.13622843545508626,0.31435771147127883
0.2212968471148126,0.4176164022679113
0.173111243307555,0.38434224843937914
0.13682331945270673,0.34419563598877495
0.22129684711481262,0.3947082068610045
0.28138013087447944,0.45089055609644346
0.32956573468173705,0.4841647099249756
0.4015466983938132,0.4888036194948742
0.4134443783462225,0.5140026344424717
0.19690660321237358,0.3935055266021419
0.5336109458655562,0.5393161903671038
0.10053539559785842,0.3006127942271347
0.31707317073170727,0.4737987515033503
0.29327781082688875,0.46692629288127824
0.0511600237953599,0.2282801672298265
0.050565139797739446,0.1835519156978409
0.2575847709696609,0.4348548193116087
0.148720999405116,0.3602313727736097
0.0874479476502082,0.2409369451921425
0.24509220701963116,0.4336521390527461
0.2688875669244497,0.4428154172155088
