0.1788882346695495,0.16445602250654104
0.2436945589328288,0.227363773707786
0.30649318056775515,0.25843521985906903
0.20308684279109274,0.19969632829864328
0.21373345817125314,0.20576597589558537
0.1924595322438972,0.18530410714082865
0.14894643874093877,0.15081730095683088
0.18182256928021925,0.180374175031522
0.24947635640582613,0.23228234652651822
0.216648487948958,0.22205519857933134
0.28426366540863507,0.25122964320468305
0.21180297487475988,0.20084361664666167
0.27943745716740187,0.24668592697490727
0.2388683506915956,0.22395598653545418
0.2833080761768709,0.24858292850083866
0.32097180529145475,0.2660080802420286
0.41082615032673436,0.3008773158753658
0.3837800793428635,0.2902677384788395
0.3064835281512727,0.25767414739058164
0.35962973330373266,0.2864737354269768
0.32486172913388867,0.2773787301070424
0.34321097286705726,0.2788970886138257
0.21566394146774642,0.20803783401047324
0.308414011447766,0.2595673624863215
0.31615524946670404,0.2656332236530721
0.23114641750562248,0.22282005747801029
0.24176407563633553,0.2239559865354542
0.26977538826845304,0.24403163941067998
0.28524821188984667,0.2557809322948417
0.30842366386424847,0.26373622212714076
0.25528711112827096,0.2425132809038966
0.24755552552581533,0.22887834578437793
0.2948909759558305,0.25767036096039014
0.2001814654298703,0.1883332512940125
0.24947635640582616,0.2326609895456662
0.291030009362844,0.2569130749220942
0.2117740176253125,0.20045361433693926
