0.3740987056109497,0.26791644105853446
0.27069236783428735,0.20539111930662887
0.4349475391164178,0.28913559585158705
0.34993870715533637,0.2644972945956282
0.29291223057692495,0.22963184539248238
0.2870918234379977,0.21598933741258075
0.3354214727657069,0.24365678282172348
0.23394561828553775,0.19362668070170125
0.2271985791642937,0.17810610334682558
0.2484628526751672,0.20045740076713073
0.4165982953832492,0.28534537922991576
0.33925348210924605,0.24478135258859296
0.36441733187903597,0.2648759376147762
0.3469947201281841,0.2466821405447158
0.4783834132875166,0.3054172456749501
0.5102846497620679,0.330426617089674
0.4243202285692223,0.2883745233830996
0.45423306724838564,0.2982154554507556
0.45714809702609055,0.3039026735983582
0.40883775253134624,0.2849515904900019
0.3499194023223714,0.26259650663950534
0.3779596722039363,0.2732174433266061
0.48132740031466875,0.32664018689819424
0.43494753911641787,0.29784438529199053
0.3904885087981777,0.2769963006577029
0.3914730552793892,0.2815475897478616
0.2899972007992201,0.21637176686192022
0.3093502958465652,0.24213842431494012
