0.02315843986986979,0.010287323195615388
0.0736927064825451,0.020144495202774705
0.02121915812032913,0.0051270840025733466
0.05208789574156867,0.01796121409739798
0.33336363461067,0.10657684786437653
0.41785736913291527,0.13672153128782874
0.9228612118858137,0.2498812989053827
0.09569418849047304,0.0323061498310621
0.8947003065938334,0.24713571837020434
0.7542896967393068,0.23623057458260105
0.7311450301773174,0.23315430843037277
0.7334589459012011,0.23373865881820577
0.7392492445340624,0.23460982916729056
0.4599265607223824,0.16038315429661745
0.17324066651791498,0.053343630080688396
0.10263593566212424,0.03563584449380884
0.26082513132849067,0.0827607893959463
0.7272885039708445,0.23241560133631967
0.7199611041785459,0.23202970957076954
0.4456463951121285,0.1512978445739799
0.5147167794700582,0.1793146893008201
0.19369402872010155,0.06668485345681449
0.8993281380416008,0.24781929806917885
0.07987141239762989,0.024345438968027766
0.9332765873048666,0.25213057537801065
0.8912294330080077,0.2467939285207171
0.7114739918627295,0.23081682812561907
0.4082132989551568,0.13418559236079214
0.5347872437131735,0.18987757071840694
0.6659587186416212,0.2240028458336409
0.6945025218926728,0.229118825603777
0.14044642045501504,0.04787459872178472
0.4275097032954017,0.14484762433609885
0.88775305009903,0.24549276449001933
0.4796003536985463,0.1632278853895157
0.5806964335396575,0.20231478356866572
0.1049608700323122,0.03925251662465041
0.6675013291242103,0.22470847649064685
0.4194082436002327,0.1406688890357203
0.20604042190396699,0.07197724089120207
0.5490619000002754,0.19421074147842707
0.48693877213714903,0.1715303861020373
0.4819197787455822,0.1661608203145397
0.3522798956534195,0.12057975748828877
0.6891033852036106,0.22759730949960796
0.5660361246319084,0.19795956185061414
0.24963018668341502,0.07941975424049767
0.6752143815371562,0.22600948301450152
0.043598028764176185,0.011908068610925887
0.5722065665622649,0.1986541670286044
0.8831252186512626,0.2454155861369093
0.6964307849959093,0.22914087656180845
0.5911145636202865,0.20495003056026534
0.5162593899526474,0.1805164665135334
0.5629453943435779,0.19478406638724435
0.8788830398241424,0.24502969437135919
0.3013351844659124,0.09593670934025818
0.6532266728371084,0.22227168812133014
0.6138735775616286,0.21090394673559598
0.8734839031350803,0.24483123574907628
0.6335473705377925,0.21439918109042158
0.2708631181116244,0.08885819430532435
0.2739538483999548,0.0917801037513326
0.6752143815371562,0.22653870600725598
0.7137906622481893,0.23084998331608778
0.23227030943113486,0.07617810590303362
0.2287994358453092,0.07471171719394315
0.30905374620201026,0.10159293758216442
0.6532266728371086,0.22153298102727706
0.6682726343655049,0.22510539373521268
0.6983590480991456,0.2294826664112957
0.6262199707454938,0.21300997073444114
0.7099341360417164,0.2305633208616791
0.6493646373074836,0.21955926277662052
0.3588359902044234,0.123854324755957
0.6354811429641811,0.2163177719459995
0.17941386310984767,0.0578751807095699
0.6929599114100836,0.22888729054444693
0.26468165753496353,0.0828820696651192
0.8792686924447897,0.24517302559856352
0.33297522732844653,0.10610267351327912
0.42095911806754993,0.14234499810637405
0.2673867352026466,0.08686242509663634
0.6273769286074358,0.21366047399636848
0.6212064866770792,0.21233741651448235
0.6516840623545193,0.22077222297519258
0.4302092716399327,0.14602735059078067
0.07369546114412114,0.021379427605956628
0.721503714661135,0.23234944846222538
0.6065461777693302,0.21088189577756455
0.6212064866770791,0.21194049926991648
0.6601684200087597,0.22313167548455612
0.11421102360469505,0.03946184321910596
0.8773404293415532,0.24499661793431204
0.5027560389068401,0.1745846012962342
0.591885868861581,0.20544617711597266
0.526291867412629,0.18552219149351223
0.3692596296082045,0.13002890801844497
0.4498885739392488,0.15187116948279722
0.6717435079513304,0.22544718358469992
0.6443511532390688,0.21889773403567742
0.8746408609970222,0.24498559245529633
0.29979257398332326,0.09268419303062143
0.6478220268248943,0.2192946512802433
0.7164902305927203,0.2319415057386438
0.6717435079513305,0.2259984575354858
0.2430740921324111,0.07686184310885119
0.4610835185843242,0.16081314797823046
0.6389520165500068,0.2184236384380016
0.4591497461579358,0.15383386225443801
0.30557736329303253,0.09652105972809122
0.6374094060674175,0.21690212233383255
0.6651874134003264,0.22395874391757806
0.6836987391913965,0.22672613915052317
0.6516840623545191,0.22097068159747546
0.47612948011272077,0.16089048383818355
0.3449359678916646,0.11416245618061183
0.7026012269262658,0.23014419515223875
0.8599805520892729,0.23738887990662375
0.623520402400963,0.2126130534898753
0.6574688516642287,0.22260245249180166
0.5251349095506872,0.18400067538934323
0.25542048531627654,0.08063271443906972
0.596904862253148,0.20859962162131102
0.668272634365505,0.2254251326266685
0.5100889480222908,0.17891777205625425
0.3291187011219736,0.10408501085340278
0.6281482338487305,0.21409046767798146
0.6455081111010106,0.2192836258012276
0.31137317124904623,0.1035776813118367
0.33375755121604533,0.11195751788431138
0.12308654320273484,0.04484243448561927
0.6242917076422577,0.21280048663314247
0.5046843020100766,0.17555484344961728
0.187529096112897,0.06258353276981059
0.4170915732147728,0.1356522173301472
0.6844700444326911,0.2268033175036332
