0.2075217214014617,0.22510927768966796
0.29296446159154355,0.26204541310006024
0.17866440826824753,0.21206779361298847
0.1761550766914463,0.2076469515530971
0.23267777045889404,0.23993015069545376
0.32185314136946774,0.2753134653323092
0.2301684388820928,0.23550930863556238
0.2954737931683448,0.2664662551599516
0.308020451052351,0.26668729726294615
0.26529908095731003,0.2496560032272147
0.25278378971801385,0.24568277142588735
0.2715724098993131,0.2542978873901007
0.3532197860794831,0.28327098104011367
0.24400112919920955,0.24126192936599603
0.3205671089363571,0.27530793927973435
0.26410714845832944,0.24900392902338075
0.657099840030112,0.3637745149507353
0.444904488566858,0.31357032730809403
0.1485210627019228,0.195484109835821
0.17863304162353755,0.2100728886334625
0.16862708196104262,0.20300506739021115
0.19751576173896676,0.21804145644641665
0.16856434867162262,0.20100463635811033
0.25149775728490326,0.24390890854935596
0.1912110661522537,0.21427821464293414
0.134657005740096,0.18198948944800264
0.1171544179919074,0.17802178369925012
0.07060631724224462,0.12583374318223264
0.08321570841567077,0.13888627936406187
0.069351651453844,0.12539165897624352
0.05294689627050595,0.09045042854537719
0.09071233650136445,0.1483855637402534
0.06932028480913399,0.11411298567094569
0.06681095323233274,0.09576649112239655
0.10200432859696998,0.16452163725885688
0.17116778018255388,0.2032316355457806
0.1886703679307425,0.21294643597239185
0.21260311784448419,0.22954117185470904
0.199993726671058,0.22046739352678202
0.2464790941313008,0.2436878664463614
0.27536777390922496,0.2587242555025669
0.34321382641698817,0.2830554649896939
0.2665851133904207,0.2514298661037462
0.35698378344468495,0.28614452837904303
0.24776512656441144,0.24369339249893626
0.3582698158777956,0.28681318074060164
0.4536871490856623,0.3157807483380397
0.434835795614943,0.3133437591525246
0.4599604780276654,0.31600179044103427
0.33944982905178633,0.27863462292980257
0.3620338132429974,0.2907919385945038
0.3180891440042659,0.2708926232724178
0.3997365201844359,0.30229718005537104
0.3318904676766727,0.277965970568244
0.34067312819547696,0.2830499389371191
0.38464916407891847,0.29521830670697
0.24271509676609893,0.24125640331342116
0.30930648348546164,0.266692823315521
0.19497506351745553,0.21538342515790698
0.19622972930585614,0.21803593039384178
0.1749004109030457,0.2036681936991949
0.16614911702895138,0.19881079348588926
0.31307048085066347,0.2702294969634342
0.45999184467237536,0.31644940069959826
0.5127191744299112,0.33126474765280917
0.4072331482701295,0.30627041185669845
0.5742605313509614,0.34785395748255155
0.461277877105486,0.3164549267521731
0.08691697249145261,0.14196981670083608
0.13597440481791664,0.18398992048010346
0.5152285060067124,0.3312647476528092
0.46874313854646965,0.3202015903979311
0.33816379661867574,0.27862909687722776
0.2967598256014555,0.26647178121252646
0.22640444151689096,0.23329888760561673
0.22135441171857848,0.2308618984201016
0.09074370314607447,0.1523698476467305
0.13591167152849662,0.18353678416896457
0.38715849565571975,0.29853393825188856
0.39845048775132524,0.3011864434878234
0.41855650701044506,0.3080442747332298
0.3770898027038048,0.2945496543454115
0.35823844923308557,0.28636557048203765
0.3368777641855651,0.2786235708246529
0.42228913773093696,0.3100281276076061
0.43361249647125244,0.3111388641751538
0.07308428217433581,0.13245948021949483
0.29293309494683356,0.26203988704748543
0.22888240644898217,0.23550378258298751
0.23396380289200466,0.23993567674802863
0.2766538063423356,0.25872978155514176
0.29167842915843295,0.2602715502235289
0.20378909068096987,0.2248937616392483
0.15984442144223832,0.19836318322732524
0.25403845550641446,0.24767215035283846
0.5867758225902575,0.3502798945629169
0.5854897901571469,0.35027436851034205
0.44992315172046043,0.3153386641320506
0.47125247012327093,0.32484347456081697
0.49389918760390206,0.3283912003138798
0.5189925033719143,0.3378960107426463
0.5352717919764123,0.338111526793066
0.49135848938239074,0.32772254795232125
0.6069132084940875,0.36333243074474614
0.4637244753928672,0.31843325357397456
0.42482983595244816,0.310033653660181
0.5076691446315987,0.3310381794972398
0.549104482293529,0.34474831593547783
0.5553778112355322,0.3458535264504507
0.38712712901100965,0.2985284121993137
0.5064144788431981,0.3290488005702887
0.5817885260813651,0.34940125220351353
0.6006398795520843,0.3516171992860341
0.5403218217747248,0.3418747685965485
0.27038047740033255,0.25143539215632105
0.2904551300147423,0.2591718657611309
0.2904864966594524,0.25917739181370575
0.23142310467049343,0.2372776454595189
0.22013111257488788,0.23020429816369276
0.21131708541137356,0.22953564580213418
0.25406982215112456,0.24767767640541336
0.2226404441516891,0.23086742447267647
0.19249709858536432,0.214283740695509
0.14601173112512156,0.19106326777592966
0.31181581506226286,0.2669138654185156
0.3181205106489759,0.27421378086991116
0.3167717449264452,0.27088157116726813
