0.32756782665465634,0.09852793316921646
0.48960803920434354,0.14900446618528904
0.39780618752083213,0.13570726597180424
0.4664633726423541,0.14253235249621965
0.44293305345971723,0.14209117582874786
0.3692513656234763,0.12492387497390309
0.39625806771509087,0.13020539443611803
0.37233658658865465,0.12555232727779903
0.3916302362673234,0.12858464902080752
0.41015258070469757,0.13667766563203046
0.4718707733161443,0.14443999662620344
0.418639693020514,0.1385410503391083
0.3904732784053816,0.12795619671691164
0.4352255103699236,0.1406359701055162
0.45913597285005553,0.14247722510114108
0.33066131160456286,0.10200119531943215
0.3433933574090755,0.10818664655409287
0.478415849220844,0.14658965002058225
0.32062057015985307,0.09600294096777402
0.5297379490442702,0.15462809051067736
0.5482520294969161,0.1562489146794094
0.569082780335022,0.16555457647551822
0.552103046380237,0.15674490372827365
0.4919412375592597,0.15184959104529497
0.538607959319158,0.15484860009099174
0.385842692296038,0.1261589648839281
0.344952495861121,0.11656648312656756
0.3599957027279414,0.1196316450463586
