0.48040076833235207,0.3383932662125474
0.4600920840532428,0.3330771182237099
0.406019246918466,0.31943839667399965
0.4127566336232277,0.31980946683276473
0.3538382834142528,0.300104884116304
0.3760774509898554,0.30769289022002944
0.34515110858003306,0.29404659580993636
0.2185982760784162,0.2326647759758577
0.3161649018831865,0.28078273084918265
0.2891188308993157,0.2671440092994726
0.32002586847617304,0.28456916104066243
0.29199525101109064,0.26902965153482944
0.42339359658690556,0.33004040121014305
0.4745900136099072,0.33687112127557256
0.4900338799818535,0.34141483750534835
0.26399359079545565,0.2569092884919027
0.2012046215770118,0.21978334046444348
0.20698641905000917,0.2296242725320994
0.2195442128936979,0.2364436333069545
0.18957345971563982,0.20575461660501093
0.17991139081669094,0.1977993267727119
0.19054835378036894,0.20992347624583016
0.3036264128724626,0.2800292312410782
0.24659993629405122,0.2489502122294122
0.21377206783718297,0.23001427484182185
0.1838013146591249,0.2053835464462459
0.23020048069034083,0.23948792318090423
0.3847549734075926,0.31753382228768534
0.38185924846285274,0.3088250328472819
0.3828148376946169,0.3114717475511263
0.41566201098445,0.322085111377844
0.2939257343075839,0.27319472474545725
0.3548324823119468,0.30390267359835815
0.4147064217526858,0.3201956827122956
0.4919836681113118,0.34483019753806304
0.48713815503711355,0.34027890844790437
0.33162807308809755,0.29290688032230094
0.348027528691808,0.2955535950261453
0.41760214669742574,0.3228461838463315
0.23407109969980983,0.24592864093661132
0.25918668738718736,0.25502364625654583
0.25822144573894074,0.2538877171991018
0.2504705553035202,0.25008992771704763
0.28620380112161076,0.26637915040079363
0.27462090134265116,0.26448593530505377
0.3490120751730196,0.2966970969439722
0.2794760668333318,0.26449729459562815
0.25434117431298925,0.2531228583004229
0.22054806420787443,0.2368374220468684
0.266918272989643,0.2607070779739569
0.28430227507456496,0.2660118666722201
0.24854972442350942,0.24895778508979516
0.27174448123087613,0.26260029306969684
0.19346338355807377,0.21939712458491253
0.45332574009903376,0.33307333179351833
0.4176021466974257,0.32246754082718354
0.3258366231986178,0.28912045013082116
0.34902172758950206,0.29935138450819954
0.3229312458373954,0.2876020916240377
0.24374282101524114,0.24820807191188218
0.47072904701692075,0.3349779061798327
0.31807608034671486,0.2819110870462436
0.30072103551124024,0.2732098704662231
0.3151803554019749,0.2807751579887997
0.30263221397476864,0.276231441759024
