0.005801102305962298,0.004547502659967209
0.020299031862626805,0.016671652133085448
9.652416482466385e-06,0.0022756445450793444
0.8387563826603994,0.42709417987815257
0.04543392438296928,0.03410437673465833
0.2754896188260731,0.1909913252884313
0.649443538189786,0.40281180306019276
0.7489213424580846,0.41722295636896484
0.6059787067692398,0.3929557252717709
0.6021177401762533,0.392198439233475
0.28031582706730634,0.19742825661394692
0.6272236754471483,0.3971245849125902
0.7392689259756182,0.41570838429237295
0.6745591258771634,0.40546987705461157
0.8261985888167106,0.42330396325648134
0.8233028638719707,0.4225466772181854
0.6504087798380327,0.40319044607934085
0.6272236754471483,0.39750322793173815
0.08120577986698971,0.05722431948383383
0.3721489174814916,0.2663942961215595
0.6388162276425905,0.40015751549596545
0.30446617310643725,0.2137174792976929
0.5518962172179807,0.37666271615783353
0.3035009314581906,0.20993104910621307
0.8561403847453214,0.42974846744237993
0.6165963648999528,0.3940916543292149
0.38276657561220456,0.27510308556196295
0.28807636991920926,0.2065308347942642
0.4262603642821981,0.30882503284728186
0.5383635293095629,0.3747619282017106
0.553826700514474,0.38196371842590515
0.2928832733274776,0.20879512004876913
0.12468026370401832,0.08412311956410615
0.6533045047827725,0.4035690890984887
0.585698979739578,0.38954415166924766
0.5663748419416803,0.384235576540793
0.41270837154081536,0.2834408048436014
0.4127083715408153,0.28381944786274943
0.41950367274447165,0.3020094585026182
0.028040269881564855,0.023116156318984022
0.41274698120674513,0.29292202604306683
0.31803747068078503,0.225478131472429
0.4349668439493828,0.3148908940140324
0.04444937790175771,0.025388014433871887
0.1691392940222584,0.11065084948561346
0.1469001264466559,0.09170355280744867
0.5605833920522005,0.38309964748334907
0.17881101533768978,0.12126042688213978
0.5702358085346668,0.38612879163653285
0.5992123628150309,0.3910587237458396
0.20004633159911578,0.12731871518850743
0.5847337380913313,0.3891655086500997
0.18172604511539464,0.12694764502974243
0.5615486337004472,0.38347829050249704
0.4020907134101022,0.2830621618244535
0.6175712589646819,0.39598865585514625
0.5547919421627207,0.3823423614450531
0.6359205026978505,0.3994002294576695
0.4765301493228831,0.34179726695468765
0.5837684964430847,0.38878686563095166
0.3663574675920117,0.25768550668115603
0.47846063261937644,0.3421759099738357
0.6349552610496039,0.39864294341937356
0.09666895107190085,0.0723776131101359
0.20780687445101875,0.1398290805411566
0.31898340749606674,0.227742416726934
0.6204669839094218,0.3967459418934422
0.828129072113204,0.42481853533307323
0.3856816053899095,0.27965437465212173
0.564444358645187,0.383856933521645
0.15564521577977045,0.10800792121196061
0.5238849045858631,0.3698395689527869
0.06861902877385354,0.04774309828436848
0.5518962172179808,0.3789345742727213
0.5316068377718364,0.3743832851825627
0.07153405855155838,0.05115845831708323
0.553826700514474,0.37969186031101726
0.04251889460526442,0.023873442357279978
0.418538431096225,0.30163081548347026
0.4958542871207809,0.3561932745426939
0.24550921323153246,0.1652208814052199
0.42048821922568325,0.30807531966936885
0.30931168618063537,0.2163755532921117
0.5856989797395781,0.3895441516692476
0.4456038069130608,0.3201994691424871
0.44753429020955404,0.3239858993339668
0.3788863041862531,0.2675226523186205
0.3170336193666085,0.22243384159847934
0.2010501829132923,0.1364212933688248
0.5229003581046516,0.3668028519392202
0.46010173646972524,0.3338381906921972
0.20103087808032738,0.1292195031446303
0.5055260084362122,0.3596086345754086
0.4726691827298965,0.337253550724912
0.6542697464310191,0.4039477321176368
0.21166784104400538,0.1398290805411566
0.3808360923157113,0.27055936933218727
0.588594704684318,0.3903014377075436
0.6214322255576684,0.3971245849125902
0.08699722975646954,0.06063210665616562
0.20493045433924373,0.1390793673632436
0.4649472495439234,0.3372535507249119
0.3218791324408066,0.22812105974608193
0.2687136224553817,0.178867175815313
0.5026302834914722,0.35733677646052076
0.5267806295306031,0.3721114270676748
0.15464136446559393,0.10269177322312298
0.48523662899006786,0.35278548737036197
0.4726691827298966,0.3383894797823559
0.4572060115249854,0.33156633257730933
0.35765098792482697,0.2561633617441812
0.5093869750291987,0.3603659206137045
0.24064439532436943,0.14816679982279501
0.6301194003918883,0.3978818709508861
0.48521732415710284,0.34369048205042757
0.5557571838109673,0.3823423614450531
0.5180741498634184,0.3641523508051843
0.5412592542543028,0.37627650027830256
0.6185365006129285,0.3963672988742943
0.5393287709578094,0.3755192142400066
0.5808727714983448,0.3865150075160638
0.45332574009903387,0.32701504348715066
0.5035955251397187,0.35885134853711265
0.5982471211667842,0.39068008072669164
0.36923388770378673,0.2629789360888448
0.1343519850194496,0.08564526450108105
0.3344465787009779,0.24138113827664415
0.25518093454696383,0.17431588672515436
0.27257458904836834,0.18454682110253273
0.34602947847993754,0.24403163941067993
0.4388471153753343,0.3164130389510073
