0.5211183819155265,0.5358226905675505
0.28078524687685896,0.4565603344596529
0.12433075550267697,0.3303934482561136
0.16061867935752527,0.37397629001775384
0.2575847709696609,0.4348548193116087
0.07555026769779893,0.27300841876181203
0.13682331945270673,0.3407594066777389
0.2325996430696014,0.4232861806311207
0.14812611540749554,0.34528377527060305
0.3771564544913742,0.49676421739877435
0.29327781082688875,0.46692629288127824
0.26888756692444976,0.44281541721550877
0.31707317073170727,0.47379875150335027
0.4009518143961927,0.5036366760208464
0.4497323022010708,0.5220777733234065
0.5086258179654967,0.5254567321459251
0.32956573468173705,0.4841647099249756
0.2688875669244497,0.4405245976748181
0.4134443783462225,0.5140026344424717
0.24509220701963116,0.4336521390527461
0.05116002379535991,0.2374434453925892
0.19690660321237358,0.39121470706145123
0.20880428316478286,0.407250443846286
0.02617489589530042,0.16516808888379816
0.05175490779298038,0.24322776473283317
0.026769779892920884,0.20416929156405703
0.11183819155264722,0.3017009335089628
0.1124330755502677,0.31664853101196955
0.0874479476502082,0.2775900578431934
0.03926234384295063,0.23286180631120781
0.09994051160023795,0.3005555237386175
0.5336109458655561,0.5393161903671039
0.173111243307555,0.38434224843937914
0.14872099940511602,0.3602313727736097
0.13622843545508628,0.331538858026459
0.06365258774538965,0.26613596013973995
