0.24160371958931887,0.1260736311560071
0.6940595388670232,0.2579404467176764
0.6306979176235329,0.23864053998576748
0.2421548745415875,0.1291215866356027
0.46388168540357966,0.21250151771630926
0.27159220186403427,0.15103441554446403
0.3496442224122215,0.17987293107362842
0.3637834667646498,0.18327098218976925
0.44465485687636463,0.20609797995362183
0.4972548243723546,0.22003864663807463
0.5888737360533065,0.23689877335853876
0.46218582401198405,0.21062853328440342
0.3835826485115283,0.18993641108959236
0.518742801421697,0.22400294886153582
0.2817744363027395,0.15669747108988635
0.3473901399792257,0.1784796266662892
0.4712374841896256,0.2138523532905995
0.45143830244274696,0.20814519549547245
0.47746270871460766,0.21559520886226544
0.5639869701316412,0.23532960442459905
0.5566311713455953,0.23402232662779496
0.5498547918683446,0.23123517334089788
0.44183548731283695,0.20605496664835427
0.47350569880088467,0.21472405331254177
0.5017771214166095,0.22173739996003575
0.3886772987754467,0.19115657333142405
0.50799527985246,0.22286990217467648
0.48650730280311755,0.21790377106903308
0.38980787303651043,0.19228907554606478
0.3824591403395962,0.18971916667438002
0.47464333915108003,0.21537796444705307
0.45144536853187867,0.20862487552003905
0.3790603514672734,0.1895443910922167
0.46954162279802997,0.21346033329322386
0.5012189003752093,0.22034409555269646
0.4525759427929424,0.21054141772943108
0.39488839112216556,0.19372593773089025
0.44466898905462793,0.20736224444515827
0.423732166957554,0.20165454217781265
0.48878258350350823,0.21816620667838732
0.4774627087146077,0.21572588219472394
0.5300556101214661,0.22809792441745555
0.41411521964938064,0.19943255105379873
0.4520035895732789,0.2097568332624612
0.48198500575886266,0.21746819329417127
0.49442838871969524,0.21847056664857203
0.3004430437885543,0.16301443776982
0.2727298422142297,0.15404044666322922
0.28573851230559416,0.15874523110395553
0.523265098465952,0.22461275774634235
0.3558765130263353,0.18139854223008198
0.39093844729757415,0.19276821109841277
0.3264603839712834,0.17264179553870354
0.3683128298980363,0.18627701330853444
0.328156245362879,0.17407920219574757
0.377922711117078,0.18797576663049556
0.3649211071148451,0.18544941553629696
0.27781742638901646,0.15495515999043907
0.5181775142911652,0.2230446777568398
0.4288268172214724,0.20252624219975485
0.41638343426063973,0.20013001996579624
0.36435581998431327,0.18475249109651803
0.3010083309190862,0.16349357332216802
0.3123282057079868,0.1681553444576267
0.4005412624274843,0.1948148821680448
0.411295850085853,0.19777789998154238
0.3044000537022774,0.1649745377566982
0.42260865878562187,0.20039191110293192
0.37736449007567774,0.18741005999539376
0.3717186848594908,0.18688791113777814
0.33493969092926135,0.17503747330044359
0.3151546413606461,0.16981054000210166
0.3383384798015842,0.176911002204568
0.34230255580443886,0.17795693333645493
0.3242063015382876,0.1721196466810879
0.3530359451954127,0.18109254884324155
0.3643487538951816,0.183445213299714
0.38922845372771525,0.19128615771944543
0.2998706905688908,0.1617507177505021
0.41355699860798045,0.19904107552864167
0.37566862868408224,0.18741005999539373
0.30723355544406833,0.16697873999328122
0.2998777566580224,0.16192549333266543
0.2806438620416758,0.15626189331502457
0.26480875629765194,0.14798537112043128
0.334946757018393,0.17560426887998254
0.267076970908911,0.1492926489172353
0.261431165692724,0.1475508822900066
0.2981748291772952,0.1613151399756403
0.25009715872556015,0.14197330888290088
0.24671250203150064,0.14049288892058928
0.3174157898827735,0.17168352443400753
0.5249680259466792,0.22513599554839514
0.3886631665971834,0.19076346438961125
0.3999901074752157,0.19459818222505104
0.38527144381399225,0.1905892332796665
0.3920619554695063,0.19285478218116658
0.36718225563697254,0.18562364664624167
0.3553041598066718,0.1811802088704325
0.3326785424071339,0.17464545330306794
0.31514757527151444,0.16841614665032523
0.29083316256951264,0.16109789556042797
0.40902763547459386,0.19664485329468304
0.3965913186028928,0.19459763775283245
0.33211325527660207,0.17412275997323373
0.2998848227471541,0.16292786668706621
0.357007087287399,0.1831408533295293
0.35021657563188496,0.18039616887568122
0.35531122589580344,0.18118075334265107
0.4022441899082115,0.19633994885227976
0.4299503253934045,0.20361464216469086
0.3490860013708213,0.17891520444115097
0.41864458278276717,0.20039136663071333
0.46332346436217947,0.2108468666440529
0.40394005129980715,0.19660129551719688
0.43561026278785486,0.2057495177337324
