0.332997264621055,0.1202710440758487
0.2527291809564736,0.08547313598723441
0.29519228915131634,0.11185828857316991
0.3465088796515904,0.13524403834630103
0.3916412549136276,0.14303936702409958
0.2619958624983128,0.09376461122074026
0.4101635993510018,0.1474167972070257
0.44757465821536496,0.15350294037712336
0.5031361822043353,0.16805736021208612
0.5787323598359324,0.170626533083013
0.5085353188933974,0.16908272976054786
0.43716754678104025,0.1519044034266874
0.5710082887766824,0.1692590586713778
0.5806688869238971,0.17845485944443715
0.5744846716856602,0.1703838150378241
0.3083099875764763,0.11760272064720192
0.2523435283358263,0.0829813777296822
0.2863085055685484,0.10913460148917994
0.2944154745868696,0.10914586322846029
0.33531668966809086,0.12561855890531484
0.2701083408397862,0.10590405738415312
0.5721735106233524,0.16972236505030258
0.5976403568939539,0.18115618055670954
0.2967293903107534,0.11410732878553326
0.4101608446894257,0.14409804926987313
0.48422543048473793,0.16093450700082482
0.3229675418226494,0.11943302891723259
0.3360879949093854,0.12757006869109688
0.26739499918737486,0.09847249076045171
0.4136317182752513,0.14796799240439004
0.42944347572179026,0.14979822192099917
0.448739880062035,0.15781413893253363
0.3353029163602106,0.12075592889227564
0.5733359778084465,0.17019661815482157
0.3688822409722854,0.1387392727011266
0.3765980480468073,0.1392244725312397
0.4097724374072024,0.14381130806204293
0.46108351858432445,0.15980982938780006
0.4417926235672317,0.1523122673968474
