0.19631171921475316,0.36710383139568176
0.14812611540749554,0.3338296775671496
0.25698988697204045,0.4004352557127312
0.2088042831647829,0.36716110188419904
0.18441403926234384,0.3602313727736098
0.32897085068411663,0.44974514632609813
0.11183819155264724,0.29368306511654546
0.2682926829268293,0.4164137220090487
0.31766805472932774,0.4326212702594353
0.22070196311719215,0.4003779852242139
0.3045806067816776,0.42448886088998333
0.03747769185008923,0.08722295401179772
0.36466389054134446,0.45661760494817016
0.32837596668649616,0.4393791879044728
0.4967281380130875,0.5117118149017811
0.4842355740630578,0.5013458564801557
0.3890541344437835,0.48989175877670227
0.5330160618679358,0.5197869537827158
0.0761451516954194,0.26733864039860256
0.06365258774538965,0.25697268197697726
0.1356335514574658,0.3062825725903442
0.03926234384295063,0.20880820113395568
0.05175490779298038,0.24322776473283317
0.09994051160023795,0.27421109902067464
0.11124330755502677,0.2821716969245747
0.3170731707317073,0.429127770459882
0.38905413444378345,0.46125651451806876
