0.4336124964712525,0.29190820121462635
0.5139111069288917,0.30671802211526245
0.6282111602521878,0.31801327357828485
0.6558765408864213,0.33504456761401635
0.49004109030457016,0.30604936975370395
0.3418964273391676,0.25320372898027754
0.20250305824785922,0.1926160885494665
0.48508516044038774,0.30141853769596766
0.336783664251435,0.24500859301175393
0.5778990621373231,0.3179911693679854
0.4624698096044666,0.2992025906134472
0.14591763119099152,0.1430805532683838
0.412283178068442,0.28969778018468073
0.34318245977227824,0.2596194760196949
0.3846491640789185,0.27068263327457304
0.2527210564285939,0.22511480374224285
0.5201844358708949,0.3082653168362244
0.15981305479752833,0.17382198374235333
0.3820770992126972,0.2677980338304939
0.18114237320033882,0.1780217836992501
0.5666384366864277,0.3109233481247341
0.2426837301213889,0.2094208144296285
0.22254634421755906,0.20476787816159284
0.2892318308710518,0.2448096551190588
0.3393870957623663,0.25165643425931555
