0.4525798782990516,0.1411982695353178
0.458364667608761,0.14328208506928844
0.4521887163552522,0.14054760876654737
0.4664633726423541,0.1435025946496028
0.46299525371810457,0.14331524025975717
0.46877453370466177,0.14441763065448585
0.4560479972233012,0.142653554011971
0.454505386740712,0.14208022910315368
0.40513358731313065,0.13773595411069628
0.3800579029863287,0.13006198445549216
0.3692541202850524,0.12623598573019504
0.37002542552634704,0.12754801773306543
0.3719564432911595,0.1296208865414419
0.3692513656234763,0.12566258206795616
0.3503543872117591,0.1249238749739031
0.3430187234347325,0.11786733214357914
0.32758435462411273,0.11399715274879761
0.38199167541271717,0.13512283683054965
0.34456133391732163,0.11842963157338074
0.37581296949763243,0.1296980648945519
0.3418617655727906,0.11748144037802902
0.4047479346924834,0.13690904318451746
0.40937852080182685,0.13899293747190966
0.3997316959624926,0.13522206614169113
0.33260059335410347,0.11529823802607385
0.4730222218549341,0.14571879468518364
0.5162263340137347,0.1543961616842396
0.5000261692849726,0.15242252218700458
0.5251018536117745,0.15872933244425977
0.5200856148817837,0.15617134255919168
0.4930816674517452,0.15223501029031586
0.4869057161982365,0.14759312611785563
0.5004118219056198,0.15413147143444084
0.5247162009911274,0.157781141248908
0.5416876709611841,0.15932478706453002
0.326807540059666,0.10936629405535313
0.4869194895061168,0.14760454536397905
0.4826662920326924,0.14578502631269946
0.5447756465879385,0.15954537539826594
0.5555739199660625,0.160714076173932
0.6045655760961488,0.170505095306997
0.6068794918200325,0.170582273660107
0.5463155024089518,0.1602509273018503
0.5833491726373957,0.16684447876693564
0.5787213411896283,0.16528988622571947
0.5571192851102278,0.16465025093596472
0.5945386079593192,0.16929229261526804
0.6157550114180723,0.1730962403825337
0.5656063974260443,0.16491494118576353
0.445246969183601,0.14037120110229592
0.34803771682629936,0.12226665577769359
0.4433159514187885,0.1394449821115541
0.4448668258861058,0.14020597642390326
0.44254189151591783,0.13927952117289677
0.3125246197878361,0.10126217321169291
0.48922238658369627,0.14867370181481754
0.4830491899917636,0.1460826354927023
