0.566763943160379,0.19751764226106244
0.21894277174412277,0.09610206893998338
0.2110287519166767,0.08617089567313374
0.2851166964620091,0.12494003999692915
0.34223896100225404,0.1402745555609398
0.20366588704149913,0.07811161789375277
0.23253086114428245,0.10498948896382036
0.2851449608185358,0.12833972452972572
0.2523441750694243,0.11666515121899161
0.23988665993032837,0.10782128897264082
0.2772168088128264,0.12023688897285861
0.5170045434953117,0.18989394225654335
0.37053158188537394,0.15661090000713257
0.4949442132263056,0.18492726667868134
0.3790108888433519,0.1593114822112759
0.4072752453699451,0.16340591329497708
0.3592258392747366,0.15203733337108338
0.5022788137449566,0.18531819773161984
0.37845266780195164,0.15704702225421296
0.34507246274404507,0.1441517422294286
0.3207580500420432,0.1364414711421557
0.21270341504087734,0.09178821555219555
0.34960182587743166,0.1496841244423924
0.2998212279449693,0.1305595377648653
0.48703019339885956,0.18357697557660965
0.4672380777411126,0.17839305558353535
0.3286720698694893,0.13953407334367465
0.4151963312865229,0.16815425551318952
0.3914542718041845,0.16027029778819052
0.39146133789331616,0.1622309422472873
0.3586393538768098,0.15081608218481457
0.432734364511274,0.1762135332925705
0.5452830322001682,0.19368455784227837
0.48476197878760047,0.18022248223795506
0.5526246988079508,0.1943373800323525
0.5735615209050247,0.20684009558754268
0.6046664452625404,0.20893195785131663
0.41181874068159496,0.16697928446549976
0.4790949753040185,0.17996004662860077
0.520975685587298,0.1918986889653449
0.251185336451834,0.11474643112072527
0.30096593438429636,0.1319980333663465
0.3111481688230015,0.1353960844824873
