0.9332765873048666,0.25213057537801065
0.9197759909206354,0.25210844566655766
0.8329821139823864,0.243607171318067
0.9105175733635243,0.25144683817219304
0.011608143881483441,0.026594557933812633
0.1767721426584137,0.10354436861452491
1.3773307880260371e-05,0.008589241920351784
0.8985568328003063,0.25069694809228116
0.7469595422854323,0.2317321003907667
0.91398844694935,0.2518327299377432
8.263984728156224e-06,0.0057445108274535375
0.00040218059010360284,0.010783390997901144
1.1018646304208297e-05,0.007288156643075555
0.0007878332107508932,0.011367741385734181
5.509323152104149e-06,0.004068559263642909
0.9074323523983461,0.2513476088610516
0.48772936000947603,0.185202531355478
0.0011762404929742361,0.013561890463283542
0.8646138928601924,0.24757658002398997
0.8433974894014392,0.24487518015829607
0.8445516926018052,0.2448971523629059
2.7546615760520743e-06,0.0021720981195179254
0.6103999493142271,0.2094595302311154
0.6991275986788642,0.22523777823682284
0.03476933841292928,0.04362955304046879
0.8970169769792932,0.25065292492963986
0.26010340999556497,0.1268861739784362
0.32955669231256585,0.1478245824237642
0.903573071530297,0.25113804600633144
0.700284556540806,0.22660493763477182
0.01508452679046116,0.029957486540449614
0.13934731048617024,0.09042357606529164
0.9016448084270606,0.2510718931322371
0.14975717658207102,0.09077631264037306
0.3912803942471649,0.16262132653680814
0.6408775249916671,0.21380388397699437
0.8484137281314301,0.24619831639360373
0.6836959845298206,0.2229553465737262
0.8541985174411395,0.24644087693194952
0.4140504268348113,0.17177294664038312
0.6366325915029709,0.2128666395072368
0.6308450475316855,0.2126901530895638
0.9093606155015825,0.2514137617351459
0.1922092661306095,0.11114123867004058
0.5359497108982676,0.195423544170156
0.8071378790758658,0.2403544975015872
0.7851501703758185,0.23739951161853176
0.1736841670316593,0.0978771936470245
0.55870872483961,0.20025286148588345
0.046349935678652206,0.04806211061847346
0.4422058228036396,0.17663526163973614
0.002338707678068211,0.016737385926653317
0.7569892650838379,0.23386009659422174
0.006206252530845322,0.02276863796193706
0.6512929004107201,0.21766288038591705
0.40284997286658353,0.1657635880562877
0.9047300293922388,0.2511711224433786
0.6165731459061596,0.21113548179492606
0.2809424248183989,0.13267494422879572
0.8140796262475171,0.24165550402544186
0.29097765693995664,0.1392243150243967
0.8923863908699494,0.2504102856378725
0.87580057352054,0.24860202832587325
0.0011789951545502879,0.01430067631075817
0.0007905878723269453,0.012757030495136152
0.9001021979444713,0.2507521542407813
0.8792714471063655,0.24936278637795778
0.9109004713225957,0.25145778489778725
0.12854352778489403,0.08865934191593372
0.0015674024367736308,0.015855347605395902
0.12275047449045648,0.08098537226072959
0.8896868225254185,0.25005747030936953
0.7562152051809672,0.23314336170477856
0.5344043457541023,0.1928214523690251
0.0714283746670303,0.0609512106015336
0.8237236964252755,0.24262582493224655
0.2986907093529025,0.14389911812706097
0.3249261062032225,0.1463470894822365
0.5355640582776203,0.19419971599941133
0.7963368510361657,0.2393400746787196
0.007360455731211142,0.02302214522587702
0.6470479669220238,0.21492848283659755
0.3835618325110669,0.16150759564937764
0.8966313243586459,0.2504544663073569
0.01663264659620242,0.032835294070395
0.5567832163979495,0.19976781916261338
0.5247630302379203,0.19196146500579914
0.8553554753030814,0.24673856486537388
0.898173934841235,0.250686001366687
0.8248806542872172,0.24263685041126226
0.7149448654485552,0.22777379591728097
0.6489762300252604,0.215534884182462
0.019715112899804692,0.033232132561539306
0.5120309844334074,0.19143208450620158
0.7782056685425911,0.2365063690648371
0.8611430192743669,0.24727889209056558
0.2099520413419609,0.11216668697192388
0.8877585594221821,0.249726705938898
0.023191495808782412,0.03445611823912704
0.7797482790251801,0.23707969397365442
0.7481165001473744,0.23208491571926967
0.5394233391456693,0.19698924094380948
0.7893923492029382,0.23786258173719188
0.7944058332713531,0.23894307868073222
0.118122643042689,0.07988282435915779
0.001953055057420921,0.016682258531574727
0.8418548789188502,0.2447759508471546
0.4070976610168557,0.16700962469190686
0.2458315083700392,0.12294999921640348
0.24814542409392293,0.12308230496459209
0.8256519595285119,0.24268095232732514
0.877343184003129,0.24903202200748625
0.68060525424149,0.22131239269354114
0.21342291492778648,0.11431665537998882
0.6273741739458599,0.21184119120535352
0.001953055057420921,0.01643969799322894
0.6350899810203817,0.21281151211215824
0.7859214756171128,0.23778540338408188
0.33495582900162807,0.15209144280284695
0.36350789623740776,0.16116580579989034
0.027053531338407415,0.04016747387611189
0.5760713567534662,0.20487277345373373
0.09304420405431094,0.06965086481888563
0.8572837384063179,0.2470693292358454
0.8349103770856229,0.24389383377247562
0.7905520617264563,0.2382816286932107
0.2682103790138862,0.13104301582762645
0.3878040113381869,0.1618714364568962
0.3449883064616096,0.15573000838487688
0.5336275311896556,0.1927661674671034
0.45069844444260804,0.17967853010833884
0.16326603695103037,0.09733678766841124
0.20416174270909943,0.11148294976610627
0.78862379862322,0.23778548213750342
0.4043953380107487,0.16671185800506094
0.4584087421939777,0.18244584658786245
0.008522922916305116,0.02553611194830373
0.025893818814889495,0.03662821635864497
0.0023414623396442636,0.018236929826212462
0.04596703771958096,0.04801808745583212
0.8684704190666653,0.2484696438242631
0.32454045358257516,0.145156337748539
0.08184650474765924,0.062395705859435706
0.7311505395004694,0.23019963756100348
0.38125342611033536,0.1614195493240949
0.28518735830709513,0.13656701707476562
0.9004850959035426,0.2507631009663755
0.4221518865299805,0.17336069437206797
0.12275322915203257,0.0847120629214637
0.8557411279237287,0.2468708706135625
0.6968109282934045,0.22509436825619697
0.4460678583332645,0.17841052126810977
0.8908437803873605,0.25017875057854244
0.5992160233154555,0.20905158750753386
0.13934455582459418,0.08885787929163819
0.539034931863446,0.196867881921215
0.8175532544949188,0.24222890768768074
0.03400078783321075,0.04326579098637164
0.6848556970533383,0.22492898607096118
0.8715556400318436,0.24856887313540454
0.3986077940394633,0.1642089955150715
0.07181953661082971,0.06124905604180106
0.05831343090344636,0.05589043697989765
0.8661565033427816,0.24768683481414713
0.8511132964759612,0.24623139283065085
0.10809292024428342,0.07679561148133533
0.6563063844791347,0.21794954284032575
0.19143796088931495,0.10894716834591277
0.2531671721470658,0.12645633780366636
0.1621035697659364,0.09610177651180778
0.39205169948845936,0.16370182348034845
0.6813820688059369,0.2225253528921132
0.564113370851824,0.2017304331808327
0.2697557441580515,0.13137385895151948
0.6470507215835998,0.2152483004814749
0.05638516780020991,0.05477686359931015
0.6802251109439948,0.22056281762731547
0.7253574862060321,0.22928428654243427
0.828354282534619,0.2432984579056269
0.21766509375490672,0.1156176619038435
0.7778200159219436,0.23592201867700405
0.7369298194870268,0.23131305343474792
0.00039942592852755076,0.009482305720624916
0.46921252489525406,0.18290907421336566
0.563727718231177,0.2003081463878051
0.24622267031383854,0.12296118220226226
0.535172896333821,0.19376956481095525
0.7608485459518867,0.23583373609145675
0.4016985243277937,0.16446273903927602
0.049052258684759285,0.049716011224252656
0.10230262161142195,0.07646468960402068
0.8765718787618345,0.24878946146914047
0.0015646477751975786,0.014973230530716947
0.6435743386746222,0.21383688166061998
0.6771371353172405,0.22039735668865815
0.8140823809090931,0.24186506688016204
0.14629181231939753,0.09073236823115327
0.8912294330080076,0.25037720920082535
0.011610898543059493,0.028402815245811876
0.004269725442880715,0.01883230569306122
0.6455026017778587,0.21396918740880858
0.18256519595285123,0.10642225489789188
0.6628652336917148,0.21886473635205184
0.004275234766032819,0.02178729157611664
0.02396004638850094,0.034676549066019864
0.8318251561204446,0.2435520439229884
0.05947038876538824,0.05606684464414912
0.6366325915029708,0.2131422764826297
0.6647962514565273,0.21959249672051073
0.04093978034328593,0.04422492890731754
0.21844466298092946,0.11992886045925372
0.8680847664460181,0.24795144631052438
0.7481192548089501,0.23270242129757143
0.045192977816710334,0.04756596406276616
0.25084774710003005,0.12641207838076038
0.07644461339702113,0.06171204740703966
0.7990364193806966,0.24028826587407134
0.039014271901625534,0.04412577834959762
0.053680090132526774,0.05207546373361623
0.5845557144077063,0.20654864626412286
0.0641064841978839,0.05864704299409168
0.8657708507221342,0.2476647838561157
0.47769412788791826,0.1836036006379343
0.4777023918726465,0.18472843575780212
0.08224042135303469,0.06776535040035483
0.1582525528826156,0.09595860279144652
0.015858586693331792,0.03077345074103426
0.8819710154508965,0.24971560170646073
0.041716594907732614,0.0465845389235242
0.5660471432782127,0.20222673724338305
0.4352668302935643,0.17584150590402603
0.8379983527123773,0.2444672374347145
0.09226463482828821,0.06857013161508067
0.22847438577933507,0.12212300953680309
0.26010891931871716,0.12870553552287275
0.4885006652507706,0.1891055509270421
0.7758889981571311,0.23584476157047252
0.09458405987532405,0.07215356980203201
0.15130805104938833,0.09516468954889333
0.8460998124075465,0.2453824309464406
0.7269056060117732,0.22970341225187466
0.8117657105236333,0.24103807720056167
0.10924712344464924,0.07803038637767416
0.29637403896744263,0.13954397516243094
0.542894212731495,0.19934869345317302
