0.47746643372168224,0.3292906880322301
0.4706904373509908,0.3201956827122956
0.33740021814461263,0.2769963006577029
0.3673613189061882,0.2948076682784238
0.24269070761865233,0.2171252664700247
0.247526568276368,0.22015819705339998
0.3364349764963659,0.2766176576385549
0.33448518836690766,0.27547415572072803
0.37314311637918557,0.2966970969439722
0.3277284968291812,0.2743382266632841
0.29297979749230224,0.26032843495480895
0.26398393837897316,0.24668214054471582
0.3789442186851479,0.29935138450819954
0.2755764905744153,0.25388014433871886
0.33643497649636595,0.27661765763855495
0.4330363606528895,0.31526953703318045
0.4301309832916671,0.3107220343732132
0.4629588517485353,0.3194346102438082
0.4745514039439774,0.3273899000761072
0.4407582938388626,0.3182986811863643
0.4156427061514851,0.3107182479430218
0.36542118319321243,0.29404659580993636
0.38667580428760345,0.3031416011298707
0.3403249003387998,0.2883669505227167
0.3393307014411059,0.2804040878300347
0.35287304176600615,0.29215338071419644
0.3924672541770833,0.30617074528305455
0.31615524946670404,0.2739633700743276
0.29199525101109064,0.25918493303698203
0.25043194563759036,0.22508434273251515
0.23014256619144602,0.21144562118280505
0.25333732299881273,0.22849591633503846
0.2581731836565284,0.23645120616733742
0.3354600824316368,0.2758565851700675
0.2823331821121418,0.25501607339616283
0.3045530448547794,0.26335379267780124
0.30842366386424847,0.27168772552924825
0.21852105674655645,0.18757596525571651
0.21657126861709827,0.18188874710811392
0.22817347322902282,0.19552746865782403
