0.17602961011260626,0.1483855637402534
0.15843292243028764,0.12030769060736846
0.3808538000690066,0.26117229679323173
0.4423637903453468,0.28681870679317645
0.35572911765628434,0.25033570769392305
0.3418964273391676,0.24789871850840792
0.3720084062607823,0.26027707627610375
0.10310216116182051,0.08248738678499788
0.09425676735359619,0.040920419316869384
0.1030707945171105,0.04512574532634104
0.3933690913083028,0.2666928233155211
0.3883817947994104,0.26448792833815027
0.39716445531821465,0.26957189670702536
0.43734512719174434,0.2863766225871874
0.36200244659828745,0.2540934234448307
0.45999184467237536,0.29987124297500567
0.4021831184718171,0.2700139809130145
0.4536557824409524,0.29433413829499183
0.3908911263762116,0.26470897044114483
0.29418776073523417,0.22866252949530563
0.5189925033719144,0.3056238637054393
0.41723910793262436,0.28084504395974824
0.31805777735955587,0.24767767640541333
0.2854051002164299,0.22004188747851747
0.2954110598789248,0.23197263498764928
0.31429377999435404,0.23574140284370665
0.2728270756877137,0.21893115091096976
0.5290298296791193,0.3124761688982709
0.520278535805025,0.3069556423759816
0.6395658856372135,0.3463177148667393
0.5629371726106459,0.32441796851255256
0.4825444622188765,0.30472864318831133
0.5842351243687464,0.32993849503484185
0.6031178444841756,0.32994954713999153
0.13581757159436655,0.10328192262421185
0.16222828644019952,0.14285951116538922
0.2200370126407578,0.18642138361304372
0.19111696621812366,0.17778968949110582
0.271509676609893,0.21670967777587435
0.19108559957341364,0.15634307944805786
0.15962485492926823,0.13311708047590365
0.22251497757284908,0.19989942584313747
0.26642828016687053,0.20476235210901797
0.2049496565352405,0.18066876288261008
0.2702236441767824,0.21338852017838097
0.26652238010100066,0.20676830919369368
0.14331419968006023,0.10548681760158266
0.1583701891408676,0.11322329120639255
0.5303158621122299,0.31623941070175343
0.6105831059251592,0.3345803791977277
