0.1682767663578691,0.09279421156051403
0.18063693284961477,0.10834068824662675
0.18372215381479312,0.10842889207875249
0.3326501772624724,0.1583651766230549
0.24738789216050863,0.13486893579950202
0.18912404516543121,0.1111522641490563
0.19105230826866765,0.11189097124310939
0.1941430385569981,0.11550748586710786
0.19414028389542204,0.11433870633802025
0.20571537183799288,0.11933340583898343
0.20031348048735473,0.11666516116375822
0.1910550629302437,0.11277308831778834
0.20494406659669828,0.11753625275942144
0.3272482859118343,0.1567664034123543
0.32647698067053965,0.15670025053826
0.31490464738954493,0.15472661104102498
0.20494682125827432,0.11931143363437353
0.22578032675795617,0.12715078547481345
0.22848264976406324,0.12945518934251998
0.22423220695221494,0.12541962776250268
0.2226923511312018,0.12489048352316977
0.2126626283327962,0.12298299690002906
0.21188856842992557,0.12250882254893167
0.2018560909699439,0.11700695101324546
0.21999278278667078,0.12452664271565107
0.217678867062787,0.12451561723663537
0.22037843540731802,0.12470305037990256
0.20996030532668913,0.12146140204243848
0.19568564903958727,0.11558466422021788
0.2057181264995689,0.12060141467921252
0.3307219141592359,0.15769262240309612
0.32994785425636536,0.15727357544707735
0.3415201875373601,0.1592913168603752
0.4109596965464808,0.17177278913353994
0.4136592648910119,0.1721697063781058
0.42214913186840436,0.17546648211064841
0.39321416667355336,0.1690052363937517
0.4175185457590608,0.17304079797376898
0.3855011142606075,0.16795781588725855
0.4213750719655337,0.1732943839911305
0.4001586685067806,0.17048272933527944
0.40864578082259706,0.17172868721747708
0.3901289457083751,0.16803499424036858
0.3951451844383659,0.17007478661169786
0.40633186509871333,0.17128766805684836
0.4055605598574188,0.17116638778767548
0.33380988978599035,0.15914806438659235
0.31490464738954493,0.15472661104102498
0.3260913280498925,0.15645768999991422
0.3176069703956521,0.15559770263668823
0.3191495808782412,0.1562812823356627
0.3152903000101922,0.1548148148731507
0.33187887202117783,0.1579682593784891
0.31760697039565206,0.15558667715767252
0.3025610088672557,0.15346962767981162
0.30988840865955414,0.15366808630209455
0.301789703625961,0.15255451292150707
0.27401169629305194,0.14525533079941577
0.3500100545147526,0.1626873219040593
0.3561832511066853,0.16434122250983849
0.34576787568763245,0.16184938549886474
0.3662102192435149,0.16437429894688568
0.34152294219893614,0.16106649773532725
0.3276339385324816,0.15716332065692015
0.3669815244848095,0.16444045182097997
0.29407389655143923,0.15105496902194793
0.2890576578214484,0.14937901745813728
0.29638781227532296,0.1521685424025354
0.29252853140727403,0.14943414485321585
0.31529030001019226,0.1552558340337794
0.2863580894769174,0.14875056515424137
0.26938111018370836,0.14372271046280952
0.29330259131014463,0.15093368875277502
0.28211315598822106,0.14786844807956243
0.31374768952760307,0.15460533077185207
0.2713093732869448,0.14500166602863276
0.37122921263508174,0.16545495339726907
0.3550290479063195,0.16375695087542702
0.3754713914622019,0.16632596623951076
0.37855936708895627,0.16672296223749816
0.3669870338079615,0.16444060932782303
0.27671126463758294,0.14712966223208776
0.2763256120169357,0.14667761759244335
0.25510369923503057,0.13922407876413206
0.26745009241889584,0.142939822699272
0.24121469556857594,0.13365605435435154
0.26166254844761044,0.14021645062896818
0.27015241542500296,0.14417475510245392
0.2867409874359886,0.14909227625030705
0.26822139766019043,0.14317135775860207
0.2824988086088684,0.1483204927192068
0.2493161552637451,0.1361037894492624
0.2535583340908653,0.13667711435807972
0.25472080127595925,0.13900364793723924
0.26050283592409257,0.13946663930247785
0.25394674137308865,0.13748205307964864
0.26205095572983383,0.1428075169510834
