0.31059701387073296,0.149117873335072
0.18898255382593396,0.09849774670172341
0.4350096452116647,0.18418569551697908
0.45424353982801136,0.18976217997964762
0.19125076843719307,0.09963079338858276
0.4638604871361847,0.19581725552244555
0.4576352626112026,0.19359526439843167
0.42200097512030016,0.17882754441396004
0.41408695529285405,0.17830485108412586
0.4287914867758142,0.18091886220551542
0.4344372919920012,0.18161524217307573
0.5243674083704892,0.20836352885512194
0.47403565548575827,0.1977337977318376
0.48929840801011865,0.19917120438888164
0.44066958260611494,0.18836778662787118
0.4915666226213777,0.2037453154971494
0.3858155326771292,0.16885226889740562
0.40220885946255325,0.17529881996536065
0.37506094501876047,0.16549723108653241
0.1844531906925474,0.09601440891279242
0.3886490344189201,0.17133560668633666
0.35980525858353174,0.1649315244514306
0.3880837472883883,0.16985464225180644
0.3971283413768981,0.17320859111824247
0.41014407755739424,0.17652007115162952
0.38129323563287426,0.16846024890002997
0.3745097900664919,0.16528053114353866
0.2201016103617131,0.11635861335993262
0.2359437821948686,0.12502770002412011
0.2681792808134482,0.1337403444657938
0.2664763533327209,0.1335220111061443
0.2755280135103624,0.13892371998664954
0.2336755675836095,0.1226314777901615
0.2710057164661075,0.13426303779562798
0.19464955730951589,0.10886558668787205
0.24443015524197825,0.12947113779992933
0.29362426777651374,0.14258311776770746
0.24046607923912353,0.1252890466890372
0.22405862027543616,0.12110641110592653
0.19748305905130686,0.11034709559462082
0.23197970619201388,0.12154253335300692
0.25065537976696034,0.1321722644762912
0.19973007539517101,0.11060735331510077
0.2144416729672628,0.11352681335111216
0.27383921820789847,0.13526541115002877
0.2908119643021177,0.1398400667305151
0.6097752277047224,0.23275969555291426
0.5464277386394951,0.2159001133046687
0.5803661647388019,0.2253973422133122
0.5775326629970109,0.22308823553432597
0.5843302407416566,0.22792423777972942
0.47856501861914486,0.1986054977537798
0.5289038375930074,0.21097808444873004
0.52664268907088,0.20901798446185182
0.5498335936009495,0.22291400442438125
0.5803732308279336,0.22696596667503338
0.607507013093463,0.2294487599917458
0.49384190332176847,0.20670833331064697
0.5322955603761985,0.21568232441723778
0.5973247786547579,0.2291433110771239
0.3009941987408229,0.14811658892510837
0.3829961631136015,0.16872214003716568
0.37790151284968304,0.16798111334768198
0.32248217579016536,0.15591397556735365
0.33209205700920713,0.15613176445478458
0.34002020901491653,0.1639296955692484
