0.5568114217727543,0.5026058072275357
0.19690660321237358,0.36716110188419904
0.32897085068411663,0.4577630147185155
0.14872099940511602,0.3338869480556669
0.24390243902439024,0.40375694404673274
0.1356335514574658,0.31086421167172557
0.12433075550267698,0.30977607238989746
0.29327781082688875,0.4405818681633354
0.14812611540749554,0.32123017009335086
0.01308744794765021,0.06769371742740965
0.7239738251041047,0.5141171754195063
0.23319452706722188,0.3912719775499685
0.06305770374776919,0.23515262585189853
0.062462819750148724,0.1720978179943875
0.0612730517549078,0.0918045930931791
0.025580011897679958,0.078059675849035
0.08804283164782867,0.2902468358055094
0.16061867935752527,0.347631865299811
0.24449732302201072,0.4164137220090487
0.2082093991671624,0.37283088024740846
0.22070196311719215,0.3831968386690338
0.2688875669244497,0.4405245976748181
0.32956573468173705,0.4841647099249756
0.09994051160023795,0.3062825725903442
0.17251635930993459,0.357940553232919
0.13622843545508626,0.3177939407823149
0.31766805472932774,0.45094782658496074
0.4729327781082689,0.5025485367390183
0.18441403926234384,0.3659584216253364
0.2325996430696014,0.39121470706145123
