0.9510053009629561,0.42262697487303896
3.136664471001537e-05,0.022330778455026224
0.8593205984755812,0.41531600731649365
0.9170979580314295,0.422179364614475
0.895737272983909,0.42128967014992186
0.8593205984755812,0.4157580915224828
0.8907186098303065,0.418637164913987
0.005112763087732505,0.04245666193268163
0.9183839904645401,0.42218489066704984
0.8706439572158967,0.41775299650200876
0.7915059126125279,0.4029265974436481
0.07437031460744645,0.14064356408286868
0.8693579247827861,0.4177474704494339
0.8329412502744582,0.4122158918219948
0.6382798532041027,0.3712899464525506
0.0025720648662212603,0.03405153596631319
0.7864872494589253,0.402484513237659
0.696057212759951,0.3852266510463581
0.846742573946865,0.41332110233696767
0.15855838900912772,0.1968103624537884
0.011417458674445595,0.05705096678289798
0.37335717198331303,0.29079746464707873
0.8329412502744582,0.4117738076160057
0.7965245757661303,0.4062422289885666
0.8970233054170197,0.4212951962024967
0.008908127097644365,0.051082830002044645
0.8229039239672532,0.4080160918650981
0.5880618550233682,0.35603251529335056
0.10200432859696999,0.1603218373019601
0.00887676045293435,0.048645840816529534
0.8027979047081334,0.40646327109156116
0.0063674288761331205,0.0426777040356762
0.7425112135754839,0.39495802963069393
0.7927605784009285,0.4040318079586209
0.03287224365609611,0.09663960742922509
0.022772184059471158,0.0785031028785208
0.8606066309086918,0.41576361757505764
0.015181456039647441,0.0603665983278165
0.7663812301998055,0.40048960825813296
0.8920046422634171,0.41864269096656187
0.07935761111633889,0.14373262747221777
0.025312882280982402,0.08381363940296527
0.8229039239672533,0.40978442868905457
0.21630438192026602,0.22488823558667342
0.015212822684357455,0.06567713485226098
0.012672124462846211,0.057272008885892546
0.8480286063799757,0.41332662838954254
0.24522442834290017,0.23639347704754066
0.8291772529092564,0.41000547079204913
0.5227565007371161,0.3394433054636083
0.5378124901979234,0.3456324843474562
0.46999780433487026,0.3224120114278768
0.8103258994385372,0.4077895237095286
0.03789090680969857,0.0999552389741436
0.22260907750697911,0.2275462668751831
0.3431824597722781,0.27663971795027664
0.5265204981023179,0.34165372649355397
0.04921426555001411,0.11322329120639255
0.7801825538722124,0.40203690297909495
0.7563439038926005,0.39673189250722535
0.7412565477870833,0.39385281911572106
0.017722154261158685,0.06877172429418493
0.10200432859696999,0.16253225833190577
0.02528151563627239,0.08159769232044475
0.5729744989178507,0.35447969451981376
0.444873121922148,0.3117964644315627
0.08315297512625075,0.15235879554158077
0.6659138671936262,0.37947403031592447
0.021517518271070544,0.07739789236354794
0.7613625670462031,0.39717397671321447
0.7638718986230043,0.3982791872281873
0.5503905147266397,0.3476273893269821
0.30927511684075154,0.25961394996712006
0.4512091841535711,0.3153441901846255
0.7575985696810013,0.3969529346102199
0.4800978639314953,0.32441244245997763
0.7337285530566795,0.39252656649775364
0.13722907060631728,0.18841076253999484
0.781468586305323,0.4020424290316698
0.16988174774944328,0.20477340421416768
0.3607477808098868,0.28282889683412454
0.5704965339857596,0.3536010521604103
0.5026504814779962,0.3310381794972398
0.0189768200495593,0.06987693480915778
0.3557604843009943,0.281508170268732
0.5679558357642482,0.35138510507788984
0.824189956400364,0.40978995474162944
0.20127975910416862,0.2164941617254547
0.02907687964618425,0.09022386038980776
0.31808914400426586,0.26890324434546675
0.021517518271070544,0.07518747133360226
0.3507104545026819,0.27951326528920606
0.08064364354944951,0.14506440614276003
0.4536871490856623,0.31578074833803976
0.4336124964712525,0.30583385370328425
0.2678397791788213,0.2514298661037461
0.7274552241146764,0.39208448229176457
0.5667011699758477,0.35072197876890604
0.06301558922242088,0.12935936472499598
0.015212822684357455,0.06346671382231531
0.7274552241146764,0.39120031387978627
0.18744706878705186,0.2118467515099939
0.6885292180295473,0.3839003984283907
0.39719582196292463,0.29963914876686143
0.2778771054860262,0.2538613292366864
0.1899877670085631,0.2136206143865253
0.8342272827075689,0.4122214178745697
0.06301558922242088,0.12339122794414267
0.516483171795113,0.3341382949917387
0.2552931212948151,0.2401567188510232
0.2565164204385057,0.24656141378529078
0.7199272293842727,0.39075822967379714
0.7651265644114049,0.39938439774316015
0.5792791945045638,0.3553693889843669
0.7123678680091591,0.3892054089002603
0.314262413349644,0.26248197125347456
0.7739092249302093,0.4018158608761004
0.25024309149650265,0.23882494018048092
0.7500705749505975,0.3965108504042308
0.026567548069383017,0.08491884991793813
0.32812647031147074,0.269787412757445
0.647093880367617,0.3724006830200983
0.18242840563344942,0.20499444631716227
0.019008186694269315,0.07209288189167831
0.4863711928734984,0.32573869507794506
0.7186725635958721,0.38965301915882433
0.31303911420595343,0.2598349920701146
0.3645431448197987,0.2828344228866994
0.5629371726106458,0.34917468404794405
0.46626517361437847,0.3188808638325386
0.8103258994385372,0.40734743950353947
0.3293811360998714,0.2711136653754124
0.3833944982905179,0.29079746464707873
0.03785954016498855,0.09773929189162306
0.6043725102725761,0.3622216941771985
0.1334337065964054,0.1804477207796155
0.5077005112763088,0.3319278739617929
0.6119318716476898,0.3639955570537299
0.59179448574386,0.3580163681677268
0.25275242307330387,0.23993015069545373
0.3494557887142813,0.2784080547742332
0.6558765408864213,0.37483214615303856
0.444904488566858,0.3135703273080941
0.11332768733728554,0.16496924751742087
0.6948025469715504,0.38412144053138525
0.012703491107556225,0.057498577041461975
0.41855650701044517,0.30141301164339285
0.45497318151877303,0.3188808638325386
0.4913584893823908,0.33059609529125067
0.4361531946927638,0.3058393797558591
0.04545026818481228,0.11079182807345228
0.14475706533672097,0.19305264670288075
0.6483485461560177,0.37350589353507113
0.7111445688654684,0.3872215560258841
0.37081647376180177,0.2865921386376071
0.6357705216273015,0.36907952542260497
0.3871271290110097,0.29211819121247123
0.7073492048555566,0.3863318615613309
0.620683165521784,0.3662004520311007
0.6583858724632226,0.37704256718298423
0.041654904174900406,0.10636545996098606
0.0013173990778206455,0.022336304507601087
0.696057212759951,0.3843424826343798
0.08945767071296384,0.15236432159415564
0.4373764938364543,0.311580948381143
0.7437658793638845,0.39606324014566674
0.4851165270850977,0.3246334845629722
0.6131551707913804,0.36575836782511156
0.7349832188450801,0.3936317770127265
0.6822558890875443,0.37947955636849934
0.6294971926852984,0.3686374412166158
0.15228506006712467,0.1952630677328264
0.09949499702016877,0.1574482899630307
0.3318904676766727,0.27465033902332553
0.3218217747247577,0.269339802498881
0.2062984222577711,0.21671520382844925
0.05925159185721904,0.12294914373815352
0.4197798061541357,0.30251269610579085
0.30049245632194727,0.25872978155514176
0.23641040117938586,0.23461961417100924
0.11329632069257552,0.1629743425378949
0.830463285342367,0.410010996844624
0.1660863837395314,0.19879974138073953
0.5064144788431981,0.33103817949723985
0.22260907750697911,0.22489376163924826
0.38838179479941026,0.2958759069633789
0.5893165208117688,0.3575798100143125
0.30798908440764095,0.25894529760556145
0.07687964618424768,0.14285398511281436
0.5215018349487155,0.337011842330668
0.7638718986230043,0.3980581451251928
0.4850851604403877,0.32462795851039733
0.09573099965496693,0.1528064058001448
0.41350647721213263,0.30008123297285055
0.5441171857846365,0.34630113670901475
0.5089238104199993,0.3323644321152072
0.46751983940277914,0.3199860743475114
0.5968445155421724,0.3608954415592311
0.055518961136727205,0.12184945927575555
0.8116119318716478,0.40779504976210346
0.11458235312568615,0.16916904747431766
0.42103447194253635,0.30538624344472026
0.11586838555879679,0.17801625764667525
0.05423292870361658,0.11963351219323501
0.3708164737618017,0.28416067550466684
0.05297826291521596,0.11344433330938711
0.03789090680969857,0.09796586004719249
0.06806561902073335,0.13201739601350568
0.06677958658762273,0.12980144893098514
0.07186098303064521,0.138433143052923
0.20880775383457234,0.22224125640331346
