0.315224188132367,0.09935476534197374
0.34184799226491036,0.10921193734913306
0.29709025097721625,0.0927282161932628
0.3958669057712916,0.12726143403207832
0.3723365865886547,0.1251002826381546
0.3962498037303628,0.129753113536209
0.35073177584767834,0.11978576549231401
0.393935888006479,0.1267100813278709
0.43019825299362846,0.13377772839063212
0.3252484016076204,0.10250797358704747
0.48459455513592886,0.1480452495109216
0.46878555235096603,0.14732867212832151
0.48807644736805866,0.15209191532337615
0.5131411130485565,0.1532825883036521
0.4367653661909367,0.14360174520732275
0.48806542872175446,0.14814447882206305
0.571779594017977,0.16283120440521442
0.5571247944333799,0.15977714671786059
0.5895251238909044,0.16573106289319126
0.5644549488872546,0.16170668429903273
0.5721707559617765,0.16569798645614406
0.4830519446533397,0.14778063801454439
0.5131548863564367,0.15976596373200186
0.4302065169783567,0.13726201601986357
0.2866721208965873,0.08055592985306739
0.3507207572013741,0.11049097166837786
0.4313689841634506,0.1407462248956734
0.46762308516587203,0.14361292819318155
0.3978006781976801,0.1334138088296919
