0.24073126707271164,0.19742447018375542
0.2697657358519705,0.2474356401528203
0.24462119091514556,0.2190184815657646
0.29394503914054887,0.27055179647180433
0.3151900078184574,0.283429445553027
0.2775069738709086,0.2656180779323062
0.2755957954073802,0.26259650663950534
0.2514164921188019,0.23645120616733745
0.3924672541770832,0.31790867887664187
0.3915020125288366,0.3171513928383459
0.4436829760330499,0.33648490539604164
0.4417428403200741,0.3353451899084063
0.40504435285373697,0.32927932874165566
0.25916738255422245,0.24403542584087146
0.39344214824181234,0.3209416094600172
0.5064622928350112,0.35240305792102256
0.48906863833360686,0.34823041185001186
0.36640572967442403,0.30995717547453433
0.3596490381366976,0.30882124641709036
0.32873234814335767,0.29404280937974486
0.29781565815001787,0.2739633700743276
0.4002084921960213,0.32359589702424446
0.4021293230760321,0.323970753613201
0.3084429686972134,0.28267594594492257
0.3007017306782754,0.2762314417590239
0.4475535950425189,0.33648869182623314
0.39056572813003737,0.3167841091097724
0.4484995318578006,0.3368597619849981
0.43982200944006333,0.33497033331944975
0.4581809055897144,0.3421721235436443
0.3867047615370509,0.3160268230714764
0.4668584280074517,0.34254698013260076
0.3499869692377487,0.30313781469967926
0.29202420826053804,0.2694196538445518
0.3886255924170616,0.31640167966043287
0.4871285026206311,0.34822662541982047
0.2978156581500179,0.27472065611262353
0.3287130433103928,0.2898701633087341
0.2755668381579328,0.2504685707361956
0.4214631132904123,0.330419044229291
0.31810503759616215,0.28798073464318574
0.35578807154371095,0.30465617320646265
0.37704269263810203,0.3133725355072491
0.29493923803824285,0.27056315576237877
0.47073869943340324,0.34444776808872357
0.39052711846410754,0.31676896338900645
0.3007210355112403,0.2804040878300347
0.3364542813293308,0.29896516862866857
0.3316473779210625,0.29670088337416367
0.2755861429908978,0.25615578888379825
0.3683362129709173,0.3126076766085702
0.3403345527552823,0.29973002752734745
0.32581731836565286,0.28949152028958614
0.4253240798833988,0.3326909023441789
0.3480468335247729,0.30048352713545196
0.35673400835899266,0.30654181544181963
0.39248655901004825,0.31791625173702476
0.45816160075674944,0.3372421914343376
0.38090365923108854,0.315644393622137
0.47556490767463644,0.3478555552610554
0.42629897394812793,0.3342092608509623
