0.30805181769706097,0.2565248865777709
0.32938113609987146,0.26381927597659166
0.16483171795113077,0.17956907842021214
0.5956525830431919,0.35007543061764695
0.16985038110473324,0.1848740888920817
0.36959317461811114,0.28350307524825796
0.27916313791913683,0.2450251711694785
0.30798908440764095,0.25540862395764835
0.6809698566544338,0.3511806411326198
0.7613312004014929,0.36732776675637296
0.3118158150622628,0.26249302335862423
0.5893165208117688,0.34321207331966563
0.5528998463034409,0.3376804946922266
0.12082431542297922,0.14882764794624256
0.2728270756877137,0.2394880664894646
0.20504375646937045,0.21870458275540036
0.30554248612025975,0.2532092550328524
0.3544744518678838,0.2799553494951951
0.4398858254132555,0.3104757378661701
0.405978482481729,0.29477622250098096
0.4348357956149432,0.2969866435309266
0.23644176782409584,0.22136261404391006
0.19117969950754368,0.2012312045136798
0.2540070888617045,0.23639347704754066
0.24519306169819013,0.22909356159614505
0.49264452181550134,0.3208757688120645
0.11580565226937675,0.1452909742983295
0.43361249647125244,0.29632904327451776
0.2966970923120354,0.25231403451572443
0.5114331419968006,0.3239648322014136
0.12333364699978044,0.1574482899630307
0.47881183149838463,0.31070230602173954
0.35318841943477314,0.2719923077348158
0.3431510931275682,0.2711081393228375
0.4009598193281266,0.2943341382949918
0.38587246322260915,0.2876973491525799
0.12966970923120358,0.1711639524538436
