0.7962567928880998,0.4085293126493273
0.24839528575978995,0.1618093078026967
0.03675640196523199,0.035244092222293744
0.1778554261059256,0.11937099821659139
0.2947654945415586,0.1792420324042695
0.4464628719800002,0.2599535783658524
0.7875503132209152,0.39981295034854075
0.12179419117576086,0.09624348260703293
0.0077412380189380405,0.012881435511414192
0.19042287236609687,0.1318737907088576
0.20874315884981798,0.13906043521228623
0.8696634202372568,0.4320241119874592
0.7894904489338909,0.40625366810424796
0.8638623179312944,0.43164168253811974
0.6233047943552671,0.3467423447847603
0.8822019092479808,0.4358067557487475
0.009681373731913783,0.016671652133085448
0.8503392824393591,0.4255796078015606
0.037731296029961094,0.039791594882260944
0.22137817202536647,0.1576480210222604
0.11697763535101013,0.09094626676915271
0.789471144100926,0.404731523167273
0.5035086533913766,0.28952559816130946
0.30446617310643725,0.20160090268495764
0.013551992741382805,0.020083225735608726
0.39527610737348107,0.24366056925191493
0.5469638323954403,0.3001351755578358
0.26192797366820786,0.1652246678354114
0.11407225798978775,0.08374826297514967
0.18073184621770058,0.12542171366257607
0.8426173492533859,0.42482232176326473
0.14789432534434996,0.1136762072086058
0.8619318346348013,0.43126303951897177
0.8909083889151653,0.43808618672401833
0.06381212536558527,0.04926524322134334
0.07249930019980502,0.05380895945111907
0.4484223125259409,0.26147950973301876
0.8194225924460192,0.41875267416632267
0.14401405391839844,0.10495984490781936
0.7353693497167018,0.3899455132695445
0.3179505989324427,0.2019681864135311
0.36532465902838773,0.21562962654439013
0.16720881072576518,0.11595185175368514
0.3575834210094498,0.21410748160741527
0.47934865493576323,0.2826986645260714
0.03481626625225625,0.032968447677214394
0.5527552822849202,0.3012711046152796
0.526674452949296,0.29861303062086086
0.2184727946641441,0.14666358703677762
0.8783505950714766,0.43278139802575516
0.6812868601654427,0.36948743094497927
0.7894614916844435,0.40207723560304576
0.820387834094266,0.42178181831950645
0.8551751430970749,0.42861253838493596
0.07346454184805166,0.05456624548941503
0.6793563768689492,0.3687301449066834
0.842598044420421,0.4236788198454378
0.8397119718921636,0.42292532023733337
0.20882037818167773,0.139848012692114
0.07542398239399234,0.06328639422039295
0.21361762917346355,0.14665222774620312
0.3759423171591009,0.22017334277416595
0.6996554087315762,0.3850231540206208
0.8117006592600462,0.41269438585995505
0.43970618044227383,0.25162343194459685
0.46389513614733463,0.280423019980992
0.8870474223221788,0.4358143286091305
0.5663169274427855,0.32097947376193187
0.0009845464812115712,0.008337719281638463
0.5025337593266476,0.28762859663537804
0.22041293037711987,0.14742465950526504
0.08894701788592775,0.0791931874547995
0.29477514695804097,0.1841681780833847
0.5953031341396321,0.3429521281630891
0.0009941988976940378,0.011749292884161742
0.6976959681856354,0.374409790193903
0.006775996370691402,0.012502792492266216
0.37598092682503065,0.233440994165111
0.3189544502466194,0.21409990874703236
0.06766343954208937,0.05191195792518771
0.6590573450063226,0.366068284482073
0.14111832897365853,0.10155205773548757
0.013561645157865272,0.026523943491315823
0.2706248009189101,0.17772367389748614
0.24743969652802575,0.1591625930988523
0.7556780339958111,0.3945043752200862
0.6831980386289711,0.3717517161994842
0.10925570216503702,0.0814801912904533
0.905387013638865,0.43808618672401833
9.652416482466385e-06,0.00606207473655912
0.29863611355102754,0.19022646638975238
0.818467003214255,0.4176205315390702
0.8851072866092031,0.435810542178939
0.6503412129226556,0.34939663234898766
0.7440758293838866,0.39373951632140725
0.40206175616065487,0.25010885986800496
0.7740272777289797,0.39905187788005336
0.14305846468663427,0.1034490592614189
0.8058995569540838,0.4126905994297635
0.11405295315682282,0.0822261180381748
0.04449763998417003,0.048504170752855916
0.022258472408567483,0.032586018227874936
0.8783505950714765,0.4324027550066072
0.035781507900502885,0.03334709069636237
0.39432051814171676,0.23533420926085086
0.45808438142489,0.2690561565461697
