0.22497045625459683,0.09140507995795513
0.5366962241853777,0.1695791125765198
0.24080149633216813,0.10968587543996586
0.2836282198550497,0.12448261955300978
0.25662151776343517,0.1129496534888829
0.27283270113850167,0.1189920097566039
0.2600951460108369,0.11482406367497644
0.23230612003162354,0.09687395381001572
0.27977169364857685,0.12369981054289382
0.23269452731384688,0.1022544663231075
0.27166747929183166,0.1178892255947675
0.25160803369502044,0.11259683816037994
0.23963902914707413,0.10249710561487482
0.26240630707314455,0.11751420180139004
0.28517083033763885,0.1245708233851355
0.28864721324661663,0.125375840860126
0.34652265295947066,0.14568556074129335
0.37005848146525966,0.1541975455551136
0.36273108167296114,0.1526319275348817
0.337649888023007,0.14439550094303286
0.3789367557248755,0.15693210061127622
0.39204894482688335,0.15858592246363387
0.37854834844265217,0.15556486245990567
0.40246156558436014,0.15990897994551997
0.3754631274774738,0.1544623145583339
0.385104442993656,0.15815585002859933
0.4040041760669493,0.16021769335796007
0.4109514325617527,0.16391138633506858
0.42213811322210015,0.16480452888876326
0.4406521936747461,0.1662930473093067
0.44026654105409896,0.1653117796769078
0.44451147454279505,0.1667120942653255
0.3669732605000813,0.15313909956960473
0.4094033127560114,0.16203689739555346
0.44759394084639736,0.1669325250922183
0.3943628605507671,0.1589938651872154
0.45569815520314255,0.1680462559796489
0.41673622187146203,0.1646170169920745
0.32414378231562363,0.139797639933214
0.29019533305235784,0.1311643748502209
0.2759151674421039,0.12355647931568947
0.33648742083791294,0.14367868730016814
0.333790607154958,0.14071291219836163
0.3314766914310743,0.1406357338452516
0.29791114012687975,0.13404210362674474
0.311414491172687,0.13432892358799645
0.3129571016552761,0.13769169468779038
0.353467154792698,0.15076838532096076
0.3465226529594707,0.14834270118408135
