0.43869638395574917,0.14355772204468142
0.46492627148291704,0.1456196441274637
0.4849884717413042,0.14946777256421379
0.41439200487024175,0.13705245316514333
0.2700945675319059,0.09019235601964773
0.28707430148669083,0.0994320224485053
0.2758848661647674,0.0946027051327779
0.338393646648541,0.11587179919515578
0.3773528253186455,0.12914671219034454
0.3368482815043758,0.11527634457488552
0.41053547866376877,0.13658938304648321
0.34302147809630845,0.11917944289987109
0.3511339564377819,0.12749304784482995
0.3341487131598448,0.11476917254016247
0.32797551656791213,0.11235451388229876
0.3260417441415236,0.11160462380238688
0.3866195068604848,0.13254287474087176
0.43406579784640553,0.1405807639570161
0.46878830701254204,0.14854155357347193
0.4506571245189673,0.14523375236191355
0.4448668258861058,0.14403181764235728
0.5953099132006138,0.16753924145176896
0.547863622214693,0.16267669019215128
0.5038826954914455,0.1546606944271953
0.4872968781420359,0.1502063221514238
0.5170114125629097,0.1621143907623497
0.5077474856826465,0.15760473358465654
0.5065877731591286,0.1551790494477771
0.5983978888273681,0.16979954340341263
0.4957922544425805,0.15398837646750113
0.48266904669426847,0.1493463347881978
0.49115615901008486,0.1521248342535802
0.3877764647224266,0.13582846748755562
0.4194027342770804,0.1397205403335255
0.3013517124353688,0.10815341261020263
0.4170915732147727,0.13893781007683106
0.39857198343897465,0.13632453528984134
0.34764655488249996,0.12166009692498607
