0.38508791502419976,0.1372510692942694
0.3376250960688225,0.12209024811344212
0.42636376407976395,0.14748302883454154
0.46262061974376145,0.15506871590419838
0.45760162635219453,0.150393755294691
0.3187033257029208,0.10409595757899698
0.4880736927064826,0.15803456975942642
0.30521099330341767,0.10379842715241568
0.4907760157125897,0.15891668683410537
0.39278994879084134,0.13827612382904494
0.43600507959594614,0.14836506715579895
0.5706281454791872,0.17147533746038016
0.5575159563771793,0.17128790431711297
0.5247299742990075,0.16880701403173337
0.51354329363866,0.16385649520025464
0.3025059156357346,0.10121830755589467
0.5320628834144583,0.17032868764274553
0.3669429592227447,0.13160547276427112
0.5224160585751239,0.1673957527177215
0.4201878128262553,0.14679929162872396
0.47728368331308657,0.15553202228312316
0.3565275838036918,0.12659982653771373
0.4008969178091626,0.1399191564626515
0.4587558295525603,0.15206954935165853
0.4622322124615381,0.15238944574995744
0.3418617655727905,0.12386519272812958
0.4020648943174087,0.1454322109841965
0.503125163558031,0.1634594204488457
0.4414014616234323,0.1489162623531633
0.3758157241592085,0.13266399750320154
0.31987405687274295,0.11392005314910912
0.32951812705050115,0.11773494764196901
0.47303048583966223,0.15541042700026408
0.6022626790185692,0.17236871627433947
0.4822999220430774,0.15783642615082968
0.4414069709465844,0.1503717830900811
0.3565330931268439,0.12841918808215022
0.46224047644626626,0.1529850578770708
0.6026428223160644,0.17251188999470074
0.3781351492062443,0.13559693242822551
0.3557617878855494,0.12526590108365496
