0.34563068378544515,0.12925443785693555
0.0294161290550519,0.011239540008090857
0.009051660177641481,0.00047968002456658646
0.011878095830300802,0.004922573328157217
0.052048812543721415,0.017469935605270707
0.16064753640802423,0.06660800885965193
0.04864295758226694,0.014419802236800767
0.9146204450222931,0.30141873125994684
0.9129245836306975,0.30098315348508503
0.5995929932660171,0.2229150933688184
0.4027529483256902,0.14842203783973024
0.8767250090092632,0.29706132009467284
0.4412278036475153,0.17482077335744978
0.6832978851195228,0.2500112977985354
0.8620204775263031,0.29536202230049313
0.3993612255424989,0.14772511339995134
0.18724429589954847,0.07323096892642601
0.15216116336091465,0.051275126712297066
0.7523053115791999,0.27044316227286663
0.8529688173486616,0.2948823422759266
0.8552370319599207,0.29488288674814517
0.7353396315741124,0.26608684005202976
0.8320461274298511,0.2914407333822996
0.3914401396259213,0.14759389559527417
0.28679135958620977,0.10638279337115966
0.2460482896531257,0.09065516886533623
0.8676733488316217,0.2965816400701063
0.44064131824958847,0.171465191074358
0.8060217211579903,0.28429562445790985
0.7930201171557574,0.2815950422537665
0.8196027444690183,0.28904451114834095
0.5594434748199915,0.2120245600528356
0.747783014534945,0.26904931339330873
0.8495770945654705,0.2934449356188825
0.8467506589128112,0.2931400311764793
0.7726627143674786,0.27702093114549875
0.8071593615081857,0.28599492225208956
0.7545664601013274,0.2711836444901317
0.2635863228778768,0.0983659844248277
0.8699415634428809,0.2965821845423249
0.12954261205050843,0.047441497821294414
0.7975424142000124,0.28333735335321386
0.6776591459924673,0.24948969341313842
0.7602193314066458,0.27174989559745205
0.5809314518693339,0.21664222893858953
0.4576493947894659,0.18227133119646136
0.3241285745578395,0.12215288671003209
0.12894906056344996,0.038553533325238844
0.6222327428438181,0.23467787117896202
0.82921262568806,0.28982855114309225
0.4576493947894659,0.18205354230903045
0.3162145547303934,0.1210639422728775
0.2918930759392598,0.1111752378390769
0.8885960387504324,0.299239208968982
0.49779891323549164,0.1893723378711463
0.20533348407656812,0.08168117775874545
0.8456200846517474,0.29270445340161744
0.07184092820146833,0.026007804464781088
0.7319408427017895,0.26451821559030864
0.6838773044283178,0.251536908954989
0.5916789734385709,0.21764460229299032
0.5339914217677941,0.20091623784942184
0.36090050239893723,0.13578864895208154
0.6058252838801308,0.2297983111560724
0.88181259318405,0.2984987267517169
0.8139498731636997,0.28769422004626927
0.8874654644893686,0.2985858423066893
0.7387313543573036,0.2664788600494054
0.7658722027119645,0.2737099955843303
0.592244260569103,0.2184722000652278
0.37900382275422023,0.14606937338325782
0.7952812656778849,0.28250975558097635
0.6934942517364912,0.2550220756261022
0.6199574621434274,0.23297802891256375
0.3557987860458872,0.13082197337421958
0.3286650037803577,0.1277729289501868
0.5611534683898503,0.21472623120141604
0.6980094826916143,0.260117791119767
0.8173415959468908,0.2887396067059377
0.5254909165424213,0.19856248444851227
0.7981147674196758,0.2841219378201837
0.6080864324022582,0.23049523559585133
0.6883854692943095,0.2545848644345846
0.7342019912239169,0.2645617733677948
0.7607846185371779,0.27314374447700995
0.777757364631397,0.27954782671191597
0.7760544371506698,0.277543624475333
0.3269550102104988,0.1246792378042307
0.7687057044537556,0.27401544449895215
0.7432607174906901,0.26826527339855744
0.5611534683898504,0.2161200800809739
0.45367825269747963,0.17835004227826776
0.836003137343574,0.2918327533796752
0.40726817928081355,0.15025092002193133
0.8501423816960023,0.2937498400612858
0.6544541092841343,0.24195202001915453
0.8105581503805085,0.28599546672430814
0.6329590661456602,0.23628842000151362
0.8128192989026359,0.28756354671381074
0.6024335610969396,0.22657503562209488
0.7613569717568415,0.27331852005917323
0.7426954303601581,0.26791681117866795
0.8145151602942315,0.2879555667111864
0.8263861900354008,0.28926230003577186
0.5034517845408103,0.19516552227680858
0.7839755230672475,0.2808981178139876
0.8524035302181298,0.2942289756136338
0.37164802396817426,0.13666034897402377
0.4746080087054219,0.18832586226704076
0.42763971424735564,0.17142163329687185
0.6589905385066525,0.2478334089242263
0.5418983755061086,0.2064039733404623
0.365408667264929,0.13604890667256148
0.5130545996707203,0.1979962333411919
0.7483483016654768,0.2693977756131982
0.3789967566650886,0.1386640067383882
0.7121557931331743,0.2644746578128224
0.09107482281781501,0.0341541977991344
0.7585234700150505,0.2716192222649935
0.5498335936009499,0.20771234008170353
0.8105581503805085,0.28721508449392125
0.6872548950332458,0.2524505333377617
0.6329731983239235,0.2389900911500941
