0.9467771836890978,0.25213065413143215
0.7049151426501497,0.2287439593172426
0.7087716688566226,0.22924010587294988
0.8136939736268699,0.23996860573603707
0.7157161706898498,0.2301663248636917
0.8700130295492544,0.24575737598639652
0.9089749628809352,0.24995839850507115
0.9178449731558228,0.25020095904341694
0.8850562364160749,0.24732307276004997
0.6979706408169225,0.22781774032650076
0.8646138928601925,0.24562507023820795
0.7049151426501495,0.22876601027527402
0.9024161136683551,0.24955037702806807
0.6925715041278604,0.2270900587114634
0.7242032830056663,0.2310043400223078
0.7469622969470084,0.2328898544408386
0.8538128648204923,0.24402629702750733
0.7554466546012487,0.2348964916216992
0.8082948369378077,0.23981424902981702
0.7346186584247191,0.23190850805501817
0.7141735602072606,0.22940556681160718
0.8892984152431951,0.2481389582072131
0.9228612118858137,0.25141384048856746
0.685627002294633,0.22616383972072157
0.7936372826916348,0.23792881336470773
0.9147597521906445,0.25001352590014975
0.8947003065938333,0.24838159749898045
0.8734839031350801,0.24631967541619815
0.8264232647698065,0.24135789484543904
0.9332765873048666,0.2521085244199792
0.8962456717379985,0.24910935786743935
0.8939317560141148,0.24817219215110334
0.887758559422182,0.2478082725901631
0.8850534817544989,0.24731196852761272
0.8237236964252755,0.24104918143299892
0.7188013916550281,0.23019940130073888
0.8788857944857182,0.2465843656659969
0.7870811881406309,0.2375208706411262
0.828354282534619,0.2425928272486209
0.7701042088474217,0.23628578073110118
0.7157161706898497,0.23018837582172313
0.8503419912346666,0.24398219511144448
0.8808140575889547,0.2469041045574527
0.7994248266629201,0.23873375208627667
0.7812936441693454,0.23676003383562014
0.8364557422297882,0.24276931366629398
0.7658647846818779,0.235337668289171
0.714559212827908,0.22951582160176437
0.7874640860997021,0.2379177091322705
0.7288311144534336,0.2316327923262037
0.9182306257764701,0.25039941766569984
0.8449400998840287,0.24383878513081858
0.6964280303343333,0.2275862052671707
0.8028957002487458,0.23975912163473845
0.873095495852857,0.2461983163936037
0.779365381066109,0.23662772808743154
0.8441660399811579,0.2431882031154697
0.9166880152938809,0.25007967877424403
0.8835136259334858,0.24728999632300286
0.8862131942780167,0.24771999000461584
0.7662476826409489,0.23540374240984377
0.72651719872955,0.2310594674173864
0.7620055038138288,0.23496272324921505
0.8534272121998451,0.24402629702750733
0.7998077246219913,0.23947238042690822
0.9209329487825773,0.2513476876144731
0.8619143245156614,0.24541558613690928
0.7546781040215302,0.23422401615516197
0.8144652788681646,0.24053090516583867
0.753132738877365,0.23411368261158327
0.7284454618327865,0.2315666394521094
0.7839932125138765,0.23677105931463585
0.8187102123568608,0.2406743151464645
0.7485049074295976,0.2332095933322944
0.8360673349475647,0.24259282724862094
0.8244950016665701,0.24122558909725036
0.7323019880392592,0.23169894520029802
0.8545841700617869,0.24494141178581189
0.8383812506714488,0.24297871901417106
0.7986535214216256,0.23872272660726096
0.9182306257764702,0.2507191565571557
0.7411747529757231,0.23264721514907127
0.7955655457948713,0.23866752045876083
0.7357756162866609,0.23227234886253686
0.9162996080116577,0.2500575490627911
0.8761834714796113,0.24657326143355965
0.7033725321675605,0.22851242425791252
0.8696246222670312,0.24572422079592784
0.8264260194313826,0.24164463605326922
0.7188041463166042,0.23054126990364765
0.7658620300203016,0.23526041118263943
0.8707870894521252,0.24590078596702242
0.9274890433335812,0.2518328086911647
0.8815881174918253,0.24711366741217292
0.7866955355199834,0.23735548845589044
0.7446483812231247,0.23285677800379143
