0.3283694331732875,0.12548609565028315
0.4263665187413401,0.15048203788023828
0.5447839105726666,0.17000879124444662
0.4958060277504608,0.16452912817363494
0.5131548863564368,0.16673406646993538
0.3422584368397421,0.12725032979964107
0.3438065566454833,0.13226708025863573
0.4047617080003637,0.1497541200049363
0.5424699948487829,0.1695567466048022
0.4981171888127685,0.16606159100339818
0.3901041537541906,0.1411762185772864
0.35808121293258516,0.1377579263153062
0.3306833488971713,0.1261917263072891
0.3939606799606635,0.144980008837709
0.44681712628195064,0.16134244972440637
0.4317629007688261,0.15205860262606438
0.3854653036601189,0.14050334934364145
0.4421755215263029,0.15409831624397213
0.3156401420303509,0.1228619528911208
0.2909501103241961,0.11501157557166519
0.28090385955633423,0.10261838588404772
0.2832205299417939,0.10498894262584856
0.5933954234052576,0.17891792956309732
0.5679285771346562,0.1742647836513567
0.38044906493012803,0.13942277364667957
0.39163850025205155,0.14361261317949534
0.49425515328314346,0.16450684095533888
0.4433352340498209,0.15415352239247226
0.46031772266618187,0.16385633769341154
0.5224188132366998,0.16914888263464217
0.3387875632539165,0.12723930432062533
0.31408651290145756,0.11675352250272705
0.3951203924841814,0.14665596040151962
