0.5672146021756548,0.3073218200612644
0.32282506925608834,0.23417177519206667
0.38755417418750787,0.260699505113574
0.23296107180432618,0.17695881499880725
0.3682300363896101,0.25728414508085923
0.2861362342062336,0.20993483553640457
0.22231445642416578,0.15309294550191024
0.20396521269099716,0.1455162986887592
0.46583527186031026,0.2951938841579547
0.26100134168589106,0.20234682943267915
0.2919180316792309,0.2137174792976929
0.23295141938784372,0.16900352516650824
0.25617513344465787,0.19401668301142364
0.2919276840957134,0.21750769591936417
0.2513103155374948,0.18567139086940218
0.22232410884064827,0.16066959231506125
0.4223511356067992,0.2716990848198227
0.4310383104410189,0.2811651602985221
0.3151031360701152,0.23152127405803077
0.30352023629115554,0.22735620084740304
0.3121977587088928,0.22886698649380346
0.24649375971274406,0.18416060522300176
0.3354118203492244,0.2470607835638638
0.33057595969150877,0.23494042052093703
0.33157015858920286,0.2364663518881034
0.5015781700948833,0.30315674685063665
0.2764838177237672,0.20728433440236876
0.4619550004343587,0.2944290252592758
0.4542427196648681,0.2898890954596915
0.3895136147334486,0.2690410108254039
0.3721296126485266,0.2580565768399211
0.43201320450574804,0.2834408048436015
0.35955251397187293,0.2553947164153108
0.4242816189032924,0.2751068719921545
0.3412322274881517,0.2501012870076221
0.3016187102441096,0.22471705900394165
0.3760002316579956,0.25843900628926053
0.4194650630785417,0.27056694219257027
0.45423306724838564,0.2872348078954642
0.4252565129680216,0.275489301441494
