0.22267306850016944,0.10862735070103538
0.4661190399453476,0.17975555095460571
0.22885452907683024,0.11726061578402851
0.33303307522154374,0.15238928824311437
0.29213461480189856,0.13949995199978962
0.34306279801994927,0.1550134310022767
0.3276311838709056,0.14928002440726046
0.307180576330295,0.14452772793779992
0.625049239575672,0.20149897687492407
0.46457642946275834,0.1768337990154405
0.36891529691119807,0.16164013765783072
0.35502629324474344,0.15882848300197966
0.3241548009619279,0.14791270750246835
0.21071508259852736,0.10757985144112067
0.3473104861702216,0.15760457607781342
0.34306004335837326,0.15285235836177452
0.3750857388415547,0.16531162217006473
0.3951396751152138,0.16702057141750098
0.29792215877318395,0.14377791661130962
0.32415755562350396,0.14836483089553434
0.34421975588189113,0.15552060303699974
0.24428338856429793,0.12231036392664875
0.36350789623740776,0.15907096478690388
0.2674390737725917,0.13055789475093485
0.3071778216687189,0.14427406316701688
0.2709182113431455,0.13462653276799932
0.29444853052578235,0.1402937864889213
0.2674445830957438,0.13185905878163262
0.26396820018676614,0.13023815585947904
0.4124995523674939,0.17053785673035798
0.3951424297767898,0.1673955164574569
0.5930373174003708,0.2011019808769367
0.5544582820277616,0.19569910239212734
0.5479021874767576,0.1944752742213827
0.5382581172989993,0.1928985519687135
0.24506571245189673,0.12439449447430556
0.23850410857774068,0.12200180802105173
0.24738238283735653,0.1282534908832283
0.2616570391244584,0.1296979861411304
0.24737962817578046,0.12464808049166709
0.23426192975062052,0.12129617736404583
0.49274008941631486,0.1853127073922136
0.2863470708306131,0.13892654833755075
0.2740061869698998,0.13751528702353888
0.28943229179579144,0.13900372669066077
0.48193906137661463,0.1826003608009255
0.4341071177700464,0.17682269478300325
0.5614027838609889,0.1966473723409006
0.5371039140986335,0.19220402554414484
0.5012272017321312,0.18695558251897704
0.5305450648860535,0.19093601670391575
0.5239889703350495,0.19069345616556993
0.5328589806099372,0.19206061556351897
0.4908118263130783,0.18473938248339627
0.47383760168144545,0.18065979774073765
0.5004558964908365,0.1861176461137825
0.4888808085482658,0.1834603481641515
0.5101027213301711,0.19041774043675547
0.5687329383148635,0.1972428269611709
0.5421173981670482,0.19403425506075397
0.3542494786802967,0.15765962471947048
0.33032799755386055,0.1495996845452947
0.31065420457769666,0.1460382973163748
0.3646648540993497,0.16115478032087455
0.3746973315593314,0.16412079168294566
0.3912859035703169,0.16696552277584395
0.428319573798761,0.17519084513525546
0.40054432112742794,0.1700858120907136
0.4128879596497173,0.17319507592656752
0.589560934491393,0.1987864727767929
0.5907178923533352,0.19942595055970452
0.5760630927687378,0.19834545361616418
0.5081744582269345,0.18928211609813655
0.3191413168935131,0.1478245036703426
0.33302756589839166,0.14974301577249904
