0.5860049038658574,0.2061001578424962
0.3829749648462065,0.1567421178118097
0.5690462899499014,0.20087322454415424
0.6142904586598454,0.21267901565956548
0.6205086170956959,0.2134194978768306
0.5848813956939253,0.20292098455822344
0.5447318772478995,0.19656046010080358
0.6029776499600765,0.20784355788638065
0.5792143922103433,0.20287633783630007
0.5741409402138199,0.20165780901112412
0.5271938440231484,0.19568821560664276
0.5175768967149752,0.19054785339105465
0.5548858473300782,0.19799623334119187
0.29472657768105087,0.11513954006253806
0.2902113467259276,0.11483518009235337
0.295305996989846,0.12293747117700193
0.3049158782088877,0.12694478670573073
0.35017417909709514,0.14737610670784326
0.38637375371852944,0.1642346000116517
0.4400901632973198,0.17451532444282794
0.4728980151355629,0.1821831266970518
0.47685502504928595,0.18292360891431697
0.496081853576501,0.18767195113252944
0.4480183153030292,0.1791335378008005
0.4870443255771228,0.18614797339273162
0.32414977282523444,0.1391856111237852
0.3597840603161368,0.1530821755585332
0.31623575299778833,0.1355267578149459
0.3388613703973262,0.14480565336393994
0.4197398265981727,0.16758963782252492
0.4191674733785092,0.16663082224561032
0.33432494117480793,0.1411892688881496
0.6482006204026256,0.2143336667318218
0.4836526027939317,0.1838829689634501
0.6538464256188127,0.21590120224910583
0.5571611280304689,0.19947828672015924
0.4293426417280828,0.17238044887378645
0.46836865200217637,0.17948200002068995
0.42425505755329596,0.17085592666177005
0.28850135315606873,0.10407532010882911
0.28340670289215025,0.10154842454241193
0.5283244182842123,0.1959060044940737
0.5074087944545332,0.18815272010153317
