0.12844641008751292,0.17934803631721755
0.10708572503999247,0.16895353142389796
0.16235375301903954,0.1983631832273252
0.10579969260688184,0.1689480053713231
0.11586838555879678,0.17801625764667525
0.13468837238480602,0.1839843944275286
0.1485210627019228,0.195484109835821
0.14475706533672095,0.19305264670288075
0.2226404441516891,0.23086742447267647
0.17866440826824753,0.21206779361298847
0.14604309776983154,0.19305817275545561
0.16611775038424142,0.2034471515962003
0.16486308459584076,0.2007946463602655
0.22135441171857848,0.2308618984201016
0.20002509331576804,0.222462298506308
0.134657005740096,0.18000011052105153
0.16106772058592894,0.19835765717475037
0.17995044070135816,0.21207331966556334
0.14977572849032342,0.19703140455678295
0.2628211160252188,0.2489984029708059
0.1171544179919074,0.17802178369925012
0.15106176092343404,0.19703693060935784
0.13722907060631725,0.18841076253999484
0.13597440481791664,0.18575825730405998
0.1409617013268091,0.1886262785904145
0.17113641353784387,0.20742590945010253
0.1924657319406543,0.21582550936389613
0.4348985289043631,0.31114439022772866
0.45625921395188357,0.3188863898851134
0.4361531946927637,0.3131337691546797
0.3997365201844359,0.30229718005537104
0.5479125497945485,0.34409624173164394
0.4147925096452432,0.305391769497295
0.3369091308302752,0.2764186758472821
0.39468649038612347,0.2976497698399103
0.3582698158777956,0.28681318074060164
0.4110285122800414,0.3025182221583656
0.3783758351369155,0.2945551803979864
0.19375176437376493,0.215831035416471
0.24522442834290017,0.2410353612104266
0.2464790941313008,0.2436878664463614
0.2929644615915436,0.26027707627610375
0.47881183149838463,0.32661733743734844
0.4800978639314953,0.3266228634899233
0.5252658323139173,0.33634871602168426
0.44368118942316737,0.3157862743906146
0.16988174774944326,0.20587861472914054
0.1824284056334494,0.2144992567459287
0.21131708541137356,0.22953564580213418
0.22511840908378034,0.23329336155304187
0.17740974247984692,0.21052049889202648
0.08192967598256012,0.14506993219533493
0.08823437156927322,0.15679068970662188
0.07565634704055707,0.14064909013544355
0.07437031460744643,0.14064356408286868
0.09830306452118817,0.165858941981974
0.31307048085066347,0.2702294969634342
0.2766538063423356,0.25872978155514176
0.32185314136946774,0.2753134653323092
0.27038047740033255,0.25143539215632105
0.18371443806656002,0.21450478279850357
0.1724224459709545,0.2074314355026774
0.21260311784448419,0.22954117185470904
0.25529312129481513,0.2483352766618222
0.20131112574887866,0.22246782455888287
0.35453718515730376,0.2857134962782036
0.36331984567610803,0.2907974646470787
0.33317650010978334,0.2753189913848841
0.33443116589818395,0.27576107559087315
0.5014585489790158,0.33436486314730807
0.4198425394435557,0.3080498007858047
0.3984818543960353,0.3003078011284199
0.1987704275273674,0.22091500378534606
0.23267777045889404,0.23993015069545376
0.20378909068096987,0.2248937616392483
0.5252658323139174,0.3396643475666028
0.41350647721213263,0.3033968645177691
0.526520498102318,0.34143268439055935
0.5390671559863242,0.34165372649355386
0.4135064772121327,0.3053862434447202
0.5729744989178508,0.3544796945198137
0.47504783413318274,0.32308066378943534
0.43361249647125244,0.3111388641751538
0.4423951569900567,0.3157807483380397
0.3770898027038048,0.29344444383043866
0.5629371726106458,0.3474063472239875
0.4750478341331828,0.323743790098419
0.45870581223926477,0.32086471670691474
0.3117844484175528,0.2702239709108593
0.23396380289200466,0.23993567674802863
0.2904864966594524,0.25917739181370575
0.29801449138985603,0.26647178121252646
0.3181205106489759,0.27421378086991116
0.3419591606285876,0.283055464989694
0.39973652018443584,0.3016340537463874
0.5642232050437564,0.34741187327656237
0.5491358489382391,0.34585905250302557
0.5566638436686429,0.347185305120993
0.5064144788431981,0.3356800636601257
0.542831153351526,0.3416537264935539
0.6156958690128916,0.3575853360668874
0.2954737931683448,0.2664662551599516
0.2238951099400897,0.232635761296633
0.4599918446723754,0.3208702427594896
0.39848185439603523,0.2996446748194363
0.5278065305354287,0.3414382104431342
0.4235751701640475,0.31003365366018093
0.39719582196292463,0.2991970645608723
0.24776512656441144,0.24369339249893626
0.29167842915843295,0.2602715502235289
0.2050751231140805,0.22489928769182316
0.27536777390922496,0.2587242555025669
0.2665851133904207,0.2514298661037462
0.3205671089363571,0.27530793927973435
0.49010382359399013,0.33059609529125067
