0.5046732833637724,0.1607914120338851
0.5582817522953218,0.1633273509609217
0.5405417317455464,0.16098994940958955
0.4695651215769887,0.15173909999487317
0.46184380517931467,0.1473948250024158
0.4911671776563891,0.1571748186564651
0.47149889400337724,0.1552674107867459
0.46224047644626626,0.14876229941405092
0.36462904349886094,0.12646759954294665
0.2971150429314007,0.11056815002148787
0.33067783957401914,0.11911321127235526
0.36346933097534306,0.12522164166074903
0.290944601001044,0.10862766571472157
0.31100680125943125,0.11581651429323413
0.31332347164489105,0.11893680360810378
0.3032882395233334,0.11190231173581125
0.3322287140413365,0.12116418662954337
0.3356995876271621,0.12211237782489508
0.34842887877009876,0.12388755869984718
0.33183204277438494,0.11960927907464101
0.3665517972789453,0.12720614913015665
0.429060577762719,0.14482580963833205
0.4147859214756172,0.14052571531535904
0.4637748229441272,0.1500740951566567
0.44178986890565564,0.1471412389850543
0.4086127248836845,0.1392907829121771
0.39472647587880594,0.13857404802273393
0.36887673164913326,0.12872798024801188
0.3897074824872391,0.1332596096303149
0.3715818093168164,0.13273038663756048
0.3584586015685043,0.1246263445473218
0.2870715468251148,0.09448150361702654
0.2893854625489985,0.09735915364012886
0.27935573975059297,0.092607093430933
0.5640720509281832,0.16702104393803022
0.5625266857840181,0.1653009904581567
