0.1199044664749401,0.030495344490295055
0.17309091936885687,0.06325460446543445
0.049208244712798804,0.013505088909590932
0.4281908691996242,0.1625783155227396
0.27771143505204177,0.0905685977825824
0.34563068378544515,0.12925443785693555
0.0294161290550519,0.011239540008090857
0.24038835225867536,0.08163816445347782
0.5594081443743331,0.20278758886467196
0.39483186240911256,0.1462871622706887
0.3682563011849831,0.14040631783783547
0.8371337116046377,0.290830924497493
0.38916485892553054,0.14484866666920754
0.10067763794772508,0.024745173389900368
0.8620204775263031,0.29536202230049313
0.6849937465111181,0.24800764003417106
0.26527511818034066,0.08769378446849439
0.3971000770203715,0.1477251133999513
0.4723185958267679,0.17347048225537812
0.8026299983747991,0.2828146600233796
0.6725503635502856,0.24783286445200775
0.6142833925707137,0.2252666688808537
0.8456130185626157,0.29122294449486863
0.7969771270694804,0.2812030222563909
0.5594434748199915,0.20779945563667587
0.832046127429851,0.2897419800603384
0.8671080617010899,0.2967994289575372
0.2494470785254485,0.08298954449998666
0.93441256068004,0.3034229334965298
0.4247991464164329,0.1477686711774375
0.8461853717822793,0.2932271467314516
0.8529688173486616,0.2948823422759266
0.6923566113862958,0.254629511156508
0.5334049363698674,0.20052258443539048
0.8048982129860581,0.2828152044955982
0.5701980624783601,0.2132017089893997
0.5571469958522057,0.20156797109505883
0.6680139343277675,0.2407318577773228
0.2222991640816557,0.07593209560278792
0.4751520975685588,0.17469064449720983
0.8077246486387175,0.2836863600453219
0.7472106613152814,0.267350015599129
0.8326114145603828,0.2900468845027417
0.30827933663555224,0.10769007116796364
0.7884978201115025,0.28002696226426393
0.19402067537679915,0.06900532003804771
0.8885960387504324,0.299239208968982
0.6708615682478216,0.2412126267463266
0.7930201171557574,0.28102879114644613
0.765865136622833,0.27131377335037166
0.7387172221790402,0.2626446866861842
0.2256908868648469,0.08133326001107456
0.5866055214420475,0.2246149356352167
0.88181259318405,0.2984987267517169
0.8297849789077235,0.28943707561793514
0.816776308816359,0.2880862400436449
0.82921262568806,0.2893929733682304
0.808297001858381,0.28373046229502663
0.1629086849301517,0.06290559777332641
0.5045752927127424,0.18715034674713238
0.7545664601013274,0.2699204689430324
0.10293172038072089,0.027532326676797482
0.6284509012796686,0.23637662450092317
0.8869001773588367,0.2988036311941202
0.7624804799287733,0.2704867200503528
0.7483412355763452,0.26830828670382506
0.8156457345552953,0.2873457578263798
0.7522982454900682,0.2683518444813113
0.4655210180821221,0.17033323333193584
0.32807851838243096,0.12119407113311743
0.5758368016054154,0.21385398670725525
0.8456200846517474,0.29270445340161744
0.7664374898424964,0.2729695133670652
0.5107934511485928,0.18998160228373429
0.36315458483193314,0.13339242671812293
0.583199666480593,0.2171219089631561
0.869376276312349,0.2967999734297558
0.6346690597155192,0.23772691560299483
0.42763971424735553,0.15521814007201187
0.8111234375110403,0.28555988894944634
0.7754962161092696,0.278371766719789
0.5141993061100474,0.19407712231187257
0.6623822612898437,0.24038502897408912
0.43953900834505144,0.16593553122248716
0.8461853717822794,0.2933578200639102
0.6278785480600051,0.2317589556151692
0.47910204139315016,0.17604039112706285
0.744949512793154,0.2644316445075548
0.820733318730082,0.28913162670331327
0.4819214109566779,0.17808706219669493
0.3105404851576798,0.11361392890608453
0.7093293574805151,0.26234032671599944
0.7675821962818234,0.2758889734030766
