0.39343249582532985,0.3054134592447586
0.5991641007326184,0.3573405628907123
0.5711624405169834,0.354307632307337
0.5634308549145279,0.35354655983884953
0.5779287844711923,0.35734056289071225
0.5054970511867646,0.34255833942317515
0.3992432505477747,0.30882881927747335
0.398278008899528,0.3069356041817335
0.40599994208550116,0.31185796343065725
0.39632822077006985,0.30654938830220246
0.5450912635978418,0.3535465598388495
0.5180451926139709,0.3436942684806191
0.5248018841516974,0.34558748357635904
0.4204978716421656,0.31792382459740776
0.40794007779847685,0.31526953703318045
0.4060095945019836,0.31299767891829255
0.4813467051476337,0.33459926316068467
0.33839441704230655,0.28723102146527274
0.5025916738255422,0.3391467658206519
0.5402554029401261,0.35089227227462216
0.3886159400005792,0.3039026735983582
0.4726498778969315,0.33421683371134525
0.4311251821893611,0.32360725631481896
0.4707193946004382,0.3315663325773094
0.4823119467958804,0.3364924782564246
0.42339359658690556,0.3190597536548517
0.4166272526326966,0.3160268230714764
0.3992529029642572,0.3114831068417007
0.39925290296425714,0.3107258208034047
0.4427177343848032,0.32777611595563816
0.49197401569482924,0.33763219374406
0.5286725031611664,0.3505136292554742
0.5267323674481906,0.34937391376783883
0.5006611905290489,0.33914676582065184
0.3519078001177595,0.29291066675249244
0.3219660041891487,0.27737873010704234
0.3074584222160018,0.2607070779739569
0.308414011447766,0.26259650663950534
0.351898147701277,0.28949909314996913
0.38086504956515865,0.2985903120397121
0.38184959604637025,0.3027629581107228
0.36252545824847254,0.2982116690205641
0.29586587002055964,0.2607032915437654
0.3113097363925059,0.2656256507926892
0.31712049111495066,0.2728274410168836
0.451404909219023,0.33004797407052605
0.4369262844953234,0.32361104274501046
0.2813775928803776,0.25426257378805833
0.3142151137537283,0.2671440092994726
0.22043223521008484,0.19665582485488503
0.2600650572870918,0.22621269892957616
0.2523238192681538,0.21560312153304984
0.25038368355517804,0.2084051177390468
0.2533083657493653,0.22166898269980043
0.24554782289746233,0.20120711394504373
0.23203443982200941,0.19704204073441597
0.2465227169621915,0.20499733056671499
0.30842366386424847,0.2629789360888447
0.26104960376830344,0.23265720311547472
0.26008436212005676,0.23189991707717875
0.2639742859624907,0.2391054937315648
0.2774683642049787,0.23947656389032976
0.27747801662146127,0.23985899333966926
0.423403249003388,0.3205781121616351
0.3509522108859953,0.2876134509146122
