0.5330160618679358,0.5037512169978811
0.5336109458655561,0.5393161903671039
0.4491374182034503,0.49796689765763696
0.3414634146341463,0.4303304507187446
0.24449732302201072,0.3717427409655804
0.3896490184414039,0.46360460454727676
0.3771564544913742,0.45667487543668744
0.4247471743010113,0.48301930015463024
0.2926829268292683,0.41990722180860196
0.3283759666864961,0.4279250902010194
0.4015466983938132,0.48078575110245686
0.35217132659131467,0.4336521390527461
0.2082093991671624,0.3693946509363724
0.35276621058893515,0.43714563885229935
0.25698988697204045,0.4015806654830765
0.12373587150505651,0.28566519672412805
0.25580011897679955,0.3819941584101712
0.19571683521713268,0.34642918504094833
0.06186793575252826,0.15485940095069012
0.1838191552647234,0.334975087337495
0.26948245092207024,0.40965580436401117
0.037477691850089236,0.07347803676765363
0.18381915526472337,0.3292480384857683
0.14812611540749554,0.32466639940438685
0.12433075550267698,0.291449516064372
0.07495538370017847,0.2282801672298265
0.09994051160023795,0.26962945993929327
0.07436049970255801,0.15606208120955273
0.09934562760261749,0.2523910428955959
0.07495538370017846,0.20193574251188362
