0.4281908691996242,0.1625783155227396
0.03224963079684287,0.01851423332050194
0.028864974102783336,0.01790496890791396
0.9536323231181233,0.3049474557085462
0.7291073409599984,0.24813994678328535
0.6923424792080326,0.24478436450019356
0.5017629892383463,0.18527845125966372
0.07184799429059999,0.03794317996821371
0.8914295404922234,0.29383858903291393
0.014146310441559909,0.009627357768883522
0.7839684569781158,0.262777537907517
0.027734399841719604,0.016990255580704123
0.6736880039004811,0.23067164459467038
0.3790038227542203,0.1427589822943079
0.6504900332812796,0.2269240423142029
0.18781664911921195,0.08128970223358839
0.05941167741889897,0.035416828874015115
0.18385963920548892,0.07636767337764973
0.5605669829919234,0.20074255121169568
0.93441256068004,0.3034229334965298
0.39482479631998085,0.14763690890054182
0.8388295729962334,0.27946234457359936
0.003971142091986349,0.00548936890769617
0.005667003483581941,0.006665428899823101
0.544724811158768,0.1966470311835574
0.23984426339553844,0.09470713111598837
0.915185732152825,0.29897949572072063
0.44799711703563444,0.1641915867063841
0.7941506914168212,0.27048780899478997
0.8846390288367093,0.2914423667989553
0.2822619964528233,0.11335149329673028
0.13635432197341738,0.06351649560257012
0.42084920259184155,0.15151518451346777
0.7296867602687939,0.25345508458103677
0.688378403205178,0.2331538934391642
0.8953865504059464,0.2943612823627481
0.5922371944799713,0.2151612645040593
0.6589764063283894,0.22753439567122807
0.014718663661223423,0.010978193343173761
0.4921248436627781,0.17922174230021
0.2862472707230728,0.11601069561226171
0.004536429222518212,0.0059685044600441784
0.012450449049964315,0.00958379999139734
0.9276220490245259,0.30072180682016797
0.021509175316737444,0.01624922889122044
0.5780767518601478,0.20879965110220233
7.066089131648307e-06,0.003615840003571738
0.2087534712162859,0.08320787785963614
0.0956041859512016,0.045436206640274285
0.3954112817179077,0.15090537562866121
0.7353396315741123,0.2542826823532742
0.689537241822768,0.2361615579745851
0.8082970018583809,0.27388640458314933
0.665773984073035,0.22871154460779214
0.10352527186777932,0.04744040887685726
0.6849937465111182,0.23154280014439402
0.18725136198868014,0.07841488891950031
0.7144098755661702,0.24809638900579917
0.877855583270327,0.28717370460530944
0.3908536542279945,0.14306225332005545
0.53568728315939,0.19603776677096946
0.08316786907950055,0.043127644433506605
0.10524233152676987,0.053540131141578566
0.42537149963609644,0.1531703800579427
0.4757173846990907,0.17717343781392228
0.5356731509811266,0.18950301120360483
0.03282905010563803,0.019342920037176563
0.6618099080701803,0.22836253791568417
0.2658686696673992,0.1064693644539134
0.8416630747380244,0.28316530013214347
0.017538033224751094,0.011326111090844644
0.8456130185626157,0.28355677565730053
0.9129175175415658,0.29897895124850205
0.5724450788222243,0.2042712756602951
0.0396124956720204,0.02060609558427586
0.5526317648970824,0.19860658669821699
0.20307940164357235,0.08185595334090875
0.946848877551741,0.30446832015619824
0.6827325979889909,0.23115078014701837
0.10408349290917956,0.04831101995436234
0.8829502335342454,0.28996194683664367
0.24154012478713405,0.09906290886460663
0.7421301432296264,0.25750650235947037
0.04583772019700256,0.026094920019753453
0.785113163417443,0.2637804557341364
0.8603175500455759,0.2857352090038282
0.8229944672522094,0.277371026782044
0.2896460595953957,0.11762287785146905
0.12561386649331194,0.06295024449524975
0.16235752997788314,0.07140045332756918
0.14937005815391355,0.07048682894479649
0.45534584973254866,0.1706816955518253
0.011319874788900586,0.008669086664187503
0.6284367691014053,0.22169656454364242
0.3122646109058019,0.1274674800355649
0.8953936164950781,0.2963654845993311
0.21383398930194103,0.09348696887415668
0.9202733163276117,0.2998070934929581
0.5266144247143535,0.1889792289293335
0.007369930964309183,0.008364726694002803
0.1074964139597657,0.057067766645740786
0.6612375548505167,0.22831843566597937
0.23024851435476007,0.09388062228818804
0.9163163064138887,0.2998070934929581
0.0588605224666304,0.034764551156159534
0.7822725955865203,0.25985916681594284
0.7726627143674786,0.25964137792851183
0.0005723532196635128,0.004748342218212487
0.3484641855272363,0.1373131711640979
0.78565725228058,0.26482420897714903
0.2760650362843676,0.11100100672913217
0.24382953766578813,0.1018527845125966
0.01471866366122342,0.009715017796074463
0.7828308166279204,0.26216718455049187
0.9287526232855896,0.30098315348508503
0.6346549275372559,0.22348243342057592
0.29926300690356905,0.11923506009067637
0.39767243024003507,0.1510360489611198
0.615986320051441,0.2183850845102554
0.7686915722754922,0.2582464401045169
0.9242303262413348,0.3005911334877094
0.03621370679969757,0.01973439556233363
0.041308357063616,0.023785813340767195
0.7901866154139665,0.2679173556508866
0.01188516191943245,0.009235337771507878
0.01981331392514185,0.014158455571883673
0.49775651670070176,0.18226915330758703
0.1052281993485066,0.051056248880429
0.04922944298019376,0.03158319998301247
0.33375965404427616,0.1349605067076255
0.8795514446619226,0.2887853423722982
0.8507076688265341,0.28394934012689477
