0.35701515008939494,0.2764242018998569
0.4964085191807033,0.3268439055929178
0.28669113264954055,0.24657246589044046
0.2075217214014617,0.20742590945010253
0.35321978607948307,0.2689032443454667
0.4361218280480537,0.30671802211526245
0.5089551770647094,0.32839120031387986
0.4009598193281265,0.2978708119429049
0.43737649383645427,0.3093705273511973
0.47253850255638147,0.3179966954205603
0.379599134280606,0.2874763070495853
0.41855650701044506,0.3062759379092733
0.5842978576581663,0.35072750482148096
0.6621498698284245,0.37063234619614177
0.6320065242620997,0.3648797254657082
0.5679872024089584,0.34276998911367645
0.6357705216273015,0.3670901464956538
0.585552523446567,0.35183271533645377
0.6043725102725762,0.3602323152502474
0.6847652206643455,0.375058714308608
0.5616825068222453,0.34121716834013965
0.6307518584736992,0.3637745149507354
0.5893165208117688,0.35404313636639945
0.536589191054233,0.33591215786827
0.6546218750980208,0.3693060935781744
0.49135848938239074,0.32396483220141364
0.4926131551707914,0.3263962953343538
0.5830431918697658,0.3489591679975244
0.14096170132680907,0.16497477356999574
0.09319030143345568,0.13865418515591757
0.16730968288322198,0.19105774172335477
0.10074966280856938,0.15148015318217736
0.12085568206768924,0.1592221528395621
0.18365170477714002,0.19238952039389703
0.14221636711520969,0.18221605760357204
0.5039365139111069,0.3277280740048961
0.5478811831498385,0.3403329999281614
0.5780245287161633,0.346085620658595
0.4838304946519871,0.31998607434751136
0.45368714908566227,0.3142334536170778
0.526520498102318,0.3314857897558038
0.3984504877513252,0.29035538044108955
0.5190238700166243,0.3312702737053841
0.2665851133904207,0.24081984516000687
0.22013111257488788,0.21959427721995348
0.29923779053354665,0.25519310790722866
0.2954424265236348,0.2487773608678113
0.3456917913490794,0.268240118036483
0.18368307142185003,0.1957106779913904
0.3356544650418745,0.26602969700653734
0.2414290643329883,0.22400959322726996
0.24149179762240836,0.22998878211327303
0.32059847558106713,0.26558761280054816
0.24522442834290017,0.2304253402666873
0.1874784354317619,0.20212642503080774
0.3657978106081993,0.28106608606274286
0.2540384555064145,0.23860942413006117
0.22511840908378034,0.22268334060930256
0.21257175119977417,0.21295748807754156
