0.03747769185008923,0.10669492010766851
0.32956573468173705,0.4841647099249756
0.28138013087447944,0.45089055609644346
0.4134443783462225,0.501403126968673
0.44973230220107074,0.5094782658496078
0.36585365853658536,0.49223984880591026
0.25698988697204045,0.426779680430674
0.11183819155264722,0.3051371628199988
0.14812611540749554,0.34528377527060305
0.2325996430696014,0.4232861806311207
0.2575847709696609,0.4348548193116087
0.173111243307555,0.38434224843937914
0.2212968471148126,0.4176164022679113
0.1969066032123736,0.3935055266021419
0.20880428316478286,0.407250443846286
0.12373587150505651,0.3120096214420709
0.06365258774538965,0.2386461256514518
0.038667459845330154,0.19386060363094898
0.0874479476502082,0.2718630089914667
0.0511600237953599,0.2282801672298265
0.03807257584770969,0.14569612278792737
0.09994051160023795,0.282228967413092
0.24509220701963116,0.4244888608899834
0.13622843545508626,0.3269572189450776
0.16061867935752527,0.347631865299811
0.2688875669244497,0.4405245976748181
0.17251635930993456,0.3636676020846457
0.31707317073170727,0.47379875150335027
0.13622843545508628,0.3407021361892217
