0.9522913333960668,0.42263250092561383
0.7676672626329162,0.4004951343107078
0.8153759292368497,0.4024900392902338
0.9158746588877389,0.41710092229817475
0.8932279414071078,0.41620570178104677
0.9183839904645401,0.42218489066704984
0.7563439038926005,0.39673189250722535
0.7663812301998055,0.40048960825813296
0.8329412502744582,0.4117738076160057
0.6973118785483516,0.3863318615613309
0.6659138671936262,0.37947403031592447
0.8819359493115023,0.41377423864810653
0.7324738872682789,0.3912003138797863
0.7638718986230043,0.39761606091920365
0.8342272827075689,0.4122214178745697
0.7437658793638845,0.39606324014566674
