0.2704121649790491,0.09937108014032138
0.29362426777651374,0.13260838672337164
0.3196698723157694,0.15835430005101706
0.30325534726295034,0.14145224896972244
0.5515223889034137,0.21685892888158328
0.3349326248401297,0.1588769933808512
0.35358710014768124,0.16493152445143064
0.3122858091731969,0.14576337999641736
0.4135499325188488,0.1890222422346011
0.34170193822824874,0.16053109998088902
0.3439772189286395,0.16192603780488402
0.44577129895916506,0.1945540799753463
0.45935232227019307,0.20287470441964434
0.45426473809540635,0.20165508665003123
0.4361614177401234,0.19311667331830226
0.38922138763858366,0.17930722443852662
0.31851103369817907,0.14824671778534834
0.4712374841896256,0.2066217622278932
0.5543629567343362,0.22430839777615766
0.5192939563739657,0.21437559109265228
0.433334982087464,0.19302955776332992
0.4978130454137549,0.20875663779693474
0.4469089393093604,0.19533866444231612
0.47123041810049393,0.20457400221382405
0.4650122596646434,0.2038335199965589
0.4242903879989542,0.19285532665338517
0.49158075479964103,0.20836352885512194
0.5741550723920831,0.230450588873928
0.45256887670381074,0.19856248444851224
0.5057199991520692,0.21123888664142854
0.5068576395022647,0.2131995311005254
0.37790857893881474,0.17490734444020362
0.35584824866980874,0.16702229777076738
0.3603776118031953,0.1724240066512726
0.40222299164081654,0.18279184663742126
0.4067594208633347,0.185319286676057
0.38130736781113755,0.17503856224488074
0.4129775792991852,0.1870615977755043
0.37055984624190047,0.1741668622229385
0.4158110810409762,0.1915050355513135
0.4389878533927827,0.19346513553819172
0.35755824223966765,0.17238099334600498
0.34962302414482654,0.16196905111015167
0.3965771864246295,0.18126786889762345
0.3858296648553925,0.1786102999987477
0.4423795761759739,0.193770039980595
0.45257594279294233,0.1999133200228025
0.5345637749874577,0.21594421555437346
0.40562884660227094,0.18292360891431697
0.4480465796595558,0.1962539222417446
