0.3029076879646185,0.20168434082481862
0.8555566011103793,0.40846370212366206
0.879457984379411,0.41289559628870315
3.136664471001537e-05,0.022330778455026224
0.7350459521345003,0.37198070302440867
0.17599824346789628,0.16186360597034719
0.634547222483611,0.33659186233497834
0.9510053009629561,0.42262697487303896
0.8216492581788527,0.40624775504114147
0.26896897838838185,0.17802178369925012
0.7249772591825854,0.367775377014937
0.6382484865593926,0.3405595680837308
0.5302844954675198,0.3219809793270374
0.6106458392145793,0.33260205237592644
0.8957686396286191,0.4177585225545836
0.2890749976475016,0.1923950464464719
0.10943822339324362,0.1081393228375175
0.48502242715096766,0.283503075248258
0.9183839904645401,0.42218489066704984
0.38584109657789917,0.24967258138493933
0.17345754524638501,0.13069114339553828
0.3204730090022271,0.21715728803443837
0.706094539067156,0.3651118196738524
0.0013173990778206455,0.022336304507601087
0.2563595872149556,0.1777896894911058
0.020231485837959914,0.07009797691215236
0.24011166525516767,0.16895905747647286
0.34186506069445755,0.23153607683423502
0.5754838304946521,0.33215444211736245
0.11574291897995673,0.11389194356795113
0.6533358426649102,0.354711788727958
0.01640475518333804,0.044888125065621884
0.8819673159562122,0.41665331203961076
0.05793419277939839,0.09486574455269367
0.9045513001474234,0.41820060676057275
0.40600984912643895,0.2724564961511044
0.0063360622314231054,0.03692508330524257
0.13958156895956841,0.1174286172158642
0.8618612966970923,0.4128900702361282
0.7953012766224398,0.3976271130243534
0.36692700981775983,0.23661451915053525
0.6319751576173896,0.3359176839208449
0.0025720648662212603,0.03073590442139467
0.7676672626329162,0.3817065555561696
0.09058686992252438,0.1048181652400241
0.2764656064740755,0.18508960494250143
0.39456102380728336,0.2518719503097353
0.46877450519117975,0.2824089168384349
0.14833286283366268,0.12759102790103946
0.46629654025908845,0.27512005349218904
0.8203945923904521,0.3987323235393262
0.6922932153947493,0.3637855670558851
0.5114958752862206,0.3027558424190849
0.6621185031837145,0.35692220975790373
0.7437972460085944,0.3797116505766437
0.7689219284213168,0.3909903238819415
0.2916156958690129,0.19748454086792183
0.27144694332047303,0.18066876288261005
