0.25278378971801385,0.24568277142588735
0.2527837897180139,0.2476721503528385
0.20002509331576804,0.222462298506308
0.23142310467049343,0.2372776454595189
0.23267777045889404,0.23993015069545376
0.4863398262287883,0.3279435900553158
0.08942630406825382,0.1550113007775156
0.2238951099400897,0.232635761296633
0.22013111257488788,0.23020429816369276
0.2954737931683448,0.2664662551599516
0.27536777390922496,0.2587242555025669
0.09071233650136445,0.15501682683009047
0.16988174774944326,0.20587861472914054
0.06179229007873028,0.1222915434817447
0.07816567861735829,0.14484889009234034
0.06050625764561965,0.12228601742916984
0.08064364354944953,0.14594857455473834
0.06430162165553152,0.12936489077757088
0.08443900755936137,0.15037494266720455
0.06806561902073335,0.12980697498356
0.22518114237320033,0.23264128734920786
0.09322166807816568,0.16142704781693293
0.10827765753897306,0.16717414249479168
0.2050751231140805,0.22489928769182316
0.17113641353784387,0.20742590945010253
0.19124243279696373,0.2151679091074873
0.17866440826824753,0.21206779361298847
0.1824284056334494,0.2144992567459287
0.14977572849032342,0.19703140455678295
0.16611775038424142,0.2034471515962003
0.13722907060631725,0.18841076253999484
0.20378909068096987,0.2248937616392483
0.15981305479752833,0.19990495189571234
0.11586838555879678,0.17801625764667525
0.06430162165553151,0.12870176446858717
0.1987704275273674,0.22091500378534606
0.32812647031147085,0.2744292969203309
0.3294125027445815,0.2744348229729058
0.34067312819547696,0.2830499389371191
0.3620338132429974,0.2907919385945038
0.31683447821586525,0.2742082548173363
0.3946864903861234,0.2987549803548832
0.11207302154888492,0.173589889534209
0.14472569869201093,0.1910577417233548
0.1259057118660017,0.18088980498560464
0.14475706533672095,0.19305264670288075
0.13092437501960416,0.18486856283950684
0.09701703208807753,0.16585341592939915
0.08067501019415954,0.1492697321522317
0.1485210627019228,0.195484109835821
0.1171544179919074,0.17802178369925012
0.13597440481791664,0.18575825730405998
0.17740974247984692,0.21052049889202648
0.14604309776983154,0.19305817275545561
0.418525140365735,0.30538624344472015
0.434835795614943,0.3133437591525246
0.5905711866001694,0.35934814683826904
0.5441171857846366,0.3463011367090147
0.5340484928327216,0.34209581069954303
0.5541545120918415,0.3478484314299766
0.6219691979548948,0.36620597808367555
0.6294971926852985,0.3686374412166158
0.6634045356168251,0.36908505147517984
0.5077005112763088,0.33480142130072227
0.5704651673410495,0.35359552610783546
0.5579185094570434,0.3513851050778898
0.5968445155421725,0.3606743994562365
0.5830431918697657,0.35559043108736144
0.5817885260813651,0.3538220942634049
0.6081365076377779,0.3608954415592311
0.405947115837019,0.30118091743524855
0.2916784291584329,0.2620398870474854
0.3368777641855651,0.2786235708246529
0.37461183777171364,0.2910185067500733
0.25406982215112456,0.24767767640541336
0.2967598256014555,0.26647178121252646
0.3419591606285876,0.283055464989694
0.395972522819234,0.298760506407458
0.373325805338603,0.2910129806974984
0.23396380289200466,0.23993567674802863
0.30930648348546164,0.266692823315521
0.24776512656441144,0.24369339249893626
0.2464790941313008,0.2436878664463614
0.29547379316834477,0.2644768762330005
0.3532197860794831,0.28327098104011367
0.36077914745459677,0.2888025596675527
0.308020451052351,0.26668729726294615
0.24271509676609893,0.24125640331342116
0.21131708541137356,0.22953564580213418
0.22135441171857848,0.2308618984201016
0.1924657319406543,0.2173728040848581
0.29042376337003234,0.25982946601753976
0.3532511527241931,0.2857079702256287
0.15106176092343404,0.19703693060935784
0.13851510303942788,0.1884162885925697
0.5554405445249522,0.3478539574825515
0.5327938270443211,0.3401064317725919
0.16740378281735205,0.20345267764877517
0.17995044070135816,0.21207331966556334
0.1724224459709545,0.2074314355026774
0.20131112574887866,0.22246782455888287
0.07687964618424767,0.14484336403976547
0.04294093660801104,0.10570785970457722
0.29296446159154355,0.26204541310006024
0.32185314136946774,0.27420825481733635
0.2715724098993131,0.2542978873901007
0.2665851133904207,0.2514298661037462
0.26787114582353133,0.25143539215632105
0.4562278473071736,0.32109128486248417
0.4763338665662935,0.32684390559291787
0.21260311784448419,0.22954117185470904
0.06809698566544337,0.1357806378169882
0.0945077005112763,0.1614325738695078
0.07189234967535524,0.1402070059294544
0.18371443806656002,0.21450478279850357
0.33189046767667263,0.2759765916412929
0.2766538063423356,0.25872978155514176
0.08196104262727016,0.14927525820480655
0.055487594492017185,0.11057078597045775
0.054201562058906555,0.11056525991788288
0.059282958501929044,0.11698653300987508
0.38712712901100965,0.2985284121993137
0.08315297512625074,0.1503694166146297
0.13221040745271478,0.1848740888920817
0.569210501552649,0.35160614718088434
0.33694049747498517,0.27996087554777
0.3406731281954769,0.28106056001016794
0.31557981242746463,0.2722188758903852
0.3821398325021173,0.29654455932493745
0.4072331482701296,0.3042810329297474
0.40974247984693074,0.3045020750327419
0.31178444841755276,0.2669083393659407
0.12966970923120358,0.1833212681185449
0.2502117248517926,0.2439033824967811
0.22888240644898217,0.23550378258298751
0.19622972930585614,0.21803593039384178
0.2075217214014617,0.22510927768966796
0.3770898027038048,0.292781317521455
0.3783758351369155,0.29278684357402984
0.27411310812082434,0.2560717502666321
0.2703177441109125,0.2516453821541658
0.47379316834478225,0.3250700427163864
0.27285844233242373,0.25430341344267554
0.3117844484175528,0.26956084460187557
0.28920046422634177,0.2591718657611309
0.3318904676766727,0.277965970568244
0.1409617013268091,0.1886262785904145
0.14224773375991973,0.18863180464298937
0.11335905398199556,0.17359541558678387
0.45494181487406293,0.3210857588099093
0.4046924500486183,0.30007570692027563
0.40095981932812647,0.2989760224578777
0.0706063172422446,0.14020147987687953
0.5215018349487155,0.33988538966959736
0.5378124901979235,0.34563248434745614
0.6169505348012924,0.362890346538757
0.5127191744299112,0.33590663181569513
0.516451805150403,0.3378904846900714
0.47504783413318286,0.326838379540343
0.4273391675292494,0.31202303258713204
0.4147925096452432,0.3045076010853167
0.41855650701044506,0.3080442747332298
0.46375584203757725,0.32352274799542446
0.22640444151689096,0.23329888760561673
0.3143251466390641,0.269787412757445
0.2226404441516891,0.23086742447267647
0.19375176437376493,0.21737833013743296
0.1975157617389668,0.2182624985494112
0.4059784824817289,0.30428103292974734
0.25529312129481513,0.2483352766618222
0.16486308459584076,0.20234194108122747
0.09830306452118817,0.165858941981974
0.15978168815281835,0.19791004691618636
0.1258743452212917,0.17889490000607866
0.5013958156895957,0.3341327689391637
0.4913584893823908,0.3325854742182017
0.5177064709388036,0.33789048469007144
0.4436498227784574,0.3177701272649908
0.49010382359399013,0.33081713739424523
0.5139738402183118,0.337011842330668
0.0579655594241084,0.11388089146280139
0.5528998463034409,0.3467432209150038
0.45368714908566227,0.3193174219859528
0.44239515699005677,0.31357032730809403
