0.005801102305962298,0.004547502659967209
0.020299031862626805,0.016671652133085448
9.652416482466385e-06,0.0022756445450793444
0.18269128676364124,0.12088935672337478
0.6455825715967993,0.4020545170218968
0.596316637870291,0.3906800807266916
0.6388162276425904,0.40015751549596545
0.6359205026978505,0.39940022945766956
0.553826700514474,0.38196371842590515
0.5885947046843178,0.38992279468839564
0.5702358085346668,0.38612879163653285
0.5547919421627207,0.3823423614450531
0.632059536104864,0.39750701436192964
0.1101823341473538,0.06821253989950814
0.5663748419416803,0.384235576540793
0.5837684964430847,0.38878686563095166
0.5557571838109673,0.3823423614450531
0.07732550844103822,0.06100317681493065
0.03962316966052451,0.023873442357279975
0.1227304755745601,0.07502811424417173
0.5615486337004472,0.38347829050249704
0.5856989797395781,0.3895441516692476
0.7798380324514245,0.41799160169783517
0.339292091775176,0.2376022809455473
0.5605833920522005,0.38309964748334907
0.564444358645187,0.383856933521645
0.08217102151523636,0.06101074967531361
0.5760465632571117,0.38727229355435977
0.8406868659568928,0.42671553685900454
0.3615312593507785,0.2751030855619629
0.6059787067692398,0.39371301131006686
0.8107450700282819,0.42178560474969795
0.357650987924827,0.2652507942037326
0.7981776237681106,0.420263459812723
0.06087779075491549,0.03978402202187799
0.6059883591857224,0.39371679774025836
0.5943861545737977,0.3903014377075436
0.5393287709578094,0.37665514329745053
0.4794451791005879,0.34975634321717824
0.6156407756681886,0.3959886558551462
0.3422071215528808,0.24328949909314987
0.5634791169969404,0.3834782905024971
0.3460487833129025,0.2459324273668028
0.585698979739578,0.38954415166924766
0.064758062180867,0.046607169226924546
0.588594704684318,0.3903014377075436
0.5373982876613161,0.37627650027830256
0.7788727908031778,0.4157197435829474
0.6610360903852281,0.40319423250953224
0.2977480912346407,0.2163831261524946
0.5383635293095629,0.37665514329745053
0.11693902568508026,0.07464947122502379
0.5441742840320075,0.37931321729186934
0.6001776044632775,0.39257329582243145
0.8097798283800353,0.42140696173055
0.7769423075066847,0.4149624575446514
0.5847337380913313,0.3891655086500997
0.18170674028242967,0.1197458548055479
0.32382892057026486,0.23077913374050074
0.01354234032490034,0.01326386496075365
0.7846642406926577,0.42026345981272306
0.25326975608343544,0.18038174789190495
0.3412225750716693,0.2394954960412872
0.13531722666769627,0.09321812488404058
0.7460352699298272,0.4126830265693806
0.13726701479715447,0.10344905926141895
0.5238849045858631,0.37059685499108286
0.4146774645032385,0.3107182479430217
0.1594868775397921,0.10800034835157762
0.3083850541983187,0.22396355939583715
0.6146755340199421,0.39523136981685025
0.5654096002934337,0.383856933521645
0.1913591567648961,0.1276973582076554
0.5035955251397187,0.3664242089200722
0.03964247449348945,0.03069658956232653
0.5335373210683296,0.3758978572591546
0.3924769065935658,0.2986016713302864
0.4485381415237306,0.3395254088397998
0.5741160799606183,0.38613636449691585
0.5064912500844587,0.36756013797751613
0.37216822231445656,0.28495537692019335
0.5518962172179807,0.38082778936846123
0.44369262844953256,0.32702261634753366
0.3518402332023823,0.24782564246254274
0.5692705668864202,0.38537150559823696
0.46205152459918364,0.3410399809163918
0.20106948774625724,0.15422508812916266
0.32770919199621634,0.23457313679236344
0.6137102923716954,0.39447408377855436
0.22622368509956467,0.1788596029549301
0.4765494541558481,0.34937770019803016
0.5847337380913313,0.3887868656309517
0.5316068377718363,0.3755192142400066
0.2619762357506201,0.19174861132672721
0.550930975569734,0.38044914634931326
0.41467746450323856,0.305795888694098
0.5837684964430847,0.38840822261180374
0.432090423837608,0.32587911442970674
0.12854123029700484,0.09245326598536166
0.4195229775774367,0.3190559672246601
0.10244109612841575,0.06441853684764541
0.10246040096138068,0.06631932480376826
0.6185365006129285,0.3967459418934422
0.4813756623970813,0.3501349862363262
0.6639318153299679,0.4043301615669762
0.5238849045858631,0.3743832851825627
0.8155712782695151,0.42330017682628984
0.5760465632571116,0.38689365053521185
0.46400131272864176,0.3448339839682545
0.25809596432466875,0.18151767694934887
0.5750813216088649,0.3865150075160639
0.5345025627165763,0.37627650027830256
0.49201262536075924,0.36150184967114846
0.5142131832704318,0.3686960670349601
0.09763419272014749,0.0640474666888804
0.3354311251821895,0.23684499490725133
0.48718641711952604,0.3573367764605207
0.5219544212893699,0.3705968549910829
0.5026302834914722,0.36301642174774035
0.12854123029700487,0.0769289022002946
0.2928832733274776,0.21561069439343278
0.2648719606953601,0.20424383095861048
0.055105645698400596,0.03941295186311297
0.4562600747097037,0.3402826948780958
0.6088840841304621,0.39371679774025836
0.40502504802077216,0.30200945850261823
0.28130037354851795,0.20917376306791713
0.37797897703690136,0.290642595067796
0.3973031148347991,0.3001162434068783
0.06670785031032518,0.05229438737452717
0.4813756623970813,0.352785487370362
0.17589598555998492,0.11595185175368515
0.6127450507234488,0.39409544075940633
0.540294012606056,0.3785483583931904
0.5586529087557072,0.3823423614450531
0.3624965009990252,0.27548172858111086
0.4707580042663682,0.34899905717888224
0.44465787009777924,0.3338381906921973
0.36927249736971657,0.28116894672871356
