0.19497506351745553,0.2034471515962003
0.13845236975000785,0.16298539464304462
0.2602804178037076,0.23882494018048087
0.3306044352435621,0.26138228679107656
0.471315203412691,0.3113709583832981
0.4637244753928672,0.30671802211526245
0.5378438568426336,0.3363542420742591
0.4512091841535711,0.30362895872591333
0.26024905115899755,0.2383773299219169
0.3457231579937895,0.27001398091301443
0.31680311157115526,0.25872978155514176
0.4373451271917443,0.3018495697968071
0.6847024873749256,0.3489646940500993
0.4511778175088611,0.3022971800553711
0.4712838367679809,0.3080498007858047
0.48009786393149523,0.3222020214300319
0.5051911796995076,0.325738695077945
0.6282425268968977,0.3463121888141645
0.31297638091653335,0.25650830842004635
0.4687117719017597,0.3075966644746659
0.3896678272325209,0.29079746464707873
0.3117844484175528,0.2545299815982449
0.3783444684922055,0.2788556650327972
0.2891377309369217,0.250540171639193
0.33941846240707635,0.26536657069755365
0.15473165835450584,0.17889490000607872
0.38458643078949845,0.2826078547311299
0.2175590477086666,0.22378302507170056
0.26529908095731003,0.23993015069545373
0.20253442489256923,0.2120733196655633
0.32680907123365016,0.2602715502235289
0.35325115272419316,0.2777504545178243
0.4272764342398294,0.2938865280364278
0.33687776418556503,0.26337166571802767
0.281641102851228,0.24656693983786562
0.6056271760609768,0.33812810495079054
0.23766506696778647,0.2328512773470527
0.444904488566858,0.30185509584938197
0.17737837583513694,0.18686346781903282
0.43235783068285183,0.298760506407458
0.30921238355133157,0.25341371897812237
0.29418776073523417,0.2516509082067407
0.39092249302092164,0.29322892778001897
