0.13832878061022574,0.1500600149185349
0.1731160896130346,0.18301710330517487
0.5073792724008456,0.3198208261233391
0.47454175152749495,0.3194346102438082
0.47264022548044904,0.3183100404769388
0.4658545766932752,0.31526953703318045
0.2050076736711035,0.21370233357692694
0.31999691122672563,0.2784995134437203
0.32580766594917043,0.27964301536154723
0.44943581625659995,0.314508464564693
0.3064835281512727,0.2754703692905366
0.1779616026872327,0.18794703541448152
0.3972934624183164,0.3004910999958349
0.17508518257545774,0.18681867921742057
0.24369455893282876,0.2387230642822253
0.3876217411028851,0.2993475980780081
0.37311415912973817,0.29441387953850984
0.2861844962886459,0.26334243338722685
0.39823939923359813,0.31108553167159536
0.3055279389195086,0.27320229760584014
0.2852385594733642,0.260699505113574
0.3364446289128483,0.29328173691125736
0.26398393837897316,0.25728414508085923
0.2929701450758198,0.2656256507926892
0.33642532407988346,0.2830508025338791
0.22630090443142437,0.23076398801973483
0.2997268366135462,0.2667615798501331
0.2958465651875947,0.2663753639706022
0.22145539135722625,0.22431948383383626
0.2349977316821266,0.23644741973714598
0.22147469619019117,0.228113486885699
0.2330672483856333,0.23076777444992627
0.19730504531809537,0.20689433209264638
0.1934440787251088,0.20462247397775848
0.20214090597581102,0.2072767615419858
0.24563469464580456,0.2440278529804885
0.16250808389880406,0.1792344595438866
0.2562523527765176,0.24781428317196827
0.2562233955270702,0.2462883518048019
0.24370421134931128,0.24137735184645265
0.25818283607301085,0.2493288552485602
0.30359745562301527,0.2671440092994726
0.17895580158492674,0.19666718414545947
0.17217015279775288,0.18037417503152198
0.37505429484271385,0.2970681671027372
0.30356849837356786,0.26713265000889813
0.20310614762405768,0.2076554045611338
0.20891690234650245,0.219779554034252
0.2175944247642397,0.22280491175724432
0.20601152498528003,0.21371747929769289
