0.42255919616170035,0.16706640002047216
0.37618445319069255,0.15848388443903844
0.48928427583185535,0.18579787775618642
0.4298937966803513,0.1682849288456481
0.42311035111396894,0.16776223551581393
0.4440401071219112,0.17381785553083046
0.3371584429165989,0.14214808446506422
0.4881678337490549,0.18492781115089996
0.22570501904311024,0.08904407557056605
0.21665335886546874,0.0812031311508346
0.26307756446039815,0.10995670901390094
0.33151263770041195,0.1414081467200177
0.3552758954501452,0.15055691340877178
0.43669137442499695,0.17312093109105153
0.4519823913058839,0.18218312669705186
0.45254767843641575,0.1822702422520242
0.5385066527229174,0.1998267489400487
0.5158810353233795,0.19198526004809868
0.5288967715038758,0.19943472894267308
0.5741409402138198,0.2132006200449625
0.518142183845507,0.19520853558207618
0.571886857780824,0.21154596897270614
0.5667851414277739,0.20562102229014814
0.5673574946474373,0.21006446006595736
0.4893054740992503,0.1877160533822342
0.5554723327280051,0.20544624670798486
0.6482288847591523,0.22866635341365024
0.5181421838455069,0.1929435311527947
0.5916719073494393,0.219386368920219
0.5628281315140509,0.20544679118020343
0.5413401544647084,0.20361682005356516
0.3218956903922386,0.13814076893633542
0.2545841253241568,0.10755994230772373
0.26478755803025705,0.12968947115957882
0.2330890821856827,0.10533740671149126
0.31906925473957926,0.13618066894945718
0.3428183803110493,0.14445719114405045
0.3111481688230015,0.13095319117889667
0.3846849584160655,0.16044561784257239
0.40615880328714465,0.1657591222236681
0.31114816882300156,0.13347954227309528
0.34283957857844416,0.1452864223329437
0.39937535772076227,0.1647137355639997
0.3999406448512941,0.165497775558751
0.4214356879897683,0.16697982893771837
0.4253856318143597,0.16776332446025108
0.5091046558461289,0.19181157341037253
0.23137908861582382,0.09322725562589532
0.23194437574635565,0.09893332447658523
0.4638675532253164,0.1837087378535054
0.49553776471336414,0.1895901267585772
0.4779926653994814,0.18462290670849665
0.5045682266236106,0.19181048446593535
0.42992206103687786,0.17220730670827886
0.450272397736025,0.17390606003023998
0.358674684322468,0.15665554672905593
0.3937366185937069,0.1623191467466968
