0.11445688654684609,0.139085217256757
0.8543019353219786,0.4126635020805588
0.10194159530754995,0.12737551185061974
0.03400144286565666,0.050861787899050076
0.9510053009629561,0.42262697487303896
3.136664471001537e-05,0.022330778455026224
0.8593205984755812,0.41531600731649365
0.10696025846115242,0.13201739601350565
0.09817759794234812,0.12604925923265234
0.47250713591167154,0.3208647167069148
0.6659138671936262,0.37947403031592447
0.7801825538722124,0.4015948187731058
0.1773470091904269,0.18641585756046888
0.6496032119444182,0.374611104050044
0.6571312066748219,0.3759373566680114
0.679715190866033,0.38124236713988097
0.21254038455506416,0.20366819369919487
0.6558765408864213,0.37593735666801137
0.1270976443649823,0.15302744790313932
0.8128665976600483,0.40558462873215784
0.7274552241146764,0.39208448229176457
0.7186725635958721,0.38965301915882433
0.6898152504626579,0.38390592448096555
0.6973118785483516,0.3863318615613309
0.7487845425174869,0.3951790717336885
0.05664816034628776,0.06944037665574351
0.6068818418493773,0.36443211520714414
0.5868071892349676,0.3584639784262908
0.34823248957059066,0.2724454440459547
0.5127191744299112,0.3343593370947332
0.15099902763401402,0.1651958156729903
0.663404535616825,0.3772636092859788
0.7425112135754839,0.39495802963069393
0.42733916752924944,0.30494968529130595
0.5528684796587309,0.3440851896264942
0.6332611900505003,0.37151098855554515
0.3683071421850005,0.2726664861489493
0.6671998996267369,0.37947955636849934
0.259025752015307,0.22423616138283942
0.5717511997741601,0.3516116732334592
0.5014271823343057,0.33192787396179296
0.7249458925378751,0.3898740612618189
0.6458078479345064,0.3737214095854908
0.5905711866001693,0.3593481468382691
0.06916345158558389,0.07540298738402197
0.6207458988112041,0.366432546239245
0.23007433894796273,0.21537789910533212
0.08180420940372009,0.09686064953221965
0.15350835921081524,0.16917457352689255
0.5089551770647094,0.3323699581677821
0.4976631849691039,0.32750703190190156
0.0881402716351432,0.1138919435679511
0.3243311063015589,0.26381374992401685
0.5943351839653712,0.36222169417719846
0.461215143816066,0.3171070009560072
0.5742291647062514,0.3544796945198137
0.5265204981023179,0.3414326843905594
0.21752768106395665,0.2065362149855494
0.6583858724632226,0.37704256718298423
0.4712524701232709,0.31931742198595287
0.5805338602929644,0.3571377258083234
0.7349832188450801,0.3936317770127265
0.12832094350867287,0.15523234288051016
0.12458831278818107,0.14816452163725885
0.634547222483611,0.37151651460812
0.3732944386938929,0.28371306524610285
0.6056271760609767,0.362442736280193
0.199962360026348,0.19305264670288072
0.48260719550829645,0.32441244245997763
0.6257331953200966,0.3690795254226049
0.27536777390922496,0.25098778189775706
0.7149085662306702,0.38744259812887866
0.5579498761017534,0.34608562065859505
0.6885292180295473,0.3839003984283907
0.31049841598444217,0.25982946601753976
0.5641918383990464,0.34895364194494954
0.5629685392553558,0.34807499958554616
0.5654778708321571,0.3489591679975244
0.43110316489445116,0.3062759379092733
0.5127191744299112,0.33524350550671145
0.17483767761362567,0.18332126811854493
0.5553778112355322,0.3454114422444616
0.5252658323139174,0.3372328844336626
0.39970515353972585,0.29433413829499183
0.41984253944355565,0.2983239482540438
0.5792791945045638,0.3553693889843669
0.15473165835450586,0.17403197374019813
0.4423637903453468,0.3089229170926333
0.3695618079734011,0.27443482297290583
0.6068818418493773,0.362442736280193
0.5341112261221417,0.3423279049076874
