0.5073310103184332,0.2781511618661042
0.24643584521384926,0.1296132918845442
0.5247150124033553,0.2811840924494795
0.5034603913089641,0.2773900893976169
0.5102267352631731,0.28118030601928806
0.41457128792193126,0.24857914207064719
0.5295412206445883,0.2819413784877755
0.48414590592754897,0.27738630296742534
0.5981216397525121,0.29559145932806
0.45038175307188155,0.2705783014831447
0.421395546375035,0.2595862946372789
0.4445613459329543,0.2656445829436465
0.3305566548585439,0.21335019556911936
0.32377100607137,0.19857175853177378
0.24839528575978995,0.15461509043888513
0.3643690697966236,0.23115777675964874
0.37886699935328816,0.24403921227106296
0.3624385865001303,0.22888591864476088
0.3624192816671654,0.21827634124823456
0.3025260373934615,0.19818932908243433
0.2783274292719183,0.16181309423288817
0.530506462292835,0.2944365981196587
0.48028493933456246,0.2747358018333895
0.3508556867211707,0.21639069901287764
0.28030617465082386,0.18190010639868837
0.35662783177768564,0.21827634124823453
0.4435864518682252,0.2629902953794192
