0.3032827302001813,0.11059012222609776
0.5521223290112695,0.17025166679647857
0.3530594648794423,0.12805526852121002
0.4244355009765275,0.14687662748867708
0.4008969178091626,0.144781392708583
0.30096330515314546,0.11009381816354741
0.5544252260888489,0.1708577531286569
0.3978061875208322,0.14243280817139203
0.3391649518898356,0.1270295839590621
0.44218103084945504,0.15449539099538104
0.33030871492282815,0.12669921335569828
0.4070701144010953,0.14582889196849771
0.5193308376099455,0.16902752361204773
0.37582123348236046,0.14118685028919445
0.45144495772971815,0.15726302248859084
0.46494004479079726,0.16137544740803197
0.564846110831054,0.17446332102706116
0.4306031882453082,0.15442900186102212
0.45953815344015914,0.15770388414237646
0.3237278284176398,0.1235231666183777
0.3542219320645362,0.13544249696858393
0.32566435550560435,0.12446056859497832
0.40707837838582345,0.14652373340675254
0.42983188300401354,0.1478247399306072
0.3086956401971236,0.12086626243585437
0.4927180521237064,0.16372418945206602
0.3063817244732398,0.11835245322027073
0.292476192837329,0.10071105676775009
