0.0005864853979268093,0.008887420023836995
0.005695267840108534,0.02121590446908242
0.08942842405014095,0.06190431336336279
0.26026526098600195,0.13408880668568326
0.9445806629404818,0.30446777568397965
0.0317126080228376,0.030625473350535025
0.0028688321874492124,0.019430035592148932
0.0458730506426608,0.042998060045485204
0.03342260159269649,0.03528724448599373
0.0022964789677856995,0.01672890891578703
0.118279265974661,0.07558308891067987
7.066089131648307e-06,0.002701126676361902
0.9338402074603764,0.3029432534719632
2.119826739494492e-05,0.008669631136406081
0.0005935514870584577,0.013417973354618569
0.9180051017163525,0.3015053023427006
0.9536323231181233,0.3049474557085462
0.07020159552292592,0.05454250449597934
0.04474247638159707,0.04169132672089973
0.23085619802008178,0.12067192227550184
0.9083881544081792,0.30124341120556497
0.8003759159418034,0.2858206911421448
0.8908642533616915,0.2992397534412006
0.8382642858657015,0.2923118889320232
0.8671080617010899,0.2967994289575372
0.02323330106485963,0.02474517338990037
0.8529688173486616,0.2948823422759266
0.770966852975883,0.2796343977946697
0.8478812331738749,0.29327070450893783
0.8111234375110404,0.287868451156214
0.8320461274298511,0.2914407333822996
0.5300485440323345,0.22195573331968524
0.7698362787148193,0.2795472822396974
0.8105581503805085,0.2873457578263798
0.8173415959468909,0.2888702800383962
0.8631439856982352,0.29492590005341274
0.836003137343574,0.2918327533796752
0.29250782569371325,0.14232286004722752
0.7664445559316281,0.27928593557478026
0.21897103610064933,0.11670707557982207
0.5379625638597805,0.2232624666442707
0.7924548300252254,0.28386004668304804
0.03908960507627843,0.041604211165927364
0.8314808402993191,0.2907873667200068
0.8405254343878289,0.2926167933744265
0.2647875580302569,0.13435015335060035
0.8818125931840499,0.2973662245370761
0.8196027444690184,0.2891751844807995
0.5306138311628664,0.2220864066521438
0.8241250415132733,0.2893494155907442
0.8495770945654705,0.2934449356188825
0.15449297277435856,0.08908872229248939
0.8354378502130422,0.2915278489372719
0.1771115240847648,0.09775726448445833
0.31740165770451023,0.1564372133694064
0.11715575780272894,0.07506094005306425
0.8258209029048688,0.2900463400305231
0.8552370319599207,0.29488288674814517
0.630712049801796,0.24752741553738594
0.31173465422092833,0.15120919112662734
0.8128192989026359,0.28791200893370017
0.7964189060280803,0.28529799781231063
0.8071593615081857,0.2869096355792994
0.832046127429851,0.291310060049841
0.7913313218532935,0.2835992444903495
0.2008677157453664,0.10612144670624254
0.7540011729707955,0.2774124066706558
0.8212986058606139,0.28926230003577186
0.8416560086488927,0.29270390892939885
0.636379053285378,0.25127447334563474
0.7398689947074988,0.27388422669427503
0.869376276312349,0.2967999734297558
0.7500441630570723,0.2757572111261809
0.8173415959468908,0.2887396067059377
0.8065940743776537,0.2862562689170066
0.8026370644639308,0.2861255955845481
0.5894319570947066,0.2375515955486129
0.42880561895407754,0.19202718440892913
0.5905625313557704,0.23846630887582276
0.8874654644893686,0.2985858423066893
0.2048317917482211,0.10660112673080913
0.8252626818634687,0.2897855378378246
0.6629546145095071,0.25759089555334985
0.149963609640972,0.08821702227054717
0.7913313218532935,0.2838170333777804
0.08773256265854537,0.061555851143473325
0.41129585008585307,0.18732403338485856
0.8150804474247635,0.2883911444860482
0.8456200846517474,0.29270445340161744
0.8229944672522095,0.2892623000357718
0.8060287872471219,0.28621271113952046
0.5006253488881509,0.21189170883150274
0.16354463295200006,0.09649408893735904
0.2953342613463727,0.14484921114142607
0.43728492591205553,0.1935952643984317
0.7749309289787378,0.28107234892393235
0.7839755230672476,0.28303244891081053
0.6555988157234612,0.2546284222120708
0.7873672458504388,0.2832502377982415
0.049264773425852,0.04543729558471144
0.6720062746871487,0.25994356000982227
0.6573088092933203,0.2568509578083033
0.4763180022752807,0.20653410220070226
0.4220363055659585,0.1874982644948033
0.8003759159418032,0.28564646003220007
0.7178086644384929,0.2686997622289821
0.4966824711526912,0.21080385333878532
0.6991541891309415,0.2656507178049493
0.5419195737735036,0.22509189329869042
0.7732350675871421,0.28015763559672247
0.8196027444690184,0.2891751844807995
0.7053723475667919,0.2676979333467999
0.5181775142911652,0.22021342222023793
0.8145151602942317,0.2880862400436449
0.32757682605408384,0.162535302217472
0.5843443729199199,0.23702890221877876
0.8280820514269962,0.2903512444729264
0.8088552228997812,0.28699675113427175
0.7743656418482059,0.28076744448152907
0.17824916443496017,0.10050194893830637
0.8524035302181298,0.2942289756136338
0.6403360631991011,0.2517971666754689
0.018138650800941205,0.023612126703041043
0.48423202210272687,0.20666477553316084
0.7935924703754209,0.28429616893012843
0.7285561860077299,0.2719671400126644
0.07416567152578062,0.05833257560949581
0.5447601416044262,0.2262254844577683
0.567385759003964,0.23328293335496705
0.8501423816960023,0.2937498400612858
0.6850078786893816,0.26260058443647943
0.3620876053730541,0.17394961780772614
0.026625023848050818,0.028447584476225897
0.09735657605585035,0.06870041559564444
0.4898990255863088,0.20941000445922744
0.7206351000911523,0.270572746660888
0.501770055327478,0.21394001331779047
0.7958536188975484,0.28486242003744877
0.25687353820281084,0.12951524004963405
0.026617957758919168,0.025615784467405447
0.2693239872527751,0.14149471780277148
0.7749309289787377,0.28107234892393235
0.636379053285378,0.25022908668596633
0.4887543191469818,0.20940891551479032
0.6261897527575411,0.24726606887246882
0.7353396315741122,0.2737094511121117
0.7409995689685626,0.2749731711314296
0.692936030695091,0.2637777333730435
0.07869503465916718,0.06151283783820572
0.7743656418482058,0.2804189822616396
0.43671963878152364,0.19237564662881856
0.22463097349509964,0.12032291558339381
0.7811490874145882,0.28229196669354545
0.7081987832194512,0.26787216445674467
0.47349863271175313,0.20422608446615315
0.6499459444181427,0.25375726666234716
0.42712388974074533,0.1901552889214604
0.5255262469880796,0.22091034666001685
0.5679510461344959,0.23384918446228742
0.2987330502186954,0.14985890002455568
0.46557754679517543,0.20387707777404515
0.8727609330064084,0.29688654451250956
0.558327032737191,0.23180087997599969
0.49724775828322304,0.21180568222096752
0.4921601741084363,0.20997625556654786
0.5849096600504519,0.2373773644386682
0.2857173140381993,0.1416689489127162
0.19182312165685658,0.10307240228220978
0.34566601423110344,0.1686333910655376
0.8461853717822793,0.2932271467314516
0.5391072702991075,0.22435250002586243
0.5826485115283242,0.23659332444391692
0.71385165452477,0.2684819733415512
0.5125246429858465,0.2197778444453761
0.652772380070802,0.2543670755471537
0.6833120172977859,0.26142452444435244
0.1556235470354223,0.09083103339193667
0.06680280665060308,0.05097022226989378
0.2336826336727411,0.12254490670740768
0.7986800545502077,0.2856029022547139
0.5509783000402767,0.22901318221688396
0.2506483136778287,0.12742392225807872
0.10584294910295998,0.07135798449452016
0.5221345242048884,0.22047476888515502
0.8071593615081856,0.28643050002695136
0.39319252973057006,0.18266226224939983
0.5741692045703464,0.23572216889419323
0.19973007539517101,0.10346387780736682
0.7460871531433493,0.27558298001623616
0.6703104132955532,0.2575914400255684
0.36998749302223705,0.17590862885016725
0.25913468672493833,0.13029928004438535
0.6165798715384995,0.24574154666045242
0.6561782350322566,0.2557184555936626
0.15618176807682252,0.09148385558201085
0.0017311918372538348,0.013549191159295693
0.7279979649663298,0.27114008671264556
0.3801767935500739,0.17861029999874772
0.2500759604581652,0.12359029336707607
0.4079041273026619,0.18680134005502436
0.4401254937429782,0.1995637688584759
0.5441807222956311,0.22544035551857985
0.7336508362716484,0.272925955589579
0.18049618077882432,0.10172047776348236
0.7788879388924609,0.281943504473656
0.21275287766479886,0.11252552894114853
0.2947619081267091,0.1428885666823293
0.6409013503296329,0.2529296688901097
0.6035782675362665,0.24199557779664074
0.7766267903703334,0.281464368921308
0.127903279371966,0.08281476891782336
0.5441807222956311,0.22591949107092787
0.4927254612389682,0.2106731800063268
0.6092311388415851,0.24434769778089457
0.6912401693034954,0.2632114822657231
0.4587799690505297,0.20047848218568573
0.7602263974957776,0.27871968446745987
0.7924548300252254,0.2842085089029375
0.6940666049561547,0.26482312003271186
0.6075352774499897,0.24378144667357418
0.688979020781368,0.2628630200458337
0.7670098430621599,0.27950372446221117
0.7896283943725663,0.2835551422406447
0.06396223881968047,0.04874768667366132
0.5492824386486811,0.22840337333207744
0.5125105108075834,0.21703261551930944
0.6069699903194578,0.2424747133489887
0.7517400244486679,0.27588788445863943
0.3592470375421316,0.17028967555444965
0.39261311042177494,0.18100597776048777
0.7981147674196758,0.2853415555897968
0.5453254287349579,0.22687885112006104
0.5521088743013404,0.23010212665403854
0.7274326778357979,0.27066095116029754
0.7771920775008652,0.28176927336371127
0.6216674557132861,0.2465691444326899
0.5096840751549241,0.21594367108215484
0.41128171790758977,0.18719227110796288
0.6318426240628598,0.24935684219180557
0.47405685375315343,0.20588073553840952
0.7534358858402636,0.2759314422361256
0.4621716918337209,0.20056559774065813
0.6833261494760494,0.2614691711662758
0.6725715618176806,0.26037913778468413
0.3960189653832294,0.18558063334097408
0.7743656418482059,0.28098523336896
0.060584648214752575,0.04726781118356826
0.7342161234021802,0.27323086003198227
0.5962154026610891,0.24090554441504902
0.38752552624698816,0.17869741555372007
0.20540414496788462,0.1113494689490216
0.5792567887451332,0.235896400004138
