0.36038961933331687,0.13571805519055538
0.3823800826949405,0.14112077616852164
0.3445668432404737,0.1275809366632695
0.24964946931444737,0.09026937686591466
0.3179485484310826,0.11625753345386283
0.31795130309265857,0.11968653618117257
0.3009743237994497,0.11417356041304912
0.346114963046215,0.1304366932351835
0.5355337570002838,0.17231327386557468
0.5324485360351054,0.17027356024766693
0.5197137355690167,0.169270005396972
0.33569407830401,0.12278477453801079
0.3086901308739715,0.11506670296674378
0.32952363637365334,0.12178145594758048
0.33993901179270625,0.12307151574584099
0.33299450995947893,0.12224452606624062
0.24501612854352778,0.08646542909864899
0.2511948344586126,0.09181302268153668
0.2515804870792599,0.0942496535440103
0.39664922965889027,0.14481431163878705
0.3900986444310385,0.14427422067385998
0.36771977378719145,0.13851860561396917
0.41170070051043883,0.1485522640388015
0.4035992408152697,0.14620375825503207
0.42019056748783135,0.15246646659622437
0.3951093738378772,0.14449465150075277
0.3495858366320406,0.13153924113675525
0.38893893190752055,0.14196981680615345
0.5312888235115875,0.17008604835097815
0.5455634797986894,0.1742207604887154
0.2593018034769339,0.09923340631937931
0.2847631404243833,0.10585995546809024
0.2986548987524138,0.11008295019137475
0.2731880524818124,0.10224344084409177
0.2982609821470384,0.10648840777198615
0.47304150448596644,0.16354754552754994
0.4714961393418012,0.1620700525860222
0.48577355029047914,0.1666789390748568
0.46262612906691347,0.15994213513598868
0.4707275887620827,0.16190474915420797
0.5012051644395228,0.1681785617278375
0.44757741287694097,0.1533707133823563
0.4479685748207405,0.1589277123131211
0.4846165924285372,0.16510229557560918
0.4772864379746627,0.1640768472737259
0.46725396051468104,0.16098955564248185
0.46224047644626626,0.1594018866642185
0.48924717853788086,0.16748387779642576
