0.2025494449586987,0.08808743788252577
0.20707880809208531,0.09915165783623474
0.20425237243942598,0.09806271339908017
0.20254944495869873,0.09061378897672435
0.2455536634139103,0.1194958622833749
0.217833395750454,0.10930170893495246
0.22293511210350409,0.11561867561488609
0.23989372601946,0.11905974003629453
0.29647190169656795,0.14541600672096508
0.2738462842970301,0.14306279779227404
0.3586817504115997,0.16645659113566558
0.3400202090149165,0.16445238889908262
0.419209869913299,0.18653999339010727
0.46557754679517527,0.19865014447570317
0.4452201440068965,0.19237728004547433
0.38017679355007383,0.17573548668465966
0.3145752220518509,0.1522556667307329
0.2195433893203129,0.110348184539058
0.212187590534267,0.1080826356375579
0.23423378862500974,0.11823159779183846
0.25064124758869705,0.12450500669428594
0.18446025678167907,0.08525618234592389
0.2534747493304881,0.12990671557479117
0.24725659089463753,0.12363439561678086
0.44974244105115135,0.19329199337268416
0.31683637057397834,0.15256057117313618
0.351905370934349,0.16480194006340923
0.3671681234587093,0.17425397777791085
0.40223712381907983,0.18366409113158205
0.4463577843570919,0.1925956134051238
0.42315981373789047,0.18736704669012613
0.49045018053857736,0.20378996221907275
0.4367337709597868,0.18937124892670915
0.41071643077705783,0.18645178889069774
0.45088008140134683,0.19799677781341046
0.5311791182933981,0.21115340450311193
0.4667010549671074,0.20361518663690942
0.30098713265169125,0.15007614443976802
0.31966280622663773,0.15787462002645045
0.42767504469301376,0.1876714066603109
0.3632181796341179,0.1721637489307927
0.5198733756827609,0.21036936450836066
0.4983783325442867,0.208103271134642
0.571886857780824,0.2226967600091689
0.5905625313557705,0.22997254226601715
0.49215310801930456,0.2040518533562084
0.5894319570947067,0.22566032229488506
0.5713286367394238,0.22256663114892894
0.5537906035146727,0.21707726224123275
0.6177104457995632,0.23415517784912784
0.5679298478671009,0.21786184670820266
0.5453112965566947,0.21507360447686835
0.5385207849011807,0.2130258444627992
0.671985076419754,0.23620293786319702
0.38187265494166944,0.17935078221601283
0.3038135683043505,0.15046816443714367
0.4305156125239364,0.1884565355994993
0.33549084588153,0.16088010667299707
0.3603846778923269,0.1684172355947624
0.44803951357042415,0.19281231334811755
0.31739459161537864,0.15312627780823795
0.44238664226510555,0.19028596225391894
