0.2506271154104338,0.11622794002747405
0.5520947421230771,0.21276504227010068
0.2658969340239257,0.12947004885549218
0.3117205220426651,0.1505111777424113
0.25742469315507943,0.12842520666804236
0.4729262794920895,0.2059678510933819
0.42994325930427285,0.19302955776332992
0.3094593735205376,0.15033694663246655
0.4146875728690442,0.19011173114397426
0.45369945096487446,0.198736715558457
0.39770069459656165,0.18091886220551542
0.4723680584506893,0.2051843555708492
0.37338628189455986,0.17725946442445747
0.42768211078214546,0.19172282443874442
0.4531412299234743,0.19830168225581374
0.25574296394174717,0.1262484067381704
0.34058549614544836,0.16236161557974588
0.3151263770041195,0.15569564220770418
0.28062266377428086,0.1443254288671548
0.40562884660227105,0.18370764890906827
0.26874456794398,0.13112687781662283
0.26874456794398005,0.1327385155836116
0.29363839995477703,0.1466350800183596
0.27609330064089427,0.1371814088872022
0.4084552822549304,0.18575486445091882
0.44013962592124134,0.19747408448357628
0.4802820782781354,0.2066217622278932
0.2919284063849181,0.1445432177545857
0.29646483560743636,0.15003258666228186
0.3479342288423626,0.1717700955167613
0.27326686498823494,0.13591823334010295
0.2936313338656454,0.145197128889097
0.26987514220504377,0.13517775112283786
0.34283957857844427,0.16445184442686406
0.4718027713201574,0.20374694891380513
0.45822881409826105,0.20130716890236033
0.3977077606856933,0.18314085332952929
0.4220363055659584,0.19059086669632228
0.4712374841896256,0.20191752225938547
0.4554023784456017,0.19986976224531633
0.4932836822803683,0.2078849377749925
0.4367408370489186,0.19538276669202093
0.5051688441998007,0.21110930225340718
0.5560588181259318,0.21956060003016378
0.41072349686618953,0.18867378001471163
0.346238367450767,0.1700713421948002
0.37678507076688267,0.18004770665579176
0.3219239547487653,0.16101078000545563
0.37621271754721913,0.17730302220194366
0.3592541036312632,0.17503801777266215
0.4078829290352669,0.18475249109651803
