0.29099139969691423,0.21979091332482642
0.3499194023223715,0.25388771719910186
0.3981911371511858,0.27320229760584014
0.2861169293732686,0.2087913336185777
0.3015994054111447,0.22319491406696673
0.4339050781363115,0.2811538010079478
0.32284437408905325,0.23380070503330158
0.2967538923369466,0.22243005516828787
0.209756662580477,0.14286579755472337
0.2213588671924016,0.17051431081290866
0.38953291956641345,0.2641262244368631
0.23779693246204184,0.17847717350559061
0.29869402804992234,0.22319112763677526
0.21750755301589753,0.1648384519558805
0.2126620399416994,0.15839394776998192
0.278385343770813,0.2076516181309423
0.3750156851767841,0.2550236462565458
0.37502533759326656,0.25805657683992106
0.5363365218482447,0.3077042495106039
0.26585650717657167,0.20122225966580964
0.23880078377621836,0.18190010639868837
0.4832482311946796,0.30429646233827207
0.2581249215741161,0.2008398302164702
0.2861362342062336,0.21220669365129244
0.28905126398393843,0.219029840856339
0.3276995395797338,0.23494799338132
0.40689761681837056,0.2739671565045191
0.3344369262844954,0.23759092165497286
0.4416849258211794,0.2811765195890966
0.307400507717107,0.226985130688638
0.4532871304331039,0.2986016713302865
0.33543112518218937,0.2493402145391346
0.2484628526751672,0.195913684537355
0.38080713506626385,0.26183922060120934
0.45231223636837486,0.2834521641341759
0.27357844036254475,0.20614461891473335
0.5015588652619184,0.30466374606684565
