0.5447318772478995,0.20474932226820594
0.23988665993032837,0.10093916012982394
0.19915772217550753,0.0844721423511726
0.23535023070781017,0.09958778008331513
0.23082086757442358,0.09693021118443942
0.21893570565499113,0.08734641119304208
0.692900700249433,0.23576736008833515
0.5045682266236106,0.19681962887684637
0.5843302407416566,0.21794950673539362
0.5351149299397262,0.2038340644687775
0.6352202146677879,0.22901427116132111
0.6103263826569908,0.22413416666621297
0.5809314518693338,0.2140287622894186
0.5758297355162838,0.21328719112771632
0.29023254499332257,0.12899309119201846
0.36885691876117327,0.1520825245652253
0.4310667674762049,0.1762157111814448
0.3733721497162965,0.1522126534254653
0.4231456815596272,0.1743421822773204
0.40391885303241215,0.16671902674501984
0.3971212752877665,0.1652805311435387
0.36828456554150973,0.1516899600956311
0.44575010069177007,0.1794378977709852
0.40390472085414886,0.16623880224823467
0.36827749945237814,0.1502520089663685
0.4152104634647862,0.16915717333980893
0.37619858536895584,0.15517458229452571
0.4073035097264717,0.1671540600476631
0.27381801994050353,0.1202799022781262
0.4695133584415034,0.1860167555880545
0.45935232227019307,0.18266389566605556
0.4276750446930137,0.17595436451652774
0.41692045703464503,0.1703778800538592
0.4355890645204598,0.1768255200662514
0.27266624741204487,0.11383171779351545
0.6052317323930724,0.2180355333459288
0.24836596688830634,0.11322245338092747
0.2873919771623999,0.12337304895186375
0.3151122448258562,0.13687759338923614
0.45595353339787026,0.18231488897394754
0.44520601182863323,0.17856837563791728
0.4610269853943938,0.1827929355818584
0.484790243144127,0.19141900894077832
0.38921432154945207,0.16362588007128231
0.3230474629206973,0.13836019124042204
0.41976809095469925,0.17085864902286294
0.22232742843818232,0.09531748447301351
0.494393058274037,0.19211538890833865
0.35808819892454125,0.15025092002193136
0.5639657718642462,0.21036936450836066
0.5735756530832881,0.2117632133879185
0.5837578875219932,0.21503059117160078
0.32529447926456145,0.14001429784045982
0.3818655888525378,0.1585731778828851
0.3269974067452887,0.15003313113450042
0.3224609775227705,0.1378794222714183
0.24554659732477865,0.11100155120135073
0.2992771390818324,0.13552675781494586
0.3767638724994877,0.1584414156059894
0.30493707647628265,0.13631134228191574
0.41239109390125844,0.16893992892459658
0.4678174970499078,0.18414377115614863
0.5028794313211467,0.19538276669202093
0.46667985669971246,0.1832720711342064
0.6052458645713356,0.2221310533740671
0.5447389433370312,0.20549034895768964
0.4474671603507606,0.18183520894938093
0.545304230467563,0.2102817044811697
0.5062852862826012,0.19690837784847448
0.4802538139216088,0.18693146891526435
0.5147645932405791,0.2013512711520651
0.45764232870033417,0.18253213338915986
0.39995477702955745,0.16606511561050852
0.4118258067707266,0.16785098448744204
