0.37656157049375377,0.47952580035507697
0.6406900654372397,0.519844224271233
0.43723973825104107,0.49682148788729164
0.4967281380130875,0.5025485367390183
0.5574063057703749,0.5141171754195063
0.22070196311719215,0.4095412633869766
0.30517549077929806,0.46005383425920615
0.34146341463414637,0.4681289731401408
0.08804283164782868,0.2833743771834374
0.08744794765020822,0.2420823549624878
0.25639500297442,0.414122902468358
0.5211183819155265,0.5037512169978811
0.049970255800118976,0.11133382967756716
0.07495538370017847,0.2317163965408625
0.14812611540749554,0.32123017009335086
0.07495538370017846,0.21224443044499172
0.074360499702558,0.20187847202336637
0.16002379535990485,0.331538858026459
0.25698988697204045,0.41761640226791125
0.12433075550267697,0.3120668919305882
0.07376561570493755,0.1353874348548193
0.2331945270672219,0.41074394364583927
0.19690660321237358,0.3705973311952351
0.18441403926234384,0.3648130118549911
0.16061867935752527,0.3533589141515377
0.1969066032123736,0.3935055266021419
0.26888756692444976,0.44281541721550877
0.4253420582986318,0.48994902926521955
