0.22339552707020197,0.21258533667044047
0.2021216011428461,0.19098753885823982
0.287159390353375,0.25312285830042297
0.25628131002596494,0.2376022809455473
0.5479869885425817,0.35051741568566563
0.5306029864576596,0.3482417711405863
0.5528228492002972,0.352793060230745
0.5866256117218945,0.36037349347408754
0.5528228492002972,0.352793060230745
0.5480062933755465,0.3512822745843446
0.4301406357081496,0.31526953703318045
0.47844132778641135,0.3285371884241256
0.2707406299166996,0.24251706733408807
0.2069671142170442,0.20008254417817423
0.21468904740301734,0.2091699766377257
0.2494860088223086,0.2353152771098935
0.1943707107074256,0.18453924824214976
0.2137238057547707,0.20727676154198582
0.18567388345672337,0.17014702708433513
0.45236049845078713,0.31830625404674723
0.4793969170181755,0.3289120450130821
0.4562311174602562,0.32512561482160235
0.47554560284167147,0.32815854540497763
0.5547436800803082,0.35733299003032926
0.504512504705553,0.3425507665627922
0.4890589859171243,0.3345954767304933
0.4552562233955271,0.3209567551807831
0.5170799509657242,0.3474806986720989
0.27462090134265116,0.24668971340509876
0.35188849528479454,0.28305837539426204
0.33546973484811926,0.27661765763855495
0.3770137353886545,0.2955649543167197
0.3625254582484725,0.28798830750356874
0.4088860146137586,0.31488332115364953
0.29778670090057047,0.2550198598263543
0.23980463509039485,0.22167276912999193
0.27364600727792204,0.24403542584087143
0.2378644993774191,0.21939712458491256
0.22243028542195534,0.20917754949810866
0.24657097904460376,0.22205519857933137
0.20503663092055094,0.19894661512073028
0.1992162237816237,0.18719732223656854
0.18953485004970994,0.1807490316204785
0.32195635177266635,0.2728312274470751
0.35673400835899266,0.28382323429294093
0.30167662474300444,0.26449729459562815
0.28135828804741264,0.24743942658301177
0.32966863254215695,0.2758565851700675
0.3122942828737175,0.267526438748812
0.3006920782617929,0.25615957531398975
0.22820243047847025,0.21371369286750141
0.22916767212671693,0.21787876607812917
0.34414725726585654,0.27964301536154723
0.4436443663671201,0.3179162517370248
0.3586548392390035,0.2853340199393414
0.34896381309060726,0.28304701610368765
0.3644559415449658,0.29442523882908433
0.46298780899798264,0.32701882991734227
0.3837993841758285,0.3065569611625855
0.43980270460709836,0.31640925252081586
0.37798862945338374,0.2955687407469112
0.3431916680340924,0.2788895157534428
