0.356163968475653,0.14739450998872963
0.32954567366626175,0.14308331143331937
0.311411736511111,0.13752623374913306
0.30793535360213325,0.13352382735958443
0.3565496210963003,0.14877269486569436
0.30484186865222673,0.13023799835263594
0.4653312067345967,0.1659511787063979
0.36619644593563466,0.14984232383706206
0.3770002286369109,0.15338166010795054
0.41866723963627456,0.1633271147006571
0.4186672396362746,0.1647052995776218
0.4360216075654026,0.16579682200017787
0.3696728288446124,0.1522350102903159
0.4074833136375031,0.16316173251542135
0.3816280600846784,0.15520086414554393
0.4279256571933856,0.1652787032398607
0.3577148429429703,0.14971009684229497
0.3434346773327163,0.1441088384886242
0.3673534037975765,0.15010693533343927
0.35192178964853277,0.14532171993377468
0.38587574823495063,0.15921429601410822
0.37352660038950924,0.15232313536902006
0.38471603571143265,0.15590657355597137
0.40438982868759665,0.1606587125185888
0.37931414436079464,0.15446215705149086
0.40361852344630206,0.15944590982685986
0.3476796108214126,0.14492480268920888
0.3264604527010834,0.13966541293844686
0.32645769803950736,0.13922431502439667
0.25893543348731896,0.12054620853071239
0.2936606973150314,0.1298742362985388
0.2816999567518133,0.127988721880008
0.2917269248886428,0.12878255636913968
0.30792708961740506,0.13161618322960064
0.2627919596937919,0.12064543784185384
0.24388671729734646,0.11487887605636887
0.2674225458031354,0.12251984802794741
0.2693535635679479,0.1238650352212865
0.28092589684894265,0.1251440695405313
0.2500626685508552,0.11891435888296463
0.27706661598089377,0.12482425189565395
0.5220359152776287,0.17339377080911503
0.5158599640241198,0.17039468300999672
0.47111875070588216,0.1674507226059571
0.49619168037110806,0.1703726320519653
0.48847587329658626,0.16847617090784034
0.4892471785378808,0.16995358509594655
