0.2212603117844484,0.1625433104370555
0.3582070825883755,0.2271207608269185
0.3255544054452496,0.20854769812279994
0.35067908785797186,0.22446825559098368
0.35943038173206615,0.23750421361508836
0.373325805338603,0.24813081271655216
0.4247984693077382,0.26029365443382835
0.47755716570998397,0.28108266422046746
0.4624698096044666,0.2713512856361316
0.42730780088453935,0.26891429645061643
0.4662024403249585,0.2781980647763883
0.4750164674884727,0.2786456750349523
0.36071641416517675,0.2436989185515111
0.47878046485367465,0.28549798022778394
0.4398230921238355,0.2711191914279873
0.48128979643047576,0.29544487486253945
0.6006398795520843,0.3131558733649793
0.5767698629277627,0.3091715894585022
0.575452463849942,0.3038555268814828
0.628273893541608,0.33128685186310874
0.6143471032903611,0.32021264250308085
0.5867758225902576,0.31115544233287845
0.75502650481478,0.3522913777001675
0.3267777045889402,0.216278645675035
0.2450989617640601,0.17005874193887083
0.5214077350145855,0.3031758224147745
0.189799567140303,0.12539165897624352
0.395815689595684,0.25386132923668636
0.25265832313917386,0.17315885743336965
0.2928389950127035,0.19836318322732524
0.42348107022991754,0.260061560225684
0.21241491797622408,0.1499328584612154
0.25394435557228445,0.17692209923685215
0.1671528496596719,0.08470885992009328
0.16975628117060315,0.10727173258326379
0.29537969323421476,0.20831560391465564
0.3393243624729463,0.2173838561900078
0.1835262381982999,0.11433955382651512
0.2564223205043757,0.1934947309088699
0.16847024873749253,0.09201430142406376
