0.15844998268808164,0.08900160673751703
0.18448852113820563,0.10760350008520991
0.17713272235215974,0.10612199117846113
0.2031571286240204,0.11962653561583349
0.18505380826873746,0.10917158007471248
0.5464560029960217,0.22653038890017155
0.5153510786385059,0.21820976445587353
0.5741692045703465,0.2321504311403263
0.5272291744688068,0.22091089113223542
0.5447601416044262,0.22544144446301698
0.5436295673433624,0.2253543289080446
0.5244027388161473,0.21951704225267757
0.4231598137378905,0.1945540799753463
0.39827304781622513,0.18740951552317517
0.38243794207220133,0.18601512217139876
0.2648158223867836,0.1438479267314625
0.3479412949314943,0.17608285996011194
0.2987401163078271,0.16035686887094427
0.3021389051801499,0.16192549333266545
0.3451148592788349,0.17364362442088574
0.27272277612509804,0.148638737782724
0.3157057963129147,0.1648003066467535
0.31966280622663773,0.1678057932933001
0.4717886391418941,0.20509615107143964
0.4785791507974082,0.2101929555095416
0.45708410765893404,0.20509560659922108
0.4717886391418942,0.20588019106619093
0.4949936758502272,0.2128516133528545
0.5916931056168342,0.2355479377842485
0.4322044078264003,0.1975595666218929
0.42824033182354565,0.19507622883296188
0.3309756149264067,0.1722927888465955
0.3049582747436776,0.16240408441279486
0.31852516587644236,0.16549668661431383
0.3089152846574007,0.1627961044101705
0.2851661590859307,0.15652323997994164
0.32418510327089267,0.16880762217548229
0.4893266723666451,0.21263273552098638
0.49724775828322293,0.21546453552980685
0.5176051610715018,0.2190803755333786
0.4983783325442867,0.21555165108477922
0.5040312038496053,0.21720684662925416
0.5000741939358823,0.21698905774182323
0.4395602066124462,0.20008646218831005
0.487623744885918,0.2114561310566409
0.4881890320164498,0.21193526660898893
0.47179570523102576,0.20862487552003903
0.4559535333978703,0.20396310438458032
0.4485977346118244,0.20082639993335658
0.4514312363536154,0.20309194883485668
0.4299361932151412,0.19686209770989538
0.4361614177401234,0.19995524438363294
0.4497353749620198,0.2015238688453541
0.38017679355007383,0.18453415773686854
0.3965771864246296,0.18714816885825808
0.4271168236516135,0.19468475330780483
0.4078899951243985,0.19072045108434366
0.5458836497763582,0.22548445776828457
0.5515365210816768,0.22679119109287005
0.5294832569018024,0.2239593910840496
0.5390931381208443,0.22452564219137
0.27781742638901646,0.15073005557427935
0.28403558482486696,0.15495515999043905
0.257452957511606,0.14297568223730167
0.296471901696568,0.15891891774168168
0.26706283873064773,0.14680876665608575
0.37678507076688267,0.18375011774211727
0.3479412949314942,0.17373073997585808
0.36999455911136864,0.18061341329089353
0.3671681234587093,0.1801342777385455
0.3666028363281774,0.17808706219669496
0.37055984624190047,0.18257351327777174
0.3530288791062811,0.1775638243946422
0.2959066145660361,0.1588753599641955
0.27610743281915756,0.1493786755277705
0.2795062216914804,0.15103441554446403
0.281202083083076,0.15347365108369027
0.2777962281216215,0.14942168883303814
0.31117643317952814,0.1643206266221869
0.26988927438330707,0.14733145998591995
0.3914825361607111,0.1867120466111777
0.4090205693854622,0.19363882217591788
0.40223005772994824,0.18997942439485999
0.3993965559881572,0.1884979154881112
0.23766084185385913,0.13378444671549855
0.22917446880674952,0.13164957114645703
0.2472777891620325,0.1389248089310867
0.21730343906558036,0.12751158228526968
0.2399219903759866,0.1359623355898077
0.21051292741006636,0.1270754600381893
0.22803682845655415,0.12790305781042677
0.20880293384020746,0.12027935780590765
0.1901413924435243,0.1149212067028886
0.2325661915899407,0.13169312892394322
0.1974901251404385,0.116445728914905
0.2099405741904028,0.12324183114718663
0.20088891401276132,0.11958243336612871
0.17091456391630924,0.10581708673605783
0.18732202287999658,0.11378924896046641
0.20484592392648437,0.12001801114099053
0.1867496696603331,0.11178504672388342
0.5702051285674917,0.23027690223620184
