0.0010038513141765039,0.017054081582424906
0.8909083889151653,0.43808618672401833
9.652416482466385e-06,0.00606207473655912
2.8957249447399156e-05,0.011749292884161742
0.006804953620138801,0.025766657453019863
0.031988108222893594,0.06707282441187273
0.8628970762830479,0.4369426848061914
0.662956921265239,0.40091858796445295
0.10742174303336842,0.14778058394326413
0.08030810513412034,0.09738698452485982
0.6195017422611753,0.3956100128359982
0.7817588633314352,0.4248033896123073
0.6871072673043699,0.40774173516949946
0.585698979739578,0.38954415166924766
0.5219447688728873,0.37210764063748336
0.549956081505005,0.3800667168999738
0.6678024343394371,0.40206208988227976
0.17220876246368272,0.19894282869053873
0.5596278028204363,0.38310343391354057
0.11323249775581318,0.15460373114831064
0.1528460149998552,0.18188117424773093
0.5403036650225386,0.3785521448233819
0.1673439445565197,0.19097617956766538
0.6021177401762533,0.39257708225262294
0.5547919421627207,0.3823423614450531
0.553826700514474,0.38196371842590515
0.5943958069902803,0.391441153195179
0.5364426984295521,0.37665892972764203
0.19537456202160206,0.20878754718838613
0.5673400835899269,0.383856933521645
0.13836739027615566,0.17317238480732744
0.6571654713757591,0.4005399449453049
0.5509213231532516,0.38044535991912176
0.30940821034546007,0.2762390146194069
0.7624540303665026,0.4217742454591235
0.5760465632571117,0.38727229355435977
0.1016013358944412,0.11709914010170355
0.5837684964430847,0.38802957959265577
0.5702454609511494,0.38613257806672435
0.5354678043648229,0.37627650027830256
0.1982895917993069,0.21750390948917261
0.19635910850281363,0.20993104910621305
0.18859856565091068,0.20310032904078357
0.5692802193029026,0.38537529202842846
0.16155249466703983,0.18832567843362952
0.2118222797077248,0.22243384159847926
0.6678024343394372,0.40281937592057576
0.7354079593826317,0.4179802424072608
0.5345025627165763,0.37627650027830256
0.0928658989778091,0.11064327662523049
0.2301618710244109,0.2303853450005868
0.7035356801575278,0.4092638801064743
0.5673497360064095,0.38461800599013246
0.45819055800619696,0.3493701273376473
0.5238849045858631,0.3743832851825627
0.568314977654656,0.38499664900928043
0.5731411858958891,0.3861325780667244
0.772106446848969,0.4236674605548634
0.6697329176359303,0.4035766619588717
0.5316068377718364,0.3758978572591546
0.550930975569734,0.38044914634931326
0.4784799374523413,0.35732920360013776
0.6851767840078765,0.4069844491312035
0.47944517910058804,0.3584651326575817
0.753747550699318,0.4206307435412966
0.3615891738496733,0.3073104607706899
0.4504686248202238,0.34671962620361146
0.4929778670090059,0.36263777872859243
0.4350054536153126,0.3398964789985649
0.16058725301879326,0.1864324633378896
0.5383635293095628,0.3781697153740424
0.3103734519937067,0.2773749436768509
0.18377235740967746,0.20272168602163562
0.266898968156678,0.24971885755828255
0.4350054536153127,0.33989647899856484
0.3799480699993244,0.3164054660906243
0.020356946361521605,0.04433531111203668
0.5489908398567583,0.3800667168999738
0.47751469580409467,0.3569505605809898
0.44853814152373056,0.34482641110787154
0.4040984160384553,0.3266364004680027
0.26691827298964294,0.2569206477824771
0.3441955193482689,0.2948076682784237
0.23790310904334896,0.23910170730137323
0.5287111128270964,0.3751405712208586
0.4495033831719772,0.3463409831844635
0.2891188308993157,0.2641148651462886
0.35869344890493343,0.30579588869409796
0.7025704385092811,0.4088852370873264
0.39058503296300234,0.320956755180783
0.4002374494454688,0.32625775744885466
0.5731411858958892,0.3865112210858724
0.34417621451530406,0.2932855233414488
0.3548131774789819,0.3050310297954191
0.3538479358307353,0.3020018856422353
0.21857897124545123,0.23000670198143883
0.0464860377795581,0.07843968784669503
0.3963571780195172,0.32625018458847177
0.6629569212652389,0.4016758740027489
0.42629897394812793,0.33761704802329406
0.7479561008098381,0.4194948144838527
0.423422553836353,0.3357314057879371
0.5364330460130695,0.37665514329745053
0.3954112412042356,0.32284997027652285
0.2968600689182538,0.27131665537048316
0.564444358645187,0.383856933521645
0.05809789480796517,0.09283948186489262
0.46012104130269027,0.3505060563950912
0.41085510757618177,0.3296655446211865
0.3161842067161515,0.28495537692019335
0.49394310865725244,0.3630164217477404
0.5480255982085117,0.37968807388082587
0.12000849412650459,0.16559195156398498
0.4176117991139082,0.33496654688925814
0.36834586538739983,0.3099609619047258
0.529676354475343,0.3755192142400066
0.4920126253607593,0.3618804926902965
0.5518962172179807,0.38082778936846123
0.46786227932162827,0.352785487370362
0.3867240663700158,0.32019946914248704
0.5441742840320075,0.37931321729186934
0.7334581712531735,0.4160794544511379
0.1441588401656355,0.17695881499880725
0.4466076582272373,0.34444776808872357
0.5915000820455404,0.390683867156883
0.19344407872510874,0.20462247397775843
0.7701759635524758,0.4236674605548634
0.46880821613691,0.3535352005482751
0.2784818679356378,0.26259272020931385
0.508421733380952,0.36869606703496005
0.532572079420083,0.3758978572591546
0.23404214245036234,0.23266477597585764
0.37220683198038634,0.31147553398131766
0.3103541471607418,0.2769887277973199
0.5238849045858631,0.37286871310597075
0.5760369108406291,0.38726850712416827
0.5035955251397188,0.3668028519392202
0.42822945724462125,0.33837433406159
0.47172324591461484,0.3554359885043979
0.2852385594733642,0.2637286492667577
0.7392689259756182,0.4194948144838527
0.3741566201098445,0.31451225099488445
0.08418837656007182,0.10610334682564626
0.4446578700977791,0.3433042661708967
0.3828630997770292,0.31754896800845117
0.5847337380913313,0.38878686563095166
0.7151185799364873,0.41342895331710205
0.5093869750291986,0.369074710054108
0.5064912500844587,0.36869606703496005
0.46398200789567684,0.3523992714908311
0.5335373210683296,0.3758978572591546
0.41664655746566165,0.33458790387011017
0.6716634009324236,0.4047125910163156
0.4147160741691683,0.33269468877437036
0.4504686248202238,0.3474769122419074
0.4398316618565459,0.3417896940943048
0.588594704684318,0.3903014377075436
0.5316068377718363,0.3755192142400066
0.540294012606056,0.3785483583931904
0.4407969035047925,0.3433042661708967
0.4591364948214786,0.35011984051556033
0.030028667676952923,0.05532353152771099
0.500699800194979,0.3660455659009242
0.014546191639076844,0.03334709069636237
0.4919933205277943,0.36187291982991354
0.48523662899006786,0.3603583477533216
0.5905348403972936,0.3903052241377351
0.2920338606770206,0.2686661542364474
0.4736537292111081,0.3565719175618418
0.5528614588662274,0.3812064323876092
0.4707386994334033,0.35467112960571895
0.1567262864258067,0.18416060522300176
0.4871671122865612,0.3614942768107655
0.560593044468683,0.38348207693268854
0.49876931689848575,0.3652882798626283
0.4630167662474302,0.3508846994142392
0.6668178878582255,0.4020545170218969
0.7247709964189537,0.414943525393694
0.5132479416221852,0.36945335307325605
0.5103522166774453,0.369453353073256
0.43792048339301753,0.3399040518589478
0.4968388336019924,0.3645309938243323
0.2089072499300199,0.2190184815657645
0.49585428712078083,0.36452342096394935
0.40794007779847696,0.32776475666506366
0.5151784249186785,0.3717252111881439
0.4069941409831952,0.32701504348715066
0.5567224254592139,0.3823423614450531
0.3287323481433578,0.2921495942840049
0.6542697464310191,0.3956175856963812
0.48716711228656107,0.3611156337916175
0.24369455893282876,0.2417522084354091
0.2127682165230065,0.2246981268529842
0.27462090134265116,0.2618354341710178
0.7392689259756183,0.4179802424072608
0.3693304118686114,0.31072582080340466
0.3770523450545845,0.31564818005232836
0.2524010386000135,0.2485753556404556
0.3055279389195086,0.27623144175902403
0.48041042074883455,0.3584651326575817
0.5006998001949788,0.36604556590092424
0.4543295914132104,0.34861284129935133
0.34516076099651555,0.3004873135656434
0.5016650418432257,0.3668028519392202
0.4311444870223261,0.3395178359794169
0.21662918311599302,0.22696998496787205
