0.27028637746620243,0.22423063533026455
0.18365170477714,0.17647448897828816
0.4787804648536746,0.3199805482949365
0.3821398325021173,0.2894712120291113
0.5465951507167278,0.3429799791115213
0.40974247984693085,0.3007443592818343
0.5641604717543365,0.3432010212145159
0.6043725102725762,0.35802189422030173
0.2715724098993131,0.23042534026668732
0.17609234340202629,0.17315333138079472
0.5077005112763088,0.33568558971270057
0.4084564474138202,0.2976442437873355
0.7186411969511622,0.3717430827636895
0.5440858191399266,0.33634871602168426
0.4988864841127945,0.32308066378943534
0.5064144788431981,0.32971192687927237
0.6445845487908158,0.359801283149408
0.4247984693077382,0.3078177065776604
0.27285844233242373,0.2461248556318765
0.5717511997741602,0.346085620658595
0.43988582541325555,0.3142334536170777
0.3645431448197987,0.27686628610584607
0.4047238166933284,0.29433413829499183
0.3670838430413099,0.2806295279093286
0.4574825130955742,0.31556523228762
0.2062984222577711,0.21096810915059047
0.24641636084188073,0.213836130436945
0.5905711866001694,0.3496222943065081
0.1560490574323265,0.1671907206525163
0.3042564536871491,0.24701455009642964
0.2703177441109125,0.22954117185470901
0.2465418274207208,0.22071053984007602
0.405947115837019,0.2965390332723626
0.4825758288635865,0.3206492006564951
0.34195916062858756,0.27576107559087315
0.314262413349644,0.26226092915048
