0.03409554279978671,0.09353949193472627
0.060474891000909636,0.11763860721370904
0.06301558922242088,0.129359364724996
0.04165490417490042,0.10636545996098608
0.07935761111633889,0.14594304850216347
0.22634170822747088,0.2246671934836788
0.20498102317995046,0.21427268859035925
0.6156331357234718,0.34740634722398755
0.2728270756877137,0.24987704533020927
0.23013707223738275,0.23108294052309614
0.29293309494683356,0.25562966606064297
0.17232834603682445,0.1979100469161864
0.2100310529782629,0.2233409408657114
0.20623568896835107,0.2169251938262941
0.17612371004673633,0.20432579395560374
0.09444496722185629,0.14683274296671658
0.10451366017377123,0.15590099524206874
0.13716633731689723,0.1802211526240461
0.11580565226937675,0.1698266477307265
0.09946363037545874,0.15324296395355905
0.17486904425833572,0.2016732887196689
0.14598036448041157,0.1866368996634634
0.1258743452212917,0.17889490000607866
0.14469433204730092,0.184863036786932
0.14723503026881216,0.18928940489939824
0.1120102882594649,0.16341090069130917
0.11329632069257553,0.16341642674388404
0.11709168470248738,0.16983217378330137
0.14598036448041155,0.18486856283950687
0.3607164141651768,0.2837075391935279
0.3356230983971645,0.2739816866617669
0.4297857658166307,0.30891739104005844
0.5540917788024216,0.33280651632119634
0.5779617954267433,0.34076955808157566
0.4775257990652739,0.3206436746039202
0.5541231454471315,0.3339172528887441
0.15978168815281835,0.19791004691618636
0.03155484457827547,0.08513436596835783
0.05423292870361658,0.11653892275131106
0.05043756469370472,0.11012317571189373
0.03789090680969857,0.09995523897414361
0.2502117248517926,0.2439033824967811
0.3155170791380446,0.2682290659313333
0.3318277343872526,0.26867115013732246
0.24393839590978952,0.23329336155304184
0.569179134907939,0.3396643475666028
0.5277437972460085,0.3303750531882561
0.5076377779868887,0.3246224324578224
0.516451805150403,0.3294908847762778
0.18487500392083062,0.20653068893297452
0.22888240644898217,0.22644105636021022
0.2087763871898623,0.22068843562977658
0.2275650073711615,0.22532479374008768
0.3042250870424391,0.26115571863550713
0.3820770992126973,0.29410204408684754
0.2828644019949186,0.25076121374218757
0.3368777641855651,0.2786235708246529
0.4385997929801449,0.31135438022557355
0.37834446849220543,0.2910129806974984
0.39340045795301276,0.2947706964484061
0.4398858254132555,0.31135990627814836
0.3544744518678838,0.28128160211316255
0.40218311847181704,0.2998546648172811
0.40343778426021765,0.30184404374423224
0.4599604780276654,0.31909637988295825
0.37203977290549234,0.2843761915550865
0.42354380351933757,0.3075966644746659
0.39713308867350466,0.29520725460182035
0.2677770458894012,0.24788214035068332
0.1886703679307425,0.21294643597239185
0.24519306169819016,0.2368300352009549
0.061760923434020266,0.11764413326628391
0.06430162165553152,0.12936489077757088
0.297920391455726,0.25717143472903004
0.35193375364637247,0.2797287813396257
0.3983877544619053,0.2978597598377552
0.37329443869389295,0.2901232862329453
0.2878830651485211,0.25098225584518213
0.07437031460744645,0.138433143052923
0.06809698566544337,0.1357806378169882
