0.5536732034785866,0.18271069434450418
0.518565041691803,0.17343787272517794
0.4819197787455822,0.1677595147718187
0.4965828423149075,0.17209276428526032
0.45607829850063775,0.164484868750729
0.5193418562562496,0.17372469268642968
0.5258979508072537,0.1794799927326343
0.46726222449940913,0.16688842317615543
0.46185757848719505,0.1647713736982946
0.5139372102440355,0.1726660891940777
0.4456629230815848,0.16164021641125229
0.48308224593067617,0.1708468064030627
0.5795174383851073,0.18301956526378735
0.4514449577297182,0.16237884475188386
0.5255095435250302,0.17732994557114778
0.36194324846221015,0.1477581932894052
0.28864170392346444,0.1269964287685934
0.3928064767602976,0.1551235282855908
0.4016847510199135,0.15847551016663358
0.38007718561736104,0.15070223244686648
0.2986714267218701,0.12727214449740787
0.3553816445880541,0.14746034784913778
0.4391013192074288,0.160008288010083
0.2851708303376389,0.124747231049387
0.3002195465276114,0.12892612385660862
0.25623861980436397,0.12181421737094145
0.24851730340668995,0.10911262928457006
0.3465226529594707,0.14624786017109498
0.37198398990692,0.15010701408686083
0.33069712220505154,0.14120882249380434
0.39937358995760575,0.15585152491431434
0.41942752623126484,0.1597655699648941
0.36156310516471507,0.14773629983821687
0.3715873186399685,0.14818826572443977
0.38548183162957517,0.1517608359392185
0.32800030852209655,0.13847458245132788
0.3017649116717766,0.1327410183494685
0.3118056531164864,0.13824312614541934
