0.452273626702445,0.26109708028367934
0.377872800455594,0.22320248692734973
0.4078145963842048,0.23381206432387605
0.4667908610920744,0.26300544110018514
0.444513083850542,0.2584314334288776
0.5179486684491462,0.28572402224906374
0.42521790330209175,0.24972643041866555
0.5150336386714415,0.2849591633503849
0.550786189322497,0.30201324493280973
0.49184853428055714,0.2823010893559661
0.5111823244949374,0.2830697346848364
0.48704163087228886,0.2762503739099815
0.5053715697724925,0.2826835188053055
0.4802656345015975,0.2694272267049348
0.5305064622928352,0.2940579551005107
0.5218192874586153,0.28913559585158705
0.5411337728400305,0.2940617415307022
0.47736025714037517,0.2663942961215595
0.3788669993532881,0.22813620546684785
0.35375141166591056,0.21374019787884177
0.367255142324881,0.21828012767842603
0.39527610737348096,0.23343720773491955
0.4030076929759365,0.23344099416511105
0.37112576133435005,0.2182839141086175
0.4087991428654164,0.23987792549062664
0.3266570785996274,0.19175239775691874
0.4174670128666712,0.24252085376427954
0.37396357178019524,0.2220476257189484
0.3363094950820938,0.20500490342709796
0.35563363287999156,0.21561448082362425
0.42422370440439766,0.24592864093661138
