0.02315843986986979,0.010287323195615388
0.008489866977392494,0.004355221718051568
2.7546615760520743e-06,0.0013010852772762278
0.9085893102602879,0.24989224563097684
0.9409896397178124,0.2518549384026177
0.9359761556493976,0.2512375115777375
0.9467771836890978,0.25213065413143215
0.904732784053815,0.24919764045298665
0.8202528228394498,0.24339760846334677
0.7303737249360228,0.23334174157363993
0.7639310122554892,0.23648416059996258
0.8584434509298359,0.24635275185324532
0.7380922866721206,0.23390419851028466
0.7056864478914441,0.23057418883385175
0.7238176303850188,0.23284559501793264
0.741177507637299,0.23510597572299785
0.7338445985218485,0.23359532759100146
0.9271033907129339,0.25077436270565584
0.7735778370948235,0.2381381399591633
0.06521110348988077,0.027818307351135756
0.7184184936959567,0.23211791340289528
0.7647023174967839,0.23657236443208832
0.7442627286024771,0.2352713579082336
0.7562179598425435,0.2359328866491767
0.7654736227380784,0.2367597975753555
0.679070907743629,0.22708997995804187
0.6844700444326911,0.22781766157307923
0.6809991708468655,0.22727741310130906
0.6817704760881602,0.22734356597540337
0.7222750199024297,0.23229432106714676
0.6945025218926728,0.229118825603777
0.8175532544949187,0.2427912071174823
0.8395409631949664,0.24512876617565754
0.6559262411816394,0.2231096245265247
0.7839904578523003,0.23926273881876647
0.7018299216849714,0.23007804227814443
0.7701014541858459,0.23683697592846553
0.7392492445340624,0.23460982916729056
0.6883265706391639,0.22818150238059792
0.7990364193806967,0.24064108120257427
0.8082920822762317,0.24146799212875308
0.7566036124631906,0.23641800772586827
0.8028929455871696,0.24113722775828156
0.8252663069078646,0.2434858122954725
0.88235942273312,0.24827134270882326
0.6597827673881125,0.224190121470065
0.7936372826916346,0.23941725303182962
0.7022155743056185,0.23016624611027017
0.8430118367807921,0.24530517383990902
0.6165786552293118,0.21584351884148056
0.7230463251437242,0.2326250854376183
0.6983590480991457,0.2296149721594843
0.7998077246219912,0.2409718455730458
0.7157189253514258,0.2318753528645495
0.8183245597362133,0.24289043642862376
0.7130138476837427,0.23132392140692054
0.6323959219990027,0.21934977867532188
0.1369810561923415,0.049616781913111196
0.11112580263951674,0.041733091896343805
0.6960451323752619,0.22920702943590274
0.5934339886673223,0.20994473006122852
0.8368413948504354,0.24456646674585594
0.1381435233774355,0.053806621445926996
0.01273480046608874,0.005755536306469255
0.6925742587894362,0.2287990867123212
0.5891863005170499,0.20707794801029886
0.6065516870924822,0.21188537187483794
0.1211582800994984,0.04409270191255048
0.669809735524942,0.22541394964080969
0.15010426394065363,0.05773184948236558
0.7056864478914442,0.2304198321276317
0.12424901038782882,0.046308980701552815
0.7562179598425434,0.23608724335539674
0.7191897989372513,0.23228329558813107
0.13196206280077463,0.048657407731900665
0.8163962966329769,0.24270300328535657
0.6825417813294546,0.22749792268162342
0.27511631558504884,0.10210010961688742
0.6821561287088075,0.22735459145441908
0.7812908895077694,0.23865633747290205
0.6077086449544241,0.21234844199349806
0.5023814049324969,0.18121122919836663
0.7087716688566225,0.23073957101908749
0.3140892675630336,0.11701821275252579
0.7118568898218008,0.23077264745613466
0.108811886915633,0.03925235911780733
0.6906459956861999,0.22829191467759816
0.25080367251481317,0.09164748298945782
0.6165786552293118,0.21566711117722906
0.7045294900295023,0.23021034802633306
0.6786852551229817,0.22694664873083753
0.66441059883588,0.22495087952214954
0.2365400348740156,0.08889127074237148
0.6362524482054757,0.2206177087621294
0.8264232647698064,0.24393785693511694
0.669815244848094,0.22541410714765278
0.660554072629407,0.22425627434415932
0.6690384302836474,0.2252926693716368
0.6555405885609923,0.22290014042522605
0.38546805832169495,0.1453546388639788
0.32682682269069846,0.12298331191371521
0.6729004658132723,0.22607563588859583
0.04051831712214996,0.017156354129250588
0.6740574236752144,0.22615281424170586
0.1744224163340413,0.07215380606229661
0.8129199137239992,0.2415451704818631
0.27858718917087444,0.10386418625940227
0.6651819040771746,0.2251052362283696
0.6617110304913489,0.22469729350478804
0.5004531418292605,0.18096866866002084
0.7816765421284165,0.23916350950762502
0.27202558529671844,0.10125099022583414
0.3615465771952587,0.13360116321953752
0.2982664914701905,0.11022620266515754
0.6910316483068472,0.22841319494677106
0.6235259117241151,0.21718878478824125
0.7789769737838855,0.23860121007782345
0.63278157461965,0.21977977235693485
0.23306365196503787,0.08826266093163251
0.27627051878541464,0.10246387167098456
0.5120282297718313,0.18570978214362255
0.37621239542616,0.14481439039220864
0.08026257434142929,0.03479775058177122
0.5691268549202388,0.20302041422567166
0.22843031119411827,0.08600228022656728
0.6705865500893886,0.2257448715181243
0.6702008974687415,0.22561256576993569
0.21261304442442722,0.08418291868213078
0.657854504284876,0.2238703825786092
0.5729888904498638,0.20668103076573302
0.6829274339501019,0.22758612651374915
0.6717435079513305,0.2259984575354858
0.6825417813294548,0.22749792268162342
0.41980766952876014,0.15460548827869522
0.34340988537853173,0.12878271387598272
0.564113370851824,0.2024250383588229
0.4688075896435745,0.1705930628788582
0.27627878277014284,0.10300435640301937
0.6266111326892935,0.21756365107477563
0.6647962514565273,0.22496190500116525
0.6624823357326436,0.22476344637888235
0.6698152448480942,0.22551333645879423
0.4456574137584329,0.1618385175266922
0.6111795185402498,0.21454251231762586
0.09723679897306219,0.03801734796120386
0.01389175832803061,0.005898867533673585
0.692188606168789,0.22847934782086537
0.06637907999812684,0.030034743646981176
0.6682671250423529,0.22513831266541676
0.08914360326262118,0.03706931427269523
0.6563118938022869,0.2236167965612477
0.8005790298632859,0.24107107488418725
0.6779139498816872,0.22679229202461748
0.3877874833687308,0.14705272013924242
0.26160470055451346,0.09612390622326074
0.3040512807798998,0.11099798619625778
0.6632536409739381,0.2249178030851024
0.6748287289165088,0.22626306903186302
0.6752143815371562,0.22653870600725598
0.45106205977064695,0.16455094287140182
0.6516840623545194,0.22251424865967592
0.425983620782269,0.1590378883498568
0.3569132364243391,0.13138488443053517
0.6269967853099409,0.21805979763048286
0.6771426446403926,0.22672613915052317
0.6536123254577558,0.22282296207211602
0.657854504284876,0.22400268832679782
0.611565171160897,0.21455353779664163
0.3580701942862809,0.13187000550722677
0.2400109084598412,0.08961895235740884
0.6497557992512829,0.222238611684283
0.6092512554370133,0.21320842935672407
0.6628679883532909,0.22477447185789806
0.5046953206563809,0.18244608284812708
0.4757548461383778,0.17274318879376624
0.5961335570118534,0.21067241167626588
0.34419220926613064,0.1313409400213154
0.6890978758804586,0.22824765525469223
0.2812922668385576,0.10447074511210984
0.42405535767903246,0.15881737876954247
0.47614049875902503,0.1741434246287624
0.08758997413372781,0.035767992735154366
0.39125835695455646,0.1487065419916001
0.2558281752295322,0.09604696413041536
0.3314546541384659,0.12318177053599813
0.6690439396067995,0.22535897975257418
0.45414728073582533,0.16680014059060824
0.4827021026331811,0.18049425804865885
0.6782996025023345,0.2268033175036332
0.0003939166053754466,0.0037709500836400718
0.6516840623545195,0.22238194291148733
0.6258398274479989,0.21753057463772843
0.6863983075359275,0.22799406923733073
0.6686527776630001,0.22516036362344818
0.4630228003338651,0.1697771774316951
0.7180328410753095,0.23191945478061238
0.310618393977208,0.1146367092851308
0.19101098834502686,0.07757849924487284
0.6146503921260753,0.2149394295621917
0.6219777919183739,0.21675863359978514
0.6945025218926727,0.22898651985558838
0.5247602755763442,0.19131088299045018
0.25350875018249636,0.09387478725747589
0.6918029535481417,0.22847934782086537
0.5120227204486794,0.18509219781189926
0.15434644276777376,0.058680040677717295
0.6906459956861998,0.2283029401566139
0.30675635844758303,0.11181402915026398
0.3746587662972665,0.13544241821516237
0.262376005795808,0.09669723113207807
0.029334391123378534,0.016130984580788845
0.599990083218326,0.2116316283506333
0.5347927530363259,0.19559995183440748
0.6107938659196024,0.21427790082124865
0.6466705782861047,0.22158810842235566
0.39473473986353413,0.1517166552697341
0.5895774624608494,0.20994473006122852
0.6354811429641811,0.22022079151756357
0.44140972560816055,0.1616399013975662
0.2704802201525532,0.1007878413537524
0.6385663639293594,0.22129026298208818
0.6377950586880647,0.22113590627586813
0.4560838078237898,0.16740677819673733
0.48192528806873436,0.17624929112076448
0.46996454750551636,0.17095690368637692
0.6844700444326912,0.2276853558248906
0.7118568898218007,0.2311144373056219
0.04554281983686894,0.02501783568114346
0.5425058054492716,0.19651506659271203
0.2511948344586126,0.09355504836602008
0.4136372275984035,0.1534698639400763
0.5536952407711951,0.2001205557376948
0.5980618201150899,0.2109921505677217
0.6740574236752143,0.22615281424170586
0.1863831568972594,0.0753403270046821
0.6277680905512354,0.21831338364784442
0.2689458736546922,0.09999424312488539
0.15860514956435026,0.06791986461341797
0.0999363673175932,0.03842529068478541
0.2673977538489509,0.09791027008407163
0.6478275361480466,0.22211733141511011
0.6462849256654574,0.22148887911121418
0.399748223931949,0.15324919685291888
0.5216695452880137,0.18808026013200185
0.657854504284876,0.22361679656124772
0.2847686497475353,0.10787777563480969
0.6131077816434863,0.21472994546089305
0.6293107010338246,0.21869927541339454
0.13775787075678816,0.05277022641844954
0.44681988094352676,0.1637130064662073
0.2824464700389234,0.10726011254966486
0.6597827673881125,0.224112943116955
0.4464287189997273,0.162588250099761
0.6605540726294071,0.22444370748742654
0.5270741913002279,0.19210471747958188
0.515499103357657,0.18643746375865994
0.43678189416039304,0.15907096478690397
0.5062324218158177,0.1842320529418302
0.7006729638230295,0.22965907407554717
0.5494530619440751,0.1991062116682488
