0.0969542987986575,0.1357806378169882
0.10197296195225997,0.138433143052923
0.10953232332737367,0.15125911107918283
0.5817885260813652,0.34564353645260587
0.4637558420375772,0.3157862743906146
0.444935855211568,0.31224960074270147
0.41730184122204445,0.3027392642613602
0.4725385025563816,0.3213123269654788
0.13973840218311848,0.18133741524416866
0.18371443806656002,0.21450478279850357
0.1723597126815345,0.20543100447057655
0.12970107587591356,0.17647448897828816
0.09569963301025688,0.12494957477025437
0.10576832596217184,0.14285951116538925
0.2201624792195979,0.22866252949530563
0.38841316144412036,0.2949972646039755
0.39848185439603523,0.2992025906134471
0.33317650010978334,0.2779714966208189
0.16235375301903954,0.1939423411674339
0.41601580878893385,0.30207061189980167
0.3683071421850005,0.28725526494659076
0.4926445218155014,0.32706494769591243
0.275399140553935,0.25607727631920696
0.1988017941720774,0.21826802460198608
0.5077005112763088,0.32750703190190156
0.2226090775069791,0.23086189842010157
0.2188137134970672,0.22444615138068424
0.26529908095731003,0.2496560032272147
0.32185314136946774,0.27420825481733635
0.36702110975188984,0.2872497388940159
0.3205671089363571,0.2742027287647615
0.3419591606285876,0.2819502544747211
0.3645745114645087,0.2863766225871873
0.2665851133904207,0.24966152927978957
0.2766538063423356,0.25872978155514176
0.14604309776983154,0.19305817275545561
0.25529312129481513,0.2483352766618222
0.21382641698817478,0.22356750902128084
0.13716633731689723,0.17668447897613296
0.21504971613186538,0.22422510927768968
0.17364574511464506,0.20543653052315142
0.19372039772905492,0.2158255093638961
0.20005645996047802,0.22092052983792093
0.25406982215112456,0.24767767640541336
0.21887644678648727,0.22865700344273077
0.1975157617389668,0.2182624985494112
0.2967598256014555,0.26647178121252646
0.1044822935290612,0.14285398511281439
0.11332768733728554,0.15634860550063276
0.11207302154888493,0.1545802686766762
0.27285844233242373,0.25010361348577875
0.22888240644898217,0.23351440365603643
0.2238951099400897,0.23086742447267644
0.16360841880744018,0.19548963588839585
0.11963238292399864,0.167406236702936
0.12841504344280294,0.1764689629257133
0.12590571186600172,0.17005874193887083
0.562968539255356,0.3383491470537851
0.5290611963238293,0.33790153679522117
0.4813525297198959,0.3230861898420102
0.4348985289043631,0.31003917971275585
0.5729744989178508,0.3449748840910473
0.5717198331294503,0.3398909157221723
0.6408205514256141,0.3604644094583917
0.5931118848216808,0.34564906250518074
0.6194284997333837,0.35470626267538313
0.6207145321664943,0.354711788727958
0.4260845017408488,0.3082653168362244
0.4650105078259778,0.3175546112145711
0.5114645086415106,0.33060162134382554
0.4247984693077382,0.30825979078364957
0.49135848938239074,0.32705942164333757
0.47125247012327093,0.3213068009129039
0.5089551770647094,0.32883328451986893
0.5189925033719144,0.33104370554981466
0.4147297763558232,0.3020650858472268
0.3871271290110097,0.29499173855140065
0.3770898027038048,0.29344444383043866
0.35698378344468495,0.2857024441730539
0.3582698158777956,0.28570797022562877
0.23267777045889404,0.23993015069545376
0.43483579561494307,0.30980708550461156
0.45622784730717353,0.31556523228762
0.4851165270850977,0.32352827404799933
0.39973652018443584,0.3011919695403983
0.4863711928734984,0.32529661087195594
0.438662526269565,0.3104812639187449
0.44619052099996864,0.3142389796696526
0.38966782723252097,0.296765601427932
0.42228913773093707,0.3038389487237583
0.31181581506226286,0.2675769917274994
0.40977384649164084,0.30141301164339285
0.2904864966594524,0.25917739181370575
0.3783758351369155,0.2945551803979864
0.37458047112700366,0.2890236017705473
