0.40359648615369365,0.15002952072006462
0.4576181543216509,0.16606143349655508
0.32566435550560435,0.12652233317091754
0.34726641158500476,0.13299444685998693
0.3233476851201446,0.12296102469541917
0.31099302795155104,0.11422845154786307
0.34418119061982644,0.1270847901075622
0.3001947545734269,0.1138756362193601
0.4043760553797164,0.15233408209461421
0.420964627390702,0.15610495342483277
0.4452717611377855,0.1625000462676352
0.46571961401682005,0.17038350002413796
0.44256943813167837,0.16143049604968904
0.4896355858201041,0.17325028207506762
0.4471972695794459,0.1625991968253551
0.4259808661206928,0.15831012798139782
0.44874263472361114,0.16317260048759397
0.43832725930455824,0.16113280811626465
0.4360078342575223,0.16001907722883407
0.42559245883846947,0.15825492183289774
0.45529872927461507,0.16483744781896734
0.4321513080510494,0.15939062492493816
0.4140201255574747,0.15423054323873922
0.4086182342068366,0.1532381713739031
0.39974271460879673,0.14972088606104605
0.38816762666622595,0.146986409758305
0.38315138793623515,0.14574045187610735
0.39280096743714554,0.14958858031285743
0.36308918767784787,0.13980850790538663
0.36772252844876746,0.14230042366978193
0.34495249586112103,0.1305357650394819
0.4529848135507313,0.16471616754979443
0.4363934868781696,0.16102239581926436
0.47073585274681096,0.17065921575295245
0.5374675294266723,0.18193867455313933
0.46147743518969986,0.16738456973186275
0.4637885962520076,0.1675167967266298
0.48539340699298394,0.17245644758593595
0.5162566352910714,0.18028485270078168
0.5324568000198335,0.18148670866691646
0.5135543122849643,0.17793634691701227
0.49310921406750574,0.17467264762151674
0.4834623892281715,0.17209252802499575
0.4873216700962203,0.1725556768970774
0.4977370455152733,0.1750364884290354
0.48963558582010414,0.17352591905046055
0.5432578280595338,0.1832839404999
0.502753284245264,0.17662423616072032
