0.33305103353094323,0.21097363520316534
0.28907499764750166,0.17161708876498255
0.3519337536463725,0.21651073988317926
0.644584548790816,0.31691911516846183
0.39716445531821465,0.23044744447698676
0.41843104043160506,0.231983687092799
0.44609642106583863,0.25874083366029144
0.477494432420564,0.26559866490569795
0.5013958156895957,0.26980951696774447
0.500109783256485,0.26759356988522387
0.43982309212383547,0.24547830748061736
0.42978576581663064,0.23729974966981834
0.5077005112763088,0.2793198534490857
0.3870957623662997,0.22756837108548247
0.44104639126752615,0.24635694984002077
0.4988551174680844,0.26648835937025106
0.38577836328847903,0.21827355065456092
0.47623976663216333,0.26206199125778484
0.43104043160503125,0.24304684434767712
0.2739876415419843,0.1649802996225706
0.2526269564944638,0.14839661584540315
0.575452463849942,0.31667596885516774
0.5037796806875569,0.27067158116942325
0.5440230858505065,0.28837152756671325
0.5704024340516295,0.29412414829714695
0.49004109030457016,0.2658197070086925
0.5465324174273078,0.29367653803858296
0.2300116056585427,0.13910732146705643
0.2915843292243029,0.19151087803449363
0.29785765816630594,0.19239504644647193
0.22496157586023022,0.13357574283961737
0.25890028543646687,0.16011184730411526
0.206172955678931,0.13203397417123025
0.44355572284432737,0.2540934234448307
