0.3858724632226091,0.2985284121993137
0.40092845268341654,0.29963362271428656
0.42228913773093696,0.3100281276076061
0.3645117781750887,0.28813390730599414
0.30924375019604156,0.26248197125347456
0.732505253912989,0.38678499787246984
0.7526112731721089,0.3925376186029035
0.7513252407389982,0.3925320925503286
0.3167717449264453,0.26977636065229527
0.6697092312035382,0.37704809323555916
0.4813525297198959,0.32861224241687437
0.6370565540604122,0.36908505147517984
0.5227878673818261,0.3383436210012103
0.6885605846742573,0.37926404031807964
0.5114958752862206,0.33436486314730807
0.44493585521156803,0.3177756533175657
0.7864558828142154,0.3973950188162091
0.7224365609610741,0.3845690507899493
0.7475298767290863,0.38810572443786234
0.7488159091621971,0.38811125049043727
0.7312192214798783,0.3867794718198949
0.7211505285279634,0.38456352473737443
0.7877419152473261,0.39740054486878396
0.5277751638907187,0.34342206331751046
0.4763338665662934,0.32397035825398846
0.5152598726514225,0.3363542420742591
0.47504783413318274,0.3239648322014136
0.3532511527241931,0.2857079702256287
0.28788306514852113,0.2547399715960898
0.4072331482701296,0.3042810329297474
0.33813242997396564,0.27751836030968
0.4335811298265424,0.3115754223285681
0.3331451334650733,0.2746503390233255
0.32185314136946774,0.27420825481733635
0.2879144317932311,0.2567348765756158
0.2916784291584329,0.259166339708556
0.36827577554029045,0.2890180757179724
0.3745491044822935,0.28901807571797244
0.31178444841755276,0.2669083393659407
0.3205671089363571,0.2742027287647615
0.41849377372102514,0.30560175949513996
0.40594711583701887,0.3000757069202757
0.43358112982654246,0.3133437591525246
0.2841190677833192,0.25230850846314956
0.3770584360590947,0.2894601599239615
0.31049841598444217,0.26513447648940935
0.4989178507575045,0.3301595371378364
0.2426523634766789,0.22754074082260822
0.2740817414761143,0.25098225584518213
0.248988425708102,0.24037223490144288
0.24770239327499138,0.2315250247290853
0.24525579498761016,0.22866252949530563
0.26655374674571064,0.24368786644636137
0.3030331545434585,0.2622719812556297
0.657162573319532,0.3748376722056134
0.6257331953200965,0.36907952542260497
0.6948339136162605,0.382137587657009
0.3419591606285876,0.2819502544747211
0.3770898027038048,0.292781317521455
0.444904488566858,0.31401241151408316
0.3783758351369155,0.29278684357402984
0.569210501552649,0.35249031559286265
0.6056271760609768,0.36332690469217127
0.14974436184561338,0.18287918391255578
0.23139173802578336,0.22268334060930256
0.10953232332737367,0.14772243743126973
0.22132304507386846,0.21626759356988526
0.20623568896835107,0.20675725708854398
0.2238637432953797,0.21980979327037323
0.6860198864527463,0.3772691353385537
0.6458392145792164,0.3726217251230929
0.6910385496063486,0.38124789319245594
0.18365170477714,0.20189433082266348
0.13842100310529784,0.1601063212515404
0.17110504689313388,0.19437889932084815
0.13970703553840846,0.17536375241074045
0.5139738402183118,0.33634871602168426
0.22257771086226907,0.2186990567028255
0.22257771086226905,0.21803593039384178
0.21382641698817478,0.21251540387155243
0.21755904770866658,0.21361508833395043
0.232646403814184,0.22710418266919397
0.8241899564003639,0.4000641022098685
0.6131551707913805,0.36575836782511156
0.526520498102318,0.3416537264935539
0.5742291647062514,0.3564690734467648
0.5478811831498385,0.3491746840479441
0.5868071892349674,0.35846397842629085
0.5378124901979235,0.3449693580384724
0.5729744989178508,0.3544796945198137
0.5579185094570435,0.35072197876890604
0.5704965339857596,0.3524958416454375
0.4951538533923026,0.32971745293184723
0.5215018349487155,0.337011842330668
0.6043725102725762,0.3613375257652202
0.542862519996236,0.3451959261940419
0.5013958156895957,0.3341327689391637
0.46375584203757725,0.3228596216864408
