0.1635770521627302,0.17072739430042938
0.20504375646937045,0.21870458275540036
0.2138577836328848,0.22512032979481766
0.3318904676766727,0.2739872127143418
0.34192779398387757,0.2755345074353037
0.2151124494212854,0.22777283503075252
0.2565164204385057,0.24656141378529078
0.2540698221511245,0.24568829747846221
0.2766538063423356,0.25872978155514176
0.27417584141024437,0.25343029713584697
0.23396380289200466,0.23993567674802863
0.21131708541137353,0.22334646691828627
0.3620338132429974,0.28526588601963965
0.42859383331765,0.30959156945419186
0.4436498227784574,0.31334928520509947
0.4059784824817289,0.30428103292974734
0.4072645149148395,0.3042865589823222
0.4399171920579656,0.31224960074270147
0.3231078071578684,0.27089262327241787
0.17361437846993508,0.17116947850641853
0.18612966970923123,0.18376335232453403
0.1497129952009034,0.16231674228148607
0.15720962328659704,0.16761622670078086
0.1371349706721872,0.14462784798934578
0.199962360026348,0.2100728886334625
0.17612371004673633,0.17979012052320667
0.15350835921081524,0.1654168577759849
0.17740974247984692,0.17979564657578156
0.36457451146450864,0.287039748896171
0.3432138264169882,0.27664524400285145
0.39719582196292463,0.2991970645608723
0.3519964869357925,0.27973983344477543
0.4549731815187729,0.3191019059355331
0.47128383676798097,0.32418587430440815
0.5692418681973589,0.35050646271848634
0.5491358489382391,0.34585905250302557
0.48132116307518585,0.3248490006133919
0.5504218813713497,0.34586457855560043
0.18992503371914307,0.20940976232447875
0.18992503371914304,0.19703140455678297
0.2640757818136194,0.24678798194086018
0.3117844484175528,0.2702239709108593
0.26529908095731003,0.2496560032272147
0.2540384555064145,0.241261929365996
0.36331984567610803,0.2852714120722145
0.35328251936890315,0.28306099104226884
0.2954737931683448,0.2664662551599516
0.20256579153727924,0.21804698249899152
0.2967598256014555,0.26647178121252646
0.5579498761017535,0.3474118732765624
0.5893478874564788,0.3542697045219689
0.7827232520937236,0.3987267974867513
0.6420752172140146,0.3719585988141092
0.6822558890875443,0.3779322616475374
0.5654778708321572,0.3489591679975244
0.7576299363257113,0.39673741855980027
0.6885605846742574,0.3828007139659927
0.7262319249709858,0.38987958731439376
0.7187039302405821,0.38744812418145347
0.6056585427056869,0.3613430518177951
0.7500705749505976,0.390763755726372
0.6684545654151376,0.3761639248235809
0.6998525767698629,0.38302175606898725
0.59185721903328,0.35493283083095256
0.6860512530974562,0.37948508242107415
0.634547222483611,0.3715165146081201
0.7136539004422697,0.38479009289294386
0.42354380351933757,0.30582832765070933
0.45243248329726166,0.31732804305900164
0.4537185157303723,0.3173335691115765
0.4888491578055896,0.3281646321583104
0.48508516044038774,0.32529108481938096
0.444904488566858,0.31357032730809403
0.3770898027038048,0.2938865280364278
0.34572315799378944,0.2779714966208188
0.37081647376180177,0.28880255966755275
0.32561713873466963,0.27221887589038524
0.43612182804805366,0.310033653660181
0.373325805338603,0.2910129806974984
0.35071045450268185,0.27973430739220057
0.4461591543552586,0.3153386641320506
0.5403218217747248,0.3434220633175104
0.5629371726106459,0.3478484314299766
0.5830431918697657,0.3536010521604103
0.4838304946519871,0.3250700427163864
0.4901038235939902,0.3299329689822669
0.5240111665255167,0.33855913705162993
0.43483579561494307,0.30980708550461156
0.5779931620714532,0.3509430208719006
0.5441171857846366,0.3443117577820636
0.4273078008845394,0.30604936975370384
0.6810012232991437,0.37660600902957003
0.5981305479752832,0.3575853360668874
0.5365578244095229,0.3429799791115213
0.5830118252250557,0.35271135769585715
0.5378438568426336,0.34298550516409615
0.526520498102318,0.34143268439055935
0.5014585489790158,0.33436486314730807
0.2728898089771337,0.2534247710832721
0.618236567234403,0.3666535883422396
0.5554091778802421,0.34696426301799843
0.6596405382516233,0.3735058935350712
0.44615915435525866,0.31600179044103427
0.3821398325021173,0.2954393488099647
0.46375584203757725,0.32352274799542446
0.493867820959192,0.3303750531882561
0.3971644553182146,0.29720215958134627
0.40974247984693074,0.3045020750327419
0.5139738402183119,0.3361276739186897
