0.2794920895132172,0.1399696511185365
0.3558482486698087,0.1635376755718728
0.23877021784752792,0.12084615338544658
0.22349333314490427,0.11248197116366235
0.23819079853873276,0.11757823112954573
0.32359861787296584,0.15334297775123176
0.3581235293701995,0.1636694378487685
0.307763512128942,0.14511001333412463
0.2964577695183047,0.14480510889172135
0.39770776068569325,0.1788286333583972
0.30890115247913735,0.15133931998686734
0.26593226446958407,0.13700826672169467
0.33662142014259366,0.15992183556830106
0.23706022427766904,0.1129175489385242
0.20426650461768925,0.10433612230152764
0.4220221733876951,0.18301072446928932
0.42710975756248193,0.18318495557923406
0.4321973417372687,0.19011064219953705
0.3083429314377371,0.14972822669209715
0.44409663583496445,0.20100226445995706
0.32190982257050194,0.15260304000618521
0.42766797860388206,0.18875980662524683
0.35469647614135,0.16227286660811774
0.5062782201934695,0.20649054442321607
0.3326502780506073,0.15521650665535616
0.6629263501529807,0.23241232227746195
0.3977077606856933,0.1817470044499714
0.39035902798877903,0.1751262222720717
0.35980525858353174,0.1687646088702147
0.4994947746270872,0.20378996221907275
0.26252640950812955,0.13291274669355635
0.2545982575024201,0.12851232222301473
0.24327838271351956,0.12302295331531857
0.28457967368800385,0.1447610066420166
0.3886490344189201,0.17425397777791088
0.3716833544138326,0.17081236888428386
0.6385978052727157,0.22230528448401185
0.3462313013616354,0.16083654889551088
0.35302887910628106,0.16179590894464407
0.5662269203863737,0.21964717111291754
0.536266702468185,0.21420244892714468
0.610905801965786,0.22043284452432457
0.4158040149518446,0.18174754892219
0.3784738660693466,0.17299080223081156
0.5136552172469103,0.2097159978460679
