0.49850008677183966,0.16483768407923197
0.377749496585597,0.13505668395645537
0.5270466446844674,0.17063732230176407
0.3588470088507277,0.13034864690990083
0.34534090314334437,0.12415209144280286
0.3194911589136717,0.11943287141038951
0.3395506045104829,0.1227958000170265
0.34225292751659,0.12300536287174667
0.37774949658559703,0.13603795158885426
0.3569159910859152,0.12975319228963053
0.3387792992691883,0.12049147490274151
0.3461094537230629,0.12599326768500618
0.36887673164913326,0.13325945212347184
0.3877902380303068,0.14632511727762657
0.4128631676955328,0.15004086121276652
0.3804518195917041,0.13742724069825618
0.4487316160773069,0.15564188330617262
0.4228901358323623,0.153535938060749
0.4549185859771198,0.16211431200892817
0.44989959258555295,0.15780319220693945
0.37697819134430227,0.13449438452665377
0.29635475633641034,0.11506686047358686
