0.14968162855619332,0.11633445880604108
0.48122706314105573,0.2918971491094767
0.17477494432420568,0.15921662678698725
0.20112292588061859,0.16496372146484603
0.5101157429189799,0.29499726460397546
0.4813211630751858,0.2939031061941524
0.5315077946112104,0.30407104293190246
0.51014710956369,0.30251822215836566
0.45870581223926477,0.2863821486397622
0.5478811831498385,0.3208812948646394
0.46121514381606593,0.28660319074275675
0.2778771054860262,0.22203126640546858
0.3581443492989555,0.25076121374218757
0.42846836673881,0.27155022352882674
0.38075970013487664,0.2600505081205343
0.2841190677833192,0.22932012975171445
0.36949907468398113,0.2516564342593156
0.2652677143126,0.21715728803443837
0.1722342461026944,0.13135979575709683
0.19365766443963492,0.16342747884903375
0.5377811235532135,0.31114439022772866
0.4322637307487218,0.2722188758903853
0.44735108685423924,0.2746558650759004
0.45867444559455484,0.2797453594973503
0.5893165208117689,0.3314968418609535
0.7839151845927042,0.36821193516835127
0.7588532354694019,0.36622808229397497
0.6985665443367522,0.35693326186305346
0.7236912267494746,0.3606965036665359
0.8190771933126313,0.37750122954669796
0.6520811768765096,0.3392388415183383
0.6822245224428343,0.3533910621625655
0.7927292117562185,0.3691016296329044
0.7362378846334807,0.36290692469648156
0.7400018819986827,0.3655594299324164
0.8241585897556538,0.38613292366863583
0.5892537875223488,0.3226441056360211
0.43609046140334373,0.27421930692248614
0.4498604184310405,0.27708732820884063
0.28782033185910105,0.23350887760346156
0.271478309965183,0.21736727803228323
0.2099369530441329,0.193041594597731
0.24133496439885826,0.20586756262399086
0.24641636084188073,0.20742590945010253
0.38079106677958663,0.26690833936594077
0.33803833003983563,0.23881941412790603
0.4008343527492864,0.2711026132702627
0.320473009002227,0.23727211940694407
0.3480756563470406,0.2458927614237322
0.216273015275556,0.2016732887196689
0.34054766161663685,0.2399246246428789
0.20868228725573226,0.19083117356778537
