0.41461955000434364,0.2724525844279272
0.4735379002133184,0.2860988788380203
0.2880377602532794,0.19061268226928332
0.49476356405826205,0.2887455935418647
0.6049072885396859,0.3258942601504727
0.3653536162778352,0.23987413906043517
0.44650148164593007,0.2762503739099814
0.45903997065665386,0.27927573163297376
0.5179679732821111,0.29709088568388603
0.3653729211108001,0.24101764097826203
0.3846874064922154,0.25238071798289285
0.33829789287748185,0.23759092165497286
0.3982104419841508,0.2641224380066717
0.35473595814712217,0.2376022809455473
0.32187913244080657,0.21979091332482642
0.37501568517678396,0.2523731451225099
0.353761064082393,0.23759849451535586
0.3199389967278308,0.21297155254997135
0.3121881062924103,0.19099889814881424
0.5121765233926313,0.29595495662644206
0.5769056283240509,0.3179389703181737
0.5209023078927809,0.30013517555783575
0.5537108715166842,0.3024032472425322
0.570139284369842,0.30960503746672674
0.517987278115076,0.2993703166591569
0.3141282420053861,0.20917754949810863
0.5585563845908824,0.30316810614121115
0.6667213636934006,0.3274239779478305
0.32671499309852226,0.22850348919542143
0.457138444609608,0.2781511618661042
0.2619665833341377,0.16978352978595307
0.20688024246870204,0.1330286519172589
0.5334214920705398,0.30201703136300123
0.5411627300894778,0.30202460422338423
