0.4021003658265847,0.2853378063695329
0.20208299147691622,0.16522466783541143
0.4542523720813506,0.2993589573685824
0.1672570728081775,0.11748535598123447
0.34413760484937406,0.2656294372228807
0.2996882269476163,0.24251328090389657
0.27070202025076984,0.22773484386655105
0.28037374156620115,0.23342206201415364
0.22910975762782207,0.18074903162047848
0.3122460207913051,0.24819671262130774
0.2465420217951564,0.20803404758028177
0.24945705157286124,0.21485719478532828
0.2358857539985135,0.1985528263808164
0.6001003851314177,0.32628047603000365
0.47067113251802595,0.30579967512428957
0.47742782405575246,0.31526575060298895
0.5373403731624212,0.3228651159972889
0.3315798110056853,0.2595673624863215
0.3866275422051911,0.2785108727342948
0.41468711691972093,0.2929258124732583
0.31999691122672563,0.2501012870076221
0.31032518991129426,0.24554999791746335
0.5257285161340142,0.32133918463012257
0.35573015704481625,0.2724487979977357
0.296782849586394,0.24099492239711312
0.3373712608951651,0.2633537926778013
0.44749568054362415,0.2982230283111385
0.4243202285692223,0.29594738376605917
0.35861622957307365,0.276610084778172
0.4619839576838062,0.30012002983706987
0.28614588662271606,0.23644363330695448
0.2706634105848399,0.21673905059049375
