0.27324566672084,0.11287453563325657
0.2466559733184474,0.10464048227171234
0.2398725277520651,0.10437913560679524
0.2607952176708757,0.11200229113909578
0.4734774344443581,0.19098288669369787
0.5266426890708799,0.20396528227345465
0.5424636626366405,0.20675243556035178
0.49213897584104127,0.19986921777309774
0.46725220991937594,0.18836887557230836
0.4033323676344853,0.1675014333231154
0.4480041831247659,0.1826606288327441
0.3060605846482148,0.1379224355766859
0.25797584810734797,0.10777773119515463
0.4548088269585433,0.18453524668130572
0.2749415281124356,0.12615965776654228
0.3558411825806771,0.15674211781180972
0.3009659343842963,0.12655331118057367
0.3603564135358004,0.15796119110920423
0.3665816380607825,0.15974760445835628
0.5617046233421187,0.22030053777521028
0.40335356590188026,0.17421096447264325
0.45425060591714306,0.1839695400462039
0.44068371478437823,0.18166097783943622
0.5283385504624755,0.20409595560591318
0.38241674380480634,0.16340700223941423
0.45596059948700196,0.18771659785445277
0.3795973742412787,0.16205725560956113
0.3903448958105158,0.16558598005816053
0.31624281908692,0.1426272200174122
0.3100317267402011,0.13970939339805655
0.4559323351304753,0.18653835997345153
0.3948530606765074,0.1662818155535023
0.555472332728005,0.2100633711215202
0.4321973417372686,0.17634638451390336
0.3829820309353382,0.16523642889383391
0.4932836822803683,0.20100280893217565
0.4344584902593961,0.17791446450340592
0.4106881664205312,0.17586507107268104
0.5102352301071925,0.2021347666745978
0.30265472968676027,0.1343496088783818
0.3145469576953244,0.14031865781064456
0.4813985203609359,0.1949036311396729
0.33887550257558957,0.15147108226376302
0.32584563421683,0.1495523621654967
