0.36628990067663436,0.2406200658081567
0.30739085530062454,0.2243308431244107
0.37211030781556165,0.2535052877497624
0.34310479628575014,0.2292532023733344
0.5440970647001477,0.32362240203558484
0.3953147170394109,0.2610932938534878
0.25615582861169295,0.1614458105043146
0.40788216329958205,0.2701882991734223
0.3518112759529348,0.23531906354008503
0.30544106717116637,0.20917754949810866
0.3469850677117016,0.23115399032945727
0.3518402332023823,0.23533042283065947
0.25032576905628323,0.15347916138144116
0.2813100259650004,0.19781825892366933
0.23293211455487883,0.1500638013487264
0.2658178975106418,0.1830322490259408
0.5237980328375208,0.31035853707483124
0.35763168309186205,0.2394954960412872
0.43200355208926555,0.2758641580304504
0.2677580332236175,0.18341467847528026
0.3344176214515305,0.22622405822015057
0.3373326512292352,0.22698891711882951
0.3556818949624038,0.2372160650660164
0.3034816266252256,0.20348654492031457
0.3885483730852019,0.2573030772318166
0.2871014758544802,0.2019833321342971
0.36729375199081093,0.2463148568161423
0.4049671335218773,0.2645010810258196
0.4378239592281928,0.28344837770398446
0.46875995405449755,0.3039140328889326
0.45713844460960806,0.2925395965937274
0.6184496288645862,0.327420191517639
