0.16602365045011133,0.15192776344074138
0.1936576644396349,0.1521543315963108
0.38712712901100976,0.25542520211537295
0.5378124901979235,0.30695011632340674
0.47627113327687337,0.28483485391880026
0.4951224867475925,0.28793496941329905
0.3770898027038049,0.2543199916004001
0.2853423669270098,0.22776730897817762
0.22257771086226905,0.20676278314111882
0.4197798061541357,0.27731389636441
0.19993099338163797,0.15502787893524017
0.5528371130140209,0.3098181376097613
0.5038737806216869,0.295665916965534
0.11699758476835734,0.09952420687330421
0.4850851604403877,0.28682975889832624
0.5805338602929645,0.3166870209603175
0.5691791349079389,0.31623388464917856
0.38966782723252097,0.2556517702709424
0.3933690913083028,0.26271406546161885
0.516451805150403,0.29766082194506005
0.4976945516138139,0.29369311619630756
0.4976004516796838,0.29235028542061553
0.6319437909726797,0.3348069473532972
0.40466108340390833,0.2686822022424722
0.6143784699350711,0.322649631688596
0.722405194316364,0.3449969883013468
0.33298830024152315,0.23682450914838005
0.42602176845142875,0.2790767071357917
0.7097958031429379,0.3405650941363057
0.6180797340108529,0.32838567426130494
0.3946237570967034,0.26337719177060254
0.3556663843668643,0.24524068721989822
0.45365578244095234,0.2801874437033394
0.7751325240738998,0.35848608263659026
0.5968131488974625,0.3213233790706286
0.6734104952793201,0.3376915467973763
0.7035224742009347,0.33835467310636
0.49258178852608137,0.2877084012577296
0.4122518114237321,0.27112471748056216
0.5177064709388036,0.2985449903570383
0.5327938270443211,0.3029713584695045
0.35187102035695245,0.24479307696133423
0.2023775916690192,0.16341642674388404
