0.27357844036254475,0.21750390948917267
0.49191610119593443,0.30883260570766485
0.5238173376704858,0.33194876202664886
0.4928909952606635,0.31754518157825984
0.37214891748149154,0.27586037160025895
0.4532774780166215,0.2967046698043551
0.48421347284292626,0.3084615355488998
0.46777540757328606,0.3012559588945138
0.4754780359262942,0.3061707452830546
0.3412322274881517,0.2557809322948418
0.3325354002374495,0.25464121680720636
0.39918533604887985,0.283815661432558
0.34898311792357223,0.2648797240449676
0.34510284649762074,0.25881386287821706
0.3093696006795302,0.24706835642424677
0.31998725881024315,0.24820428548169066
0.5073985772338105,0.3186924699262782
0.30352023629115554,0.23189991707717877
0.45619250779432635,0.2989841007796259
0.38663719462167356,0.283058375394262
0.5759500390922867,0.3410399809163918
0.4378239592281928,0.2948076682784238
0.41853843109622496,0.28989288188988305
0.5160760996515478,0.32285375670671446
0.2407409194891941,0.1890981101926914
0.460034169554348,0.3012483860341309
0.435903128348182,0.29102502451713547
0.43588382351521704,0.2910174516567526
0.43685871757994615,0.2921571671443879
0.403036650225384,0.2883555912321422
0.2223530660900956,0.17204024218007502
0.26970782135307575,0.20614083248454187
0.29485236628990075,0.22660648766949
0.24170616113744076,0.2012146868054267
0.2784336058532254,0.22054441293293092
0.2378258897114892,0.18795460827486452
0.286145886622716,0.22356977065592323
0.2900165056321851,0.22508812916270668
0.3083850541983186,0.2417597812957921
0.3238482254032297,0.2508547866157265
0.2030192758757155,0.17089295383205666
0.2542639549811295,0.20538354644624593
0.22720823158077622,0.18530410714082865
0.6783332207218077,0.35166849046387555
0.2735591355295799,0.21030211926497816
0.30158010057817974,0.22886698649380346
0.49192575361241686,0.31640925252081586
0.27356878794606226,0.21522826494409333
