0.9467771836890978,0.25213065413143215
0.9375187661319868,0.2514690466370676
0.7049151426501497,0.2287439593172426
0.7373182267692502,0.23105954617080793
0.9344335451668084,0.2513698173259261
0.7087716688566226,0.22924010587294988
0.898173934841235,0.248028860923899
0.7330732932805539,0.23035383676038043
0.9409896397178124,0.2518549384026177
0.9271033907129339,0.25077436270565584
0.7639337669170653,0.2339153027427219
0.9031874189096497,0.24861321131173203
0.8325992160233153,0.24208573396731947
0.9305742642987594,0.25116025447120593
0.7292167670740809,0.23018845457514467
0.8136939736268699,0.23996860573603707
0.7604601386696636,0.233771892762096
0.8997165453238242,0.2482603959832291
0.8418548789188504,0.2425488040859796
0.9224755592651663,0.25035539450305855
0.9363618082700449,0.2514359702000204
0.8908437803873603,0.24740032986658156
0.7512044757741286,0.23252601363331993
0.8565124331650233,0.24344194663967428
0.7157161706898498,0.2301663248636917
0.9074295977367698,0.24880064445499922
0.792863222788764,0.23722310395428023
0.8646111381986165,0.24488628439073332
0.9317312221607014,0.2511933309082531
0.8460943030843944,0.24276923491287244
0.8993308927031768,0.24823834502519765
0.8322080540795158,0.24120353813921896
0.7643194195377125,0.23404760849091047
0.8700130295492544,0.24575737598639652
0.8580550436476124,0.24415860277569595
0.7550610019806016,0.23254806459135133
0.9240181697477555,0.25067513339451436
0.8314367488382213,0.2411594362231561
0.8082920822762317,0.2390644377033266
0.731916335418612,0.23026563292825472
0.9290316538161703,0.2508405155797501
0.8808140575889547,0.2464410344387926
0.86268287509538,0.24434603591896314
0.9251751276096974,0.2507082098315615
0.9089749628809352,0.24995839850507115
0.8842821765132044,0.2469260767620626
0.7986535214216256,0.2377965863699407
0.7404034477344285,0.2311036480868708
0.8530415595791977,0.24338681924459568
0.8221810859426865,0.24057508583532305
0.9178449731558228,0.25020095904341694
0.7461882370441376,0.23187543161797103
0.8765691241002584,0.24644095568537105
0.8187074576952849,0.24035449750158716
0.7878497387203494,0.23609850509467706
0.7400177951137811,0.23108159712883936
0.7963368510361658,0.23742164132998472
0.7500475179121867,0.2322173002208798
0.9012591558064132,0.24829347242027622
0.8113800579029862,0.23952758657540835
0.8059836758755001,0.23854639769643105
0.7905493070648805,0.23650644781825864
0.7562179598425434,0.23300010923099576
0.776665812721578,0.23603235222058275
0.7828362546519346,0.23604337769959846
0.7350043110453663,0.23046417030395916
0.8850562364160749,0.24732307276004997
0.7496618652915394,0.23204089255662833
0.741174752975723,0.23120287739801224
0.7573749177044852,0.23347420482867162
0.82449500166657,0.24064123870941737
0.9082009029780646,0.24887782280810927
0.7951798931742239,0.2372893355817961
0.8580550436476125,0.2435080995137686
0.6979706408169225,0.22781774032650076
0.893157696111244,0.24791852738032027
0.8499535839524434,0.24297879776759257
0.8649967908192636,0.2450075646599062
0.8028929455871698,0.238347781567305
0.7419460582170175,0.23158876916356236
0.9062726398748279,0.24867936418582634
0.8669278085840761,0.24501866889234344
0.8511132964759612,0.24304502939510844
0.7677902931235381,0.23488554489610503
0.7701042088474218,0.23561322651114244
0.7346186584247192,0.23037596647183342
