0.5365578244095229,0.30584490580843393
0.2564536871490856,0.1937212990644393
0.18487500392083062,0.1605539315101044
0.2350930021015652,0.1934947309088699
0.27781437219660615,0.20787351970866655
0.44741382014365927,0.2821823486828654
0.422257771086227,0.2775294124148298
0.3193438097926665,0.248788412972961
0.3820770992126973,0.26470344438856996
0.5390671559863242,0.3098236636623361
0.40343778426021765,0.271782317736971
0.6269251278190772,0.33701736838324287
0.7048085066340454,0.3547173147805329
0.6520498102317995,0.3489591679975244
0.5943351839653712,0.33569664181785036
0.5779617954267433,0.32684390559291787
0.5503277814372197,0.31468106387564176
0.6495091120102884,0.3425434209581071
0.5691791349079389,0.31866534778211886
0.5151971393620025,0.30407104293190246
0.38461779743420843,0.27089814932499273
0.2778143721966061,0.20654726709069912
0.2791317712744268,0.22114709799349033
0.3143251466390641,0.24304131829510228
0.3732630720491829,0.2565193605251961
0.2702236441767824,0.1972524466597775
0.2777830055518961,0.1988052674333144
0.297889024811016,0.22776730897817765
0.287820331859101,0.22223573035073857
0.4511150842194411,0.2910129806974984
0.4535930491515322,0.2949862124988258
0.30798908440764095,0.24126192936599603
0.48003513064207515,0.30163405374638735
0.33938709576236636,0.2562983184222015
0.4172077412879145,0.2768607600532712
0.16985038110473324,0.14530755245605406
0.17985634076722812,0.15060703687534882
0.1849377372102506,0.17360646769193364
0.44230105705592676,0.2788501389802223
0.23380696966845457,0.1749216682047513
