0.01308744794765021,0.0825840444418991
0.000594883997620464,0.04129202222094954
0.6412849494348603,0.553118378099765
0.32956573468173705,0.4841647099249756
0.7852468768590126,0.5658324265505983
0.4860202260559191,0.5221350438119237
0.5574063057703749,0.5358799610560677
0.4009518143961927,0.5036366760208465
0.2688875669244497,0.44052459767481816
0.49732302201070794,0.5312410514861691
0.5211183819155265,0.5358226905675505
0.28078524687685896,0.45656033445965294
0.2212968471148126,0.4176164022679113
0.06365258774538965,0.24780940381421454
0.19690660321237358,0.3935055266021419
0.3771564544913742,0.49676421739877435
0.3646638905413444,0.48639825897714906
0.02617489589530042,0.1319512055437833
0.29327781082688875,0.46692629288127824
0.17311124330755503,0.36143405303247234
0.4134443783462225,0.5140026344424717
0.36585365853658536,0.49223984880591026
0.24509220701963116,0.4336521390527461
0.173111243307555,0.38434224843937914
0.31707317073170727,0.4737987515033503
0.2575847709696609,0.4348548193116087
0.4497323022010708,0.5220777733234064
0.013682331945270675,0.13074852528492067
0.2325996430696014,0.4232861806311208
0.07555026769779893,0.2581180917473226
0.2688875669244497,0.4428154172155088
0.22070196311719212,0.40954126338697666
0.1124330755502677,0.3166485310119695
0.4497323022010708,0.514059904930989
0.13682331945270673,0.34419563598877495
0.20820939916716238,0.39917530496535136
0.09994051160023795,0.2879560162648187
0.1124330755502677,0.32008476032300553
0.20880428316478286,0.40725044384628595
0.19690660321237358,0.3843422484393792
0.05175490779298038,0.24322776473283317
0.03866745984533016,0.2030238817937117
0.12433075550267697,0.33382967756714965
0.0874479476502082,0.2775900578431934
0.10053539559785842,0.3006127942271347
0.0761451516954194,0.2765019185613653
0.038072575847709705,0.1525685814099994
0.12373587150505651,0.32117289960483364
0.12433075550267697,0.3303934482561136
0.148720999405116,0.3602313727736097
0.09994051160023795,0.29711929442758145
