0.3527013588745555,0.15565283003176683
0.3280113271684007,0.1487506439076629
0.33264466793932035,0.15069128572127233
0.28904388451356805,0.1375593101861802
0.49428269989890394,0.1839565734732803
0.4198324614829445,0.17016314795066667
0.336115541525146,0.1527530502972115
0.6150250261004185,0.19878678779047906
0.5725867098597602,0.1937697223177983
0.5644852501645911,0.192898630722135
0.5297710049831829,0.1928653967782448
0.3847242996961609,0.16714177293325233
0.36813297302359926,0.1586629433099008
0.405946212478066,0.16953461689334925
0.27400343230832375,0.133623214177569
0.38434140173708964,0.16654647581982515
0.4502990185140805,0.17698791946139592
0.40208417694844106,0.16896113447768887
0.588015569347228,0.19641591603499206
0.4587916401530491,0.17918222604578837
0.42060376672423905,0.1720485048623544
0.41982970682136844,0.17010794180216657
0.4067175177193606,0.16975512647366361
0.42870798108098435,0.17489323595525263
0.4530068508433397,0.17858685017893963
0.4136592648910119,0.1699866615329937
0.6558986945658792,0.19921662396524895
0.5891780365323218,0.1975847743175012
0.5795312116929875,0.1960631007064891
0.5112541698689608,0.1873635252425586
0.46419353150368714,0.17924845767330425
0.2678219717316629,0.1324211219511696
0.3704523980706351,0.16387815239117834
0.3253090041622937,0.14864031036408418
0.49621096300214046,0.18450784742406617
0.44104335561854546,0.17570896389557267
0.3160505866051826,0.14580668350362316
0.3635051415758317,0.1566011787339616
0.2697557441580515,0.13349075092253732
0.1887273738984797,0.10023672490980962
0.2821048920034929,0.13655607034917142
0.2940601232435589,0.13845245273987491
0.3341872784219095,0.1521797253883942
0.36003151332843,0.1562923865681
0.5043096680357335,0.18670191774819403
0.3677445657413759,0.15675545668676014
0.3411317802551368,0.15498027581180804
0.46497310072970993,0.18355965622871448
0.3318678533748737,0.14911448471518157
0.27592894074998425,0.13554156877288231
0.32377190300285663,0.14813329583620427
0.2921318601403225,0.13755938893960176
0.30410086468826875,0.1452004396646018
0.22036466209943775,0.10622395378245203
0.22615496073229926,0.11577217611690663
0.24891672933521755,0.12105361682570003
0.22114147666388448,0.11422860905470616
0.24892223865836963,0.12718394066528216
0.2419749821635663,0.12016055302542689
0.21572305734379005,0.10368769984172926
0.26011167398029317,0.1292127863110173
0.29676244624966597,0.1417822261560432
0.2670534211519444,0.13078942981026492
0.31836725699064244,0.14772519560577962
0.22770583519961657,0.11998414536117541
0.27785720385322066,0.13579515479024387
