0.41225461035098154,0.46349006357024225
0.35217132659131467,0.4577057442299982
0.4134443783462225,0.5140026344424717
0.07555026769779893,0.2581180917473226
0.02617489589530042,0.13424202508447397
0.2331945270672219,0.41074394364583927
0.013682331945270673,0.11585819827043126
0.07495538370017847,0.22484393791879045
0.3408685306365259,0.45661760494817016
0.32956573468173705,0.45209323635530607
0.25698988697204045,0.42677968043067405
0.17311124330755503,0.36143405303247234
0.13622843545508628,0.34986541435198437
0.09934562760261749,0.2707175992211213
0.074360499702558,0.19844224271233035
0.07495538370017846,0.21338984021533705
0.2093991671624033,0.3924173873203138
0.20880428316478286,0.3889238875207605
0.2575847709696609,0.4348548193116087
0.12373587150505651,0.29253765534620013
0.12433075550267697,0.33382967756714965
