0.4815038248475984,0.14294029521980123
0.39702937295638546,0.12990770650269368
0.45758509838273825,0.13838653612604518
0.47610193349696034,0.1413856239251635
0.4259533195049323,0.13013924156202372
0.3461094537230629,0.11739339405274637
0.4950071758934057,0.14584015370777806
0.4491034953900739,0.13516717500687714
0.4433159514187885,0.1334801979640508
0.4757217901994651,0.14098886418744075
0.5590475482134643,0.16064800205325924
0.5412937543558087,0.15331566474069924
0.5189286570198419,0.15291882624955494
0.6030174562904076,0.16209249731116132
0.4927042788158262,0.14373460222946213
0.5177634351731718,0.15166168538149855
0.4764958501023357,0.14276404506239287
0.5482520294969162,0.15450688899492604
0.3823690640486363,0.12384353553720584
0.45142292043710974,0.13686525628214077
0.45566509926422993,0.13816626280599548
0.49770949889951266,0.14843122002989326
0.49347282939554465,0.1446055363182823
0.46414945691847026,0.1396106005570545
0.5046567553943161,0.15081288100413134
0.3742620950303151,0.12340228011631252
0.42711578669002626,0.13311627840311058
0.30559664592406505,0.10996166992220187
