0.07555026769779893,0.276444648072848
0.11183819155264724,0.3165912605234522
0.1124330755502677,0.3200847603230056
0.1969066032123736,0.3935055266021419
0.14872099940511602,0.3602313727736097
0.173111243307555,0.38434224843937914
0.26888756692444976,0.44281541721550877
0.2212968471148126,0.4176164022679113
0.32956573468173705,0.4841647099249756
0.29327781082688875,0.46692629288127824
0.2575847709696609,0.4348548193116087
0.28078524687685896,0.4565603344596529
0.31707317073170727,0.47379875150335027
0.24509220701963116,0.4336521390527461
0.2325996430696014,0.4232861806311207
0.12433075550267697,0.33382967756714965
0.19690660321237358,0.39121470706145123
0.20880428316478286,0.407250443846286
0.2688875669244497,0.4405245976748181
0.16061867935752527,0.37397629001775384
0.13622843545508628,0.34986541435198437
0.2082093991671624,0.3991753049653513
0.3646638905413444,0.486398258977149
0.4009518143961927,0.5036366760208464
0.09994051160023795,0.30971880190138024
0.22070196311719215,0.4095412633869766
0.43723973825104107,0.5059847660500544
0.013682331945270673,0.11585819827043126
0.038667459845330154,0.18126109615715022
0.06305770374776919,0.24202508447397056
0.08804283164782867,0.2902468358055094
0.0511600237953599,0.22255311837809977
0.0761451516954194,0.2765019185613653
0.06365258774538965,0.26613596013973995
0.05056513979773944,0.200733062253021
0.014277215942891138,0.1571502204913808
