0.5025820214090597,0.3474731258117159
0.5363944363471395,0.3569505605809898
0.5479869885425817,0.35846891908777323
0.4021196706595497,0.3209378230298257
0.3441569096823391,0.29706438067254576
0.22341483190316688,0.23531149067970206
0.20893620717946734,0.23076777444992633
0.3586548392390035,0.3019943127818524
0.3557591142942636,0.30199431278185235
0.49101842646306515,0.3467234126338029
0.4320807714211253,0.32928311517184705
0.3538382834142528,0.2978330260014161
0.22825069256088257,0.2356939201290415
0.23790310904334894,0.24137356541626115
0.24756517794229785,0.2493288552485602
0.3886159400005792,0.3141260351153536
0.3268018648468644,0.291013665226561
0.26884875628613625,0.26260029306969684
0.5769635428229457,0.3664279953502637
0.44268877713535587,0.3315511868565435
0.5190104342622175,0.35164577188272655
0.4533353925155163,0.33951404954922554
0.369282149786199,0.3057845294035237
0.4659028387756875,0.3425507665627922
0.36155056418374343,0.3042661708967403
0.4040598063725254,0.32207753851746107
0.2195731701431453,0.23456177750178905
0.23983359233984225,0.24175220843540915
0.23114641750562248,0.2387230642822253
0.4108454551596993,0.32322482686547943
0.31713014353143315,0.2811613738683306
0.2862231059545758,0.27168772552924825
0.31616490188318647,0.2807827308491827
0.2533855850812251,0.25199071567317044
0.2437138637657938,0.24441028242982796
0.18570284070617074,0.19552746865782406
0.20309649520757522,0.21181669134157002
0.2562620051930001,0.25349771488937944
0.34322062528353975,0.2936679527907884
0.5209312651422283,0.35391384356742295
0.5489522301908283,0.361876706260105
0.47941622185114047,0.346337196754272
0.5064429880020462,0.3501236269457518
0.2601229717859866,0.25463364394682336
0.18085732763197265,0.17658774484004222
0.39633787318655234,0.3205629664408692
0.43498614878234765,0.3292869016020386
0.44368297603304985,0.3338344042620058
0.2948909759558305,0.27319472474545725
0.32102006737386707,0.2895028795801606
0.37604849374040794,0.31298253319752667
0.37219717956390386,0.30957853245538636
0.394407389890059,0.3190483943642773
0.4311058773563962,0.32852204270335966
0.4127566336232276,0.3277609702348722
0.24369455893282876,0.244402709569445
0.24755552552581533,0.24591728164603685
0.2823621393615892,0.2682799383569165
0.29493923803824285,0.2800292312410782
0.27850117276860265,0.2675226523186205
0.18280711576143086,0.19060510940890035
0.27077923958262956,0.26411486514628874
0.260151929035434,0.25994600550546954
0.2775262787038736,0.2656256507926892
0.18862752290035809,0.20197575927391412
0.25434117431298925,0.25236557226212697
0.188646827733323,0.21107076459384855
0.20312545245702257,0.22432327026402776
0.2195538653101804,0.23228234652651822
0.25530641596123593,0.2531228583004229
0.2292255866256117,0.23683363561667692
0.3432302777000222,0.29594359733586767
0.23308655321859828,0.23948413675071278
0.4523798032837521,0.3338381906921973
0.3934614530747773,0.3156481800523284
0.3422457312188106,0.291392308245709
0.4716942886651674,0.34557991071597605
