0.29190014202839154,0.11679473560701302
0.49946651027056055,0.1785678311656987
0.33036793126108494,0.12955934229933885
0.4926759986150465,0.17438574005480656
0.5288755732364807,0.1915491378010183
0.3954183478070392,0.1514721712082002
0.3490365387468997,0.13417755565731138
0.3637198719624649,0.13731262669187935
0.6204732866500379,0.20261444669916442
0.6187844913475739,0.2018745089541179
0.615950989605783,0.20065434671228619
0.5882519202097215,0.19804088006311524
0.5916436429929127,0.19873780450289416
0.3925636477978533,0.14850806445026546
0.36372693805159656,0.13822788449130777
0.3942665752785806,0.14929264891723532
0.4559323351304754,0.17124958007580143
0.4966542067961645,0.1784382467776773
0.47120215374396734,0.17125012454802
0.43444435808113285,0.16872268450938427
0.557161128030469,0.19760530228825343
0.5073805300980067,0.1833156289116926
0.5497982631552915,0.1956876711344242
0.5079528833176702,0.18758483557755706
0.47684795896015436,0.17242564006792835
0.501162371662156,0.1793954289379361
0.36825630118498315,0.13953516228811183
0.2709633199313176,0.1062085622612149
0.2794567590675589,0.11017340895689468
0.3207368517746483,0.12088971116293278
0.30716289455275186,0.11971310669858726
0.3546752778739551,0.1359623355898077
0.3405289674323952,0.1333042222187134
0.41405869093632747,0.1602697533159719
0.3704962514397157,0.14249545774051653
0.36936567717865193,0.13962064442642846
0.3795479116173571,0.14815851328593885
0.4010429547558313,0.15678404217264014
0.4949300810480423,0.1761710644595215
0.4808191010521406,0.17416904011181286
0.3196133436027162,0.12071602452520662
