0.4842461542809901,0.2035297044985928
0.21273874548653557,0.10385644227696104
0.2274432769694957,0.10472814229890326
0.6165798715384995,0.23685576005327116
0.5436225012542306,0.22335012667146162
0.5945266073586251,0.23467732670674343
0.34284664466757586,0.16192603780488404
0.35528296153927685,0.16218738446980113
0.3343602716204663,0.15382374672023547
0.33549084588152994,0.15613230892700317
0.35811646328106783,0.16257994893939534
0.3648999088474502,0.16419158670638412
0.3151334430932512,0.15242935336845906
0.3332296973594025,0.15286547561553945
0.4915948869779044,0.2085388489095038
0.4774556426254761,0.20331137113894332
0.4644399064449799,0.20060969999036285
0.6606863998982483,0.23855560231966946
0.6623822612898439,0.23899118009453127
0.6646434098119713,0.24225801340599498
0.7014012054748058,0.24992527118800026
0.6815949576387956,0.24635190001747756
0.7059305686081925,0.25066629787748396
0.6669045583340988,0.24535061560751395
0.7013941393856741,0.24792106895141727
0.5662481186537687,0.23184498222570443
0.4859420156725857,0.20422662893837176
0.5911278184863025,0.23328293335496703
0.3914754700715795,0.17451532444282797
0.4474742264398923,0.19407548889521684
0.44464779078723293,0.19390125778527215
0.41128171790758966,0.18645178889069774
0.39318546364143836,0.17760901558878409
0.4208915991266313,0.18771496443779703
0.4350308434790596,0.19241974887852334
0.39488839112216556,0.18100706670492492
0.5057270652412009,0.21550809330729304
0.5243956727270158,0.2187760155631939
0.5289250358604023,0.21956060003016376
0.5351431942962528,0.22247897112173798
0.5051617781106691,0.2142884755376799
0.5147787254188424,0.21738162221141746
0.5164816528995696,0.2174257244611222
0.5232580323768203,0.2180785466511964
0.5521088743013403,0.2279242377797294
0.4949866097610955,0.21154433555605043
0.4887613852361134,0.20818984221739578
0.5351361282071212,0.21986496000034847
0.5481518643876173,0.22448317335832094
0.27044749542470725,0.1336973311605262
0.29363839995477703,0.14040631783783547
0.3043859215240141,0.1458080267183407
0.26649048551098425,0.1293851111893941
0.2840285187357353,0.13879468007084672
0.24669130376410567,0.12598651560103472
0.27498392464722554,0.1365732334190514
0.2987259841295638,0.14166949338493479
0.22972562375901812,0.11696951118917634
0.24273429385038262,0.12132583341001317
0.24952480550589665,0.1262484067381704
0.26987514220504377,0.13008149115695444
0.25744589142247437,0.128644628972129
0.47010690992856186,0.20200463781435785
0.3660446152867772,0.17042143783134536
0.4864931706248543,0.208145739967691
0.4503077281816833,0.19864960000348464
0.4633163982730478,0.20047957113012288
0.43446555634852774,0.19228907554606478
0.4452060118286332,0.19407494442299825
0.44068371478437823,0.19385715553556734
0.43220440782640035,0.19015474444924182
0.3722557076334961,0.1734263800056734
0.4305085464348047,0.18797685557493268
0.3654651959779821,0.16619524447074852
0.39940362207728886,0.18348931554941875
0.4582217480091294,0.20004344888304249
0.4067664869524664,0.18444867559855188
0.48649317062485425,0.20557583109600625
0.4485977346118244,0.19442340664288774
