0.2728051545227412,0.10523142441077282
0.2731963164665405,0.10552926985104027
0.256610499117131,0.101769502753259
0.3052192572881458,0.11784512367870464
0.31255216640359645,0.12437236476285259
0.33106900151781854,0.12802195582389822
0.3214249313400602,0.12664369219351196
0.3179540577542346,0.1264011316551662
0.49580051842730866,0.16609458868702376
0.3071502750529583,0.12337999289801645
0.32721522997292174,0.12671000257444937
0.24580671641585475,0.09630070765461994
0.563320028317921,0.17804707422769867
0.5042958947278533,0.17095713994664144
0.5417152175769446,0.17438637893421577
0.5108547439404332,0.1713541359446288
0.5486569647485959,0.17716479964617668
0.5293688243930792,0.17381289651855542
0.30714201106823025,0.11867187709804038
0.46339743430820807,0.1599090586989415
0.3924153148164983,0.14770322340116973
0.34688902294908563,0.1345272247034363
0.3499742439142639,0.13569592547910236
0.4024450376149039,0.15074633436292936
0.3758239881439366,0.14232255338123487
0.4198076695287601,0.15685468599790156
0.38084298153550356,0.14535471761740032
0.347277430231309,0.1348801187853608
0.3407158263571529,0.1331710120310815
0.3874018307480835,0.14651247166747222
0.3781489225141246,0.14531077320818053
0.3549987466289829,0.13749339357235052
0.2870935841177232,0.11255289375116014
0.35345062682324163,0.13706324238389445
0.34650337032843836,0.13402005266871328
0.40245054693805593,0.15130879129957403
0.6277267706275946,0.1862721603268456
0.5995658653356143,0.18223659874682832
0.6173141498701178,0.18519166338330526
0.6446982405976515,0.18651479961861295
0.6126863184223503,0.18438680341515787
0.23345481390883724,0.09395196561058593
0.2612328212417463,0.10508801443014694
0.2917159062423386,0.11753625275942145
0.2766644353907901,0.11034732542748736
0.5231928731395705,0.17153046485545873
0.49425790794471947,0.1652235758447821
0.46030945868145373,0.15889463587607397
0.25738455902000157,0.10348955623313251
0.24117337564493518,0.09492236527081215
0.2724250112252459,0.10522055643860019
0.21995697218618207,0.08798718146308264
0.3638715115654466,0.14109880396391172
0.3480514901341796,0.13537634409448962
0.3596210687535982,0.13811066289038762
0.39164676423677974,0.1474166397001826
0.3993625713113016,0.1489492600367889
0.36116918855933955,0.13975361677057263
0.36772528311034347,0.14211306927993622
0.40244503761490386,0.1494673787971061
0.4371675467810402,0.15699817473194896
0.4572325017010035,0.15763796752854675
0.4780660072006854,0.16430861859332058
0.46494555411394933,0.16187175147058233
0.5432550733979576,0.17487142125748584
0.5478829048457252,0.17623858065543485
0.4660970026527392,0.1619928742329122
0.5285947644902086,0.17154156908789597
0.5000454519160049,0.16704285863579704
0.4977315361921212,0.16655773755910547
0.5652400274364293,0.1808583351164421
0.4877018133937156,0.1651133210546249
0.24464149456918471,0.09564996813242797
0.33801625801262186,0.13160539401084956
0.41055200663322505,0.15362422064629627
