0.6138625589153245,0.2004184011779622
0.60653240446145,0.19969064080950327
0.5687329383148635,0.19631668672385058
0.56834453103264,0.19589763976783178
0.5884012219678753,0.19798153405522395
0.5911007903124064,0.19858793540108843
0.5405747876844591,0.19250171347756917
0.5513785703857353,0.19426594762692712
0.2840193817988491,0.12931193686873718
0.2998421578916923,0.13747110635405446
0.26164326581657815,0.12433920957238388
0.2925092487762416,0.13203538769246256
0.29328606334068835,0.13236630956977719
0.49967908192638993,0.18644825297741097
0.424457538269136,0.17545529912478963
0.3719894992300721,0.16235647878016624
0.3939827172532719,0.16761594728434975
0.33341597318061494,0.1536130376604375
0.3503901978122478,0.1571854503683731
0.3094889827310266,0.14004020047155977
0.3283969797890481,0.15016190522167475
0.49890502202351933,0.18541177919651197
0.5135680855928446,0.1908696275695568
0.5008360397883318,0.1876500301901242
0.4823247139972619,0.1844857177126132
0.4792339837089315,0.1831514772448683
0.4873326887425246,0.184606840474943
0.502381404932497,0.18873060588708604
0.42175796992460485,0.1746283881986108
0.4344872610675416,0.17706509781450597
0.4155847733326722,0.1720703983135428
0.40208693161001713,0.17150809888374116
0.4144278154707304,0.1716624555899612
0.4680500577101601,0.18284276383242817
0.45956294539434367,0.18273243028884947
0.44760771415427764,0.18081399694011457
0.41944680886229724,0.17218081061054302
0.43718682941207265,0.1779030342197005
0.37778255252450965,0.16470514207077872
0.3499990358684484,0.15557557292523524
0.3847242996961609,0.16640306583919923
0.3503874431506717,0.15673332697530712
0.3307136501745079,0.1519591370546583
0.39706793821845027,0.1689059283291887
0.3102685519570494,0.14694238659566367
0.3696783381677644,0.16122093319496886
0.36003426799000604,0.16086803911304431
0.3345729310425568,0.1542304644853177
0.33958916977254766,0.1546605369203522
0.35039019781224784,0.1575051892598289
0.34923048528872985,0.15525591278720097
0.3156731979692636,0.15013993301706485
0.3299423449332133,0.15109914969143232
0.38433864707551363,0.16490360069306162
0.3523212155770603,0.15932447205084385
0.3469165695648462,0.15469361335739937
0.30987739001325,0.14368971277918385
