0.008894802229072147,0.017189430566297743
0.011985532517402572,0.02036492602966752
0.0015618931136215262,0.013054718428560529
0.9332765873048666,0.25213057537801065
0.0007878332107508932,0.010673136207743968
0.043250941405593615,0.03672752442320798
0.028585123174692372,0.029880386940761124
0.9197759909206354,0.25210844566655766
0.9105175733635243,0.25144683817219304
0.8437858966836627,0.24508474301301625
0.15285066153197746,0.09449213532893455
0.7026012269262658,0.23014419515223875
0.8260376121491592,0.24392683145610122
0.9008735031857661,0.24981498852444528
0.16095487588872265,0.09745814669100569
0.8487993807520774,0.24577934819100647
0.8221810859426862,0.24337555750531534
0.8055925139317007,0.24156722143989456
0.031675853463022804,0.035128672459085825
0.8318224014588685,0.24440092705377708
0.7033752868291365,0.2302214522587703
0.704146592070431,0.23028760513286461
0.6860154095768562,0.2279610715537051
0.7053035499323729,0.23054119115022612
0.7242060376672422,0.23271336802316558
0.7215064693227112,0.23215106859336399
0.7118596444833768,0.23111451605904343
0.6971993355756277,0.22941643478377985
0.6783023571639104,0.22663801407181897
0.6786852551229817,0.22677024106658605
0.6790681530820529,0.22678118779218023
0.7785913211632381,0.23893197444829495
0.6875580200594456,0.22804927538583084
0.6856297569562091,0.22787286772157936
0.898173934841235,0.2494621731959423
0.7515901283947757,0.23569032611083088
0.6875580200594454,0.22819260661303517
0.21072610124483152,0.11575004640545365
0.773192184474176,0.23800583421097468
0.673669016392991,0.22625196479942578
0.7496618652915392,0.23566827515279945
0.6887149779213875,0.2282146575710666
0.7770487106806491,0.23881069417912207
0.2817192393828456,0.13861783492511065
0.6775255425994638,0.22659375464891304
0.022018009977384227,0.024764249663781955
0.29020910636023806,0.1440425281076869
0.7095457287594931,0.23076170073054048
0.7546753493599541,0.2359549376072081
0.7554466546012486,0.23650621155799398
0.6941141146104495,0.22898644110216684
0.7323047427008353,0.23361745730245442
0.16481140209519557,0.09809762447391732
0.8754149208998927,0.24877843599012472
0.6663416166006925,0.22516044237686972
0.006195233884541117,0.016274315807993177
0.5942080485701929,0.21346193662066398
0.6694268375658707,0.22568966536962418
0.6813875781290888,0.22716723706457342
0.6833130865707492,0.22756407555571773
0.7164874759311443,0.23161066261475075
0.6686555323245762,0.22562351249552987
0.10191145966762258,0.0670487730177547
0.6613281325322777,0.22449891363592667
0.04556485712947736,0.03773084301363829
0.7110883392420824,0.23101528674790198
0.20108478572864927,0.11204548545617253
0.7072318130356092,0.23071759881447762
0.6898719357833293,0.22851234550449098
0.7288338691150097,0.2333418203270615
0.6701981428071654,0.22584402207584423
0.6609424799116304,0.22437763336675376
0.550618283790745,0.2054460983625511
0.059839513416579206,0.04372886110503179
0.6451252131419395,0.22218340553578286
0.7049178973117257,0.23045298731810038
0.7218866126202063,0.23231629327175665
0.6659559639800452,0.225149416897854
0.6821588833703833,0.2274649249979978
0.6663416166006925,0.22529274812505834
0.6891006305420347,0.2282256830500823
0.7110883392420823,0.23088298099971336
0.05868255555463734,0.042251446916925624
0.45147801366863083,0.18575380530626392
0.6416543395561137,0.22166520802204412
0.7126309497246713,0.23144528042951495
0.6647990061181033,0.22507223854474398
0.7014470237259,0.22972530570306302
0.6840871464736198,0.22764133266224928
0.6721264059104018,0.22616376096730004
0.41019665528991434,0.17664628711875185
0.6215948939593026,0.21822510106229712
0.6933428093691548,0.22892028822807256
0.6717407532897545,0.22587709851289137
0.6593998694290413,0.22417917474447085
0.6894862831626818,0.22836901427728667
0.679070907743629,0.22708997995804187
0.07490751223758409,0.0615027208125841
0.612724883684415,0.21687999262237953
0.6655703113593979,0.2251383914188383
0.5378862379862324,0.20322981957354874
0.6474391288658231,0.22250314442723867
0.6914145462659185,0.22874388056382106
0.0610074899248253,0.05046574379732146
0.21304552629186732,0.11649993648536557
0.6154244520289459,0.2173430627410397
0.6894862831626819,0.22842414167236524
0.749276212670892,0.23458777820925913
0.3075689836125183,0.14849697913687993
0.6636420482561615,0.22481865252738248
0.6501386972103542,0.22297724002491454
0.3056407205092818,0.14813313832936123
0.6501386972103542,0.22297724002491454
0.5845612237308585,0.21169770247130607
0.29869897333763057,0.1477472465638111
0.45687715035769294,0.1871319901832286
0.5961363116734294,0.2140132105714499
0.2226923511312017,0.12074490341325994
0.458419760840282,0.18715404114126005
0.5834042658689166,0.21135591262181883
0.04788428217651321,0.040663777938662264
0.35077860509447123,0.16133110923170457
0.6455108657625866,0.22218340553578286
0.6952710724723914,0.22924002711952834
0.3172158084518526,0.15247733456839707
0.6682698797039289,0.22548018126832553
0.37239167982017574,0.1673625187738314
0.5942025392470408,0.21334049884464804
0.5753055608353236,0.21050695073760856
0.17175865858999886,0.10218823469559166
0.24082353362477651,0.12642318261319765
0.6451252131419394,0.22217238005676715
0.7550610019806013,0.23609826883441243
0.574534255594029,0.21030849211532565
0.6520669603135906,0.22329697891637035
0.5529321995146287,0.2059642958762898
0.6281509885103065,0.21962533689729327
0.17098735334870432,0.1015267059546486
0.7025984722646897,0.22984642846539283
0.6493673919690597,0.22274570496558446
0.6169670625115351,0.21751947040529115
0.6894862831626819,0.22836901427728665
0.6478247814864705,0.22265750113345872
0.6509100024516488,0.22304339289900885
0.5517752416526869,0.2058871175231798
0.4059544764627942,0.17557681565422725
0.09149608424856967,0.06649742031354729
0.5899658697430727,0.21282245883775236
0.6169670625115351,0.2177840819016684
0.6204379360973608,0.21815894818820283
0.6192809782354189,0.21803766791902993
0.6370265081083463,0.22087137353291245
0.33611829618672195,0.15687665820251154
0.718801391655028,0.2321509110865209
0.7758917528187071,0.23835864953947764
0.14783166814041063,0.08961871609714424
0.5533178521352761,0.206151729019557
0.1663595219009368,0.10150465499661716
0.1022998669498459,0.07101802421683463
0.7766630580600017,0.23874454130502776
0.6435826026593502,0.2219518704764528
0.774349142336118,0.23803891064802182
0.46382440685249615,0.187628294245779
0.6528382655548852,0.2234513356225904
0.8750292682792454,0.24734512371808143
0.6601711746703358,0.2242784040556123
0.6732833637723437,0.22618581192533146
0.455720192495751,0.1860735441977197
0.7527470862567176,0.23594391212819238
0.24429440721060214,0.12662164123548056
0.5498469785494503,0.20520353782420528
0.6401117290735248,0.22124623981944685
0.6370265081083464,0.22070599134767668
0.6354838976257572,0.22061778751555094
0.7230435704821482,0.2324044971038824
0.6574660970026527,0.2237600490350305
0.623523157062539,0.21880945145013014
0.6586285641877467,0.2240248180382508
0.6254514201657756,0.2188645788452087
0.6011497957418441,0.21477396862353437
0.6582429115670992,0.2239035377690779
0.3669870338079616,0.166281864323448
0.6971993355756279,0.2292620780775598
0.6443539079006448,0.22210622718267284
0.6123392310637676,0.21669255947911237
0.1069332077207655,0.07314609917371122
0.5872607920753895,0.2121387216319348
0.5822473080069748,0.21124565783166166
0.3152875453486162,0.1514409395409196
0.5791620870417964,0.210958995377253
0.3542549880034489,0.1638340504751156
0.23272482859118337,0.12528755827457871
0.4757796380925622,0.19107926917769866
0.5741486029733817,0.2101320844510742
0.3889802518311613,0.17113339010404993
0.2520184782698522,0.1319472626137584
0.6755972794962274,0.2265717036908816
0.292528531407274,0.1449467748938188
0.618124020373477,0.21790536217084128
0.5567887257211015,0.2063722385998714
0.5054803992055555,0.19717651658023355
0.43488393233449313,0.18165201209873078
0.5884232592604836,0.21228221036598224
0.5290107183881925,0.2013884070710808
0.23195352334988878,0.12411885749891265
0.6354838976257572,0.22048548176736232
0.6674985744626343,0.22536992647816836
0.8750292682792454,0.24745537850823862
0.8742579630379509,0.24721281796989283
0.6740546690136383,0.22635119411056723
0.47192311188608926,0.19082568316033713
0.5162841819068319,0.199194336746953
0.5571743783417489,0.20675813036542148
0.24468556915440148,0.12848510469597993
0.6555378338994163,0.2237049216399519
0.26166530310918656,0.13614812762558995
0.43257001661060934,0.1815527827875893
0.6266083780277174,0.21921739417371172
0.5425140694339997,0.20394647570957036
0.6100198060167317,0.21641676499687632
0.6567003010845102,0.223705079146795
0.3330330752215437,0.15653486835302427
0.1320116467091436,0.08133834509607564
0.6752116268755801,0.22642837246367725
0.5741486029733817,0.20981234555961836
0.6389547712115827,0.22119111242436826
0.21343117891251465,0.11769068821906305
0.6381834659702882,0.22095957736503818
0.5486900206875086,0.20515943590814248
0.21265987367122005,0.11588250966048536
0.20301304883188573,0.1137875111406559
0.5340297117797594,0.2025682908326057
0.636640855487699,0.22063983847358237
0.3268626332911869,0.1530618424630732
0.6485960867277651,0.22272365400755303
0.4476214874621579,0.18439767138733063
0.023566129783125497,0.027675133630774507
0.5587169888243381,0.20721017500506592
0.570672220064404,0.2092057867069108
0.6377978133496408,0.22093752640700676
0.5915084802256617,0.21305399389708246
0.6424256447974083,0.22173136089613843
0.4383603152434708,0.18340522076907295
0.6370209987851941,0.22066173192477073
0.3612022444982522,0.1650470106736876
0.6026924062244333,0.21493935080877016
0.585332528972153,0.21195128848866762
0.2446855691544015,0.1281984422415713
0.4499354031860417,0.18519150587646233
0.6316218620961321,0.2203309675542992
0.5228402764578359,0.19995509479903753
0.01699901658581735,0.02161080515844362
0.6516813076929433,0.2231977496052289
0.47076615402414745,0.1901751798984098
0.4711518066447947,0.19027440920955124
0.6574716063258047,0.2238373848949836
0.5976789221560185,0.21448730616912573
0.6748259742549328,0.22641734698466154
0.26860705028083776,0.13852963109298494
0.6590142168083939,0.22405789447529795
0.3812616900950634,0.16891711131504758
0.6628707430148668,0.22475249965328817
0.047878772853361104,0.038546728460801385
0.22539191947573275,0.12158283981845448
0.28403866442988146,0.14106564877344308
0.5031664834816719,0.19657011523436907
0.6713551006691072,0.22586607303387565
0.5143559188035954,0.1990069036036858
0.5355723222623485,0.2027005965807943
0.7072318130356093,0.23056324210825757
0.6127193743612628,0.2167144529303007
0.3993983819117902,0.17445221679462403
0.7114739918627295,0.2310814396219963
0.5830186132482693,0.21130078522674026
0.5710633820082034,0.20938235187800538
0.11426336217464007,0.07431487870279883
0.5417427641927052,0.2037039151712246
0.5321014486765229,0.20224855194114988
0.6119535784431203,0.21662640660501806
0.21420799347696137,0.12055747026999274
0.5405858063307633,0.20327392148961165
0.6636420482561615,0.22481865252738248
0.3955363463821653,0.17338258782325636
0.5699064241462616,0.20910671490261246
0.5020095256197301,0.19648191140224336
0.24584252701634332,0.12911355699987587
0.3199153767963837,0.15253246196347567
0.33650945813052136,0.1594126758829697
0.6343214304406632,0.22047429878150354
0.5448279851578834,0.20403467954169613
0.7006702091614533,0.22967002080114135
0.46613832257638,0.18891827529061797
0.6262227254070701,0.21919534321568027
0.6080915429134952,0.216119077063452
0.4915969048622532,0.1945193761374456
0.578390781800502,0.21056207813268715
0.5610309045482217,0.20794888209911902
0.3473077315086455,0.16014035749800704
0.4815699367254237,0.1923804332083964
0.4669096278176745,0.18944749828337243
0.5417427641927053,0.20380314448236606
0.4896686417590168,0.19432091751516276
0.48619776817319116,0.19361528685815677
0.5706777293875561,0.20929414804587965
0.5841755711102113,0.21167565151327464
0.40479751860085234,0.17450734418970262
0.6169670625115351,0.2174533175311969
0.24507122177504878,0.12849613017499567
0.6462821710038813,0.22242596607412865
0.3272482859118343,0.15452823117216366
0.5691296095818148,0.20884194589939215
0.6428112974180558,0.22185264116531134
0.17947171100294468,0.1036435979256664
0.6536095707961798,0.2235174884966847
0.5212976659752466,0.199701508781676
0.4657471606325806,0.18774941700810877
0.6620994377735723,0.22459814294706812
0.12005090614592547,0.07873617454152318
0.4684522383002637,0.18964595690565533
0.41791521702601236,0.17916025384117856
0.20494131193512222,0.11452621823470899
0.5907371749843673,0.21298784102298812
0.35502629324474344,0.1643412225098386
0.7168731285517915,0.2316547645308136
0.39013720969310317,0.17162953665975716
0.5625735150308109,0.20812528976337052
0.6080915429134953,0.21592061844116905
0.6026924062244332,0.21521498778416312
0.6933428093691548,0.22892028822807253
0.5664355505604359,0.2088310779272195
0.6586285641877465,0.2239145632480936
0.38357560581894723,0.17113323259720684
0.5602595993069271,0.2074306845853803
0.5996071852592549,0.21471884122845583
0.34615077364670366,0.15978754216950408
0.5895802171224254,0.2126129747364537
0.30795463623316555,0.14890492186046148
0.6293079463722484,0.21966943881335613
0.5452136377785307,0.20444262226527768
0.3951506937615179,0.17284233935148618
0.556017420479807,0.20627300928872994
0.4858121155525439,0.19344990467292097
0.6786825004614057,0.2266488820439916
0.6204379360973608,0.21803766791902993
0.14320383669264314,0.0867190151160105
0.6158101046495932,0.2173981901361183
0.44723583484151064,0.18433151851323631
0.7496618652915393,0.2355139184465794
0.4657526699557326,0.18870879118931935
0.13239729932979086,0.08225345985438019
0.41289622363444545,0.1777157585832765
0.3095027560389068,0.15058095217769363
0.5949793538114874,0.21394705769735559
0.43874596786411807,0.18347137364316726
0.5274736172287554,0.201344462661861
0.6215948939593026,0.2184125342055643
0.5787764344211492,0.21091489346119013
0.3048694152679872,0.14787955231199973
0.4352750942782925,0.18168524604262098
0.46459020277063867,0.18767223865499877
0.6308505568548376,0.2198127700405605
0.6107966205811785,0.21660435564698663
0.17291561645194076,0.10229848948574884
0.669812490186518,0.2257006908486399
0.5961363116734293,0.21409038892455992
0.320301029417031,0.15265374223264855
0.5409714589514105,0.20339520175878453
0.4449219191176268,0.1840779324958748
0.6034637114657277,0.215413446406446
0.35116976703827063,0.16150767440279915
0.5822473080069749,0.21113540304150447
0.6362496935438996,0.2206396809667393
0.6138818415463569,0.21726588438792965
0.6266083780277174,0.21953713306516753
0.5232314384016351,0.2007490867950123
0.5726059924907925,0.2097902946015869
0.11194669178918028,0.0735650673763085
0.48658342079383843,0.1941334843718955
0.37046341671693933,0.1670979072774542
0.605006321948317,0.21563395598676038
0.3747055955440595,0.1676050793121772
0.2562606570969723,0.1320244409668684
0.17947722032609675,0.10557321426026009
0.3947650411408706,0.17259977881314037
0.5537035047559232,0.20619583093561986
0.6462821710038813,0.22228263484692432
0.2898234537395909,0.1435574070309953
0.46073367656416575,0.1874407035956687
0.5197550554926575,0.1992604896210473
0.2350387443150671,0.12545294045981448
0.2257830814195322,0.1228509274121051
0.3754769007853541,0.16836583736426172
0.6227518518212444,0.2185117635167058
0.4217717432324853,0.1804943368020804
0.18063417818803867,0.1059039786307316
0.5976789221560186,0.21410141440357564
0.25664630971761965,0.13231110342127708
0.47346572236867845,0.19107926917769863
0.0691117042815705,0.05226305438372651
0.6987419460582169,0.22949361313688987
0.082626073973682,0.06505308256248828
0.46652397519702726,0.18902853008077514
0.500472424460293,0.19638283959794503
0.6404973816941718,0.22141162200468262
0.3824186479570053,0.16988735346843076
0.602306753603786,0.21485114697664442
0.49391632990928913,0.19520311334326326
0.4051776618983476,0.1748489765323468
0.6250657675451283,0.21882047692914586
0.496610388930668,0.1959526884094889
0.4765564526570089,0.19171890446745335
0.6223661992005972,0.21850073803769007
0.5305533288707817,0.20177429883663092
0.7670217425438194,0.237719171756566
0.41405318149638726,0.17841036376126673
0.505871561149355,0.19834537486274273
0.3330330752215437,0.15507950512294955
0.5664300412372839,0.20815836620041764
0.010057269414166124,0.020089289054274578
0.6084771955341426,0.21613010254246767
0.54675624826112,0.2046521063665763
0.436040890196435,0.18226943892361094
0.39128865823189307,0.17175065942208703
0.5475275535024146,0.20479543759378063
0.552160894273334,0.20594224491825838
0.1821767886706278,0.10714985775950771
0.6381834659702882,0.2210918831132268
0.5760768660766181,0.2105179762166243
0.5980645747766659,0.21456448452223573
0.44915858862159497,0.1848054566040691
0.24738513749893254,0.1301940539434162
0.5926654380876037,0.21330757991444393
0.1821822979937799,0.11086560169464764
0.5251597015048718,0.20130036074579816
0.37740516388859047,0.16845404119638746
0.39206547279633963,0.17228003992168459
0.11619437993945257,0.07622236532593954
0.5502326311700976,0.20529174165633104
0.532101448676523,0.2018847111336312
