0.5571752602087322,0.20858295115920858
0.38071381632407914,0.1622739555525549
0.3462242352725038,0.149075404502023
0.561118137944192,0.21267629329847257
0.23762551140820087,0.11509543781283332
0.5905413330883754,0.21733915337836843
0.49102253375824084,0.19115875122029835
0.4944001243631687,0.19176747116066778
0.45539531235647007,0.18645342230735348
0.5142063721991789,0.1987819067525989
0.46385342104705307,0.18736650221790757
0.47518036192508534,0.19102698894340264
0.39543247998530257,0.1734263800056734
0.4174857441651769,0.17490788891242218
0.30322708290642375,0.139272182206539
0.332092057009207,0.14546010897066983
0.32360568396209755,0.1440221578414072
0.351884172666954,0.1570034644767268
0.27494859420156725,0.11696951118917635
0.32246804361190207,0.1406241067252664
0.27720267663456305,0.12520138666184627
0.300951802206033,0.12594241335132994
0.4706439327025671,0.18810752890739127
0.4333137838200691,0.17547414001974257
0.5305926328954713,0.20174329114944073
0.42483447686209114,0.175343466687284
0.5515082567251502,0.20514079779336297
0.518142183845507,0.1999563333280701
0.5956289172631622,0.21868944448044011
0.6403219310208379,0.22422400458227817
0.33887550257558946,0.14720242007011716
0.30210357473449173,0.13025626673911778
0.3654510637997188,0.16009606667824577
0.23251672896601921,0.09449097564521318
0.2936101355982504,0.12533314893874198
0.5571681941196006,0.2060996133702776
0.6623539969333173,0.22522474452002322
0.7036482218186699,0.23276241791400715
0.6137393037075769,0.21947511789184712
0.4949654114937006,0.1933791089276565
0.6301184983147377,0.2236555755860835
0.6957130037238289,0.23188962894762774
0.4960959857547643,0.19742998223387148
0.43614021947272835,0.18253049997250417
0.5390790059425808,0.2031376845012172
0.6759350202443454,0.23023497787537142
0.5475583129005589,0.2035297044985928
0.23365436931621458,0.09662585121425471
