0.29671528267101666,0.20651190264330688
0.4976882462524494,0.29935895736858237
0.3305952645244737,0.24933642810894313
0.40785320605013464,0.2811575874381391
0.4474570708776942,0.28874180711167313
0.461028368452042,0.29709467211407753
0.3189834074960667,0.24023763635881723
0.3827858804451694,0.2690523701159783
0.42140519879151744,0.28193001919720106
0.42235113560679916,0.28381566143255793
0.4600245171378655,0.2959435973358677
0.4445999555988842,0.2879996667941431
0.31029623266184697,0.2262278446503421
0.24554782289746233,0.17394481656638933
0.3759905792415132,0.26184300703140084
0.49964768679839,0.30315674685063665
0.26967886410362835,0.18757596525571654
0.31801816584782006,0.23304341899500564
0.4001505776971265,0.2762428010495984
0.35860657715659117,0.25767414739058164
0.28322120442852866,0.19781068606328636
0.5421279717377245,0.3164130389510073
