0.6459748023261563,0.23049632454028848
0.9536323231181233,0.3049474557085462
0.8914295404922234,0.29383858903291393
0.028306753061383114,0.021128788914110054
0.8190374573384864,0.2766741023422651
0.7059305686081923,0.24487311347182164
0.5786632372580747,0.20714608897438314
0.0005723532196635128,0.004748342218212487
0.16348810423894683,0.07118266444013828
0.14257954649839952,0.0635170400747887
0.13635432197341738,0.06351649560257012
0.4932483518347101,0.18148620225727288
0.38354731806587006,0.15351938675005078
0.09731417952106047,0.049226822226009326
0.44687360886370225,0.16859146670470707
0.9276220490245259,0.30072180682016797
7.066089131648307e-06,0.003615840003571738
0.1827431971226885,0.08390425782719649
0.93441256068004,0.30250822016932
0.7353396315741123,0.2542826823532742
0.5945124751803619,0.21167773124960185
0.514185173931784,0.1905042956135684
0.2025141145130405,0.08612461553455468
0.93441256068004,0.3034229334965298
0.03735134714989295,0.022958215568529724
0.14539891606192717,0.06682688669152
0.7958536188975484,0.27183864456908025
0.007369930964309183,0.010499057790825751
0.7421301432296264,0.25750650235947037
0.6086446534436585,0.2199101511944904
0.884646094925841,0.29166070015860485
0.9197009631079481,0.30024212679560136
0.796984193158612,0.27545394010043334
0.8806749528338546,0.29091912899690253
0.8676804149207535,0.29039698013928694
0.7443842256626222,0.26029365564636747
0.0034058549614544836,0.007057448897198745
0.6465471555458199,0.2399489067270087
0.24382953766578813,0.1018527845125966
0.23531490026215185,0.0953599533060625
0.5933607026519032,0.20971599784606793
0.1533412002458999,0.06992166678191328
0.8931254018838191,0.2939257045878863
0.04979473011072562,0.028664828891438225
0.8224362462108094,0.27815561124901383
0.4180368991174456,0.15778859341591522
0.36033521526840545,0.13883769337611432
0.017552165403014394,0.016249228891220442
0.6001653464856805,0.218385628982474
0.06563690194388112,0.037508146665570466
0.8275238303855962,0.27885253568879276
0.7115551755569841,0.2467439200148532
0.6210809703153595,0.22056351785678316
0.3761703210124293,0.15046816443714367
0.05659230785537128,0.033718620024272575
0.36936567717865204,0.1403175688662074
0.2285455868740328,0.09483834892066546
0.5950636301326304,0.21350606895958435
0.2624628147059447,0.10768789327908937
0.2381554680930745,0.10071864888130012
0.38295376657881175,0.15221047553659098
0.762487546017905,0.26617504455143925
0.946848877551741,0.30446832015619824
0.045279499155602344,0.02640036893437531
0.2715144748835862,0.11108594439523019
0.34448597734611835,0.13665817108514944
0.8953865504059465,0.29497109124755466
0.2760721023734993,0.11666406227455446
0.06167282594102642,0.036331542201224955
0.7115905060026425,0.24687731570840465
0.09111015326347326,0.04813896673329192
0.2607740194034808,0.10250506223045222
0.31114110273386997,0.13360967113333524
0.4740215233074951,0.17917709557828665
0.39879593841196725,0.15512993557260238
0.04753358158859816,0.027009633346963286
0.7025247136467379,0.24055980455625242
0.727990898877198,0.25371643124595383
0.2907695677673278,0.1173174289368472
0.915185732152825,0.29989420904793046
0.7149751626967019,0.2528441867517931
0.011326940878032234,0.011980022225355963
0.6951830470389552,0.24047323347349867
0.8388225069071017,0.2816832467531761
0.17706912754997492,0.07732540001012718
0.2568240755788893,0.10215714448278132
0.9061340719751835,0.2994145290233639
0.07525384925205444,0.040339946674390906
0.35976286204874186,0.1374868578018241
0.01868980575320977,0.017033813358190306
0.4581864175634712,0.17085701560620714
0.4966542067961646,0.18645287783513492
0.8473159460433428,0.2828603956897402
0.19630302216632162,0.0854282355669943
0.8478882992630065,0.290091531224665
0.5724238805548293,0.20592483778811424
0.003971142091986348,0.00910466443904933
0.5153228142819795,0.19751764226106241
0.4112393213727999,0.15652432892437879
0.4734633022660949,0.17525744007674882
0.7523123776683317,0.2626904223525446
0.1804749825114294,0.08342457780262989
0.6414525052819015,0.22966872676805103
0.051497657591452854,0.029231624470977182
0.30830760099207905,0.12537670671622814
0.4361260872944652,0.16458360670375974
0.273224468453445,0.11143549555955683
0.1646328106782739,0.077281842232641
0.2257050190431102,0.09318206443175339
0.8999088474502013,0.29915263788622815
0.04017071671342062,0.023959499978493348
0.46159227252492563,0.17164214454539564
0.45820054974173446,0.1711630089930476
0.05886758855576203,0.034982884515809026
0.0690286247270723,0.03898911110010067
0.07186212646886328,0.04025283111941855
0.20987697938821798,0.08860849779570422
0.30431526063269765,0.11866608662226313
0.46669398887797586,0.17430025791648995
0.7036552879078014,0.241169613441059
0.024349743147660065,0.020039844476955483
0.09673476021226532,0.04879015550671035
0.17877205503070215,0.08024431557391999
0.21499282791953137,0.09287933787822443
0.5452900982892998,0.19912982450026978
0.07639855569138149,0.04783297334645148
0.020378601055673715,0.018601348875474304
0.9332749203298446,0.30111382681754356
0.9236650391108029,0.30067824904268176
0.10977169466015643,0.06007434223672454
0.9344054945909083,0.30120094237251593
0.6391842906706423,0.22657558009431347
0.5503776824640866,0.20483589335095972
0.8784208704008588,0.29083255791414875
0.10523526543763824,0.052711988897122516
0.0017099935698588903,0.006142735569988909
0.06733276333547672,0.03768237777551519
0.7415507239208311,0.25445636899100044
0.26983274567025384,0.10934472224022006
0.6284155708340106,0.22064954446731835
0.5797938115191384,0.20884484229634426
0.4898495629623873,0.180222482237955
0.3428113142219175,0.13570153339710916
0.8857696030977731,0.29179082901884473
0.7856572522805798,0.27048672005035274
0.8936836229252192,0.2941865067805848
0.42482741077295955,0.16454059339849217
0.6306908515344012,0.22552910449020797
0.7053440832102655,0.24304205340074625
0.3711039351050375,0.1431956490136069
0.310554617335943,0.12550629110424955
