0.6131551707913804,0.35293792585142664
0.3042878203318591,0.2591773918137057
0.18365170477714,0.19835765717475037
0.22267181079639914,0.20987395074076737
0.14842696276779274,0.15037494266720453
0.6533985759543302,0.35914368289299914
0.26031178444841757,0.23551483468813728
0.5629999059000659,0.33592320997341973
0.5290611963238292,0.3295019368814276
0.6219378313101849,0.35647459949933974
0.3029704212540385,0.250987781897757
0.2779084721307362,0.2459093395814568
0.28537373357171986,0.24634037168229622
0.37583513691540416,0.2755400334878786
0.49264452181550145,0.32330723194500477
0.134657005740096,0.14640171086587717
0.32812647031147074,0.27332408640535805
0.44493585521156803,0.3047341692408862
0.3997051535397259,0.2890291278231222
0.17229697939211447,0.17778968949110582
0.2929644615915436,0.24988809743535903
0.5717511997741602,0.3440962417316439
0.15222232677770461,0.1773476052851167
0.45741977980615406,0.30825979078364957
0.6998525767698629,0.37418007194920455
0.17355164518051505,0.1780107315941004
0.4134751105674226,0.29830737009631914
0.4688058718358897,0.3082763689413741
0.5566638436686429,0.3328175684263461
0.5679872024089583,0.34210686280469277
0.43737649383645427,0.30428655898232215
0.29415639409052413,0.25009808743320383
0.1120102882594649,0.1247285326672598
0.6860198864527463,0.36665911439481447
0.4725385025563815,0.3157862743906146
0.1749004109030457,0.17913252026679782
0.4009598193281265,0.29079746464707873
0.5667325366205578,0.3398964417747471
0.5114645086415106,0.324191400356983
0.6156958690128917,0.35316449400699607
0.10187886201812993,0.11476505987477967
0.44989178507575045,0.30604936975370384
0.17985634076722815,0.1817739733975829
0.3758351369154042,0.28327650709268853
0.24644772748659077,0.22400959322727
0.21379505034346477,0.20897320417106452
0.5780245287161633,0.34564353645260587
0.7124306012985792,0.374406640104774
0.1912424327969637,0.2074314355026774
0.5252658323139174,0.32706494769591243
0.59182585238857,0.34586457855560043
0.3783758351369155,0.2863766225871873
0.5415451209184154,0.3310381794972398
0.2238951099400897,0.22180469824989918
0.3896050939431009,0.287691823100005
0.1295756092970735,0.13710689043495558
