0.02315843986986979,0.010287323195615388
0.02121915812032913,0.0051270840025733466
0.05208789574156867,0.01796121409739798
0.008489866977392494,0.004355221718051568
0.04205541828158702,0.013694196211472155
0.12578611154726585,0.03855791144666019
0.09607157712639214,0.029692875044072385
0.9363618082700449,0.2514359702000204
0.9409896397178124,0.2518549384026177
0.11690508262607399,0.036804545269474916
0.42596709281281253,0.14850808336931712
0.9467771836890978,0.25213065413143215
0.1331355486321728,0.05869106615673301
0.189060687949182,0.06198784188927568
0.9062753945364042,0.24917558949495522
0.24772396087278695,0.0919343029507096
0.23267799934439057,0.08504322105904293
0.20220042366695035,0.08165808398753147
0.45220799898628455,0.156491002697226
0.9267177380922866,0.25004668109061845
0.7890094512438673,0.2384580363574622
0.8063665738345713,0.24081756762024734
0.18211894077753077,0.06148066985455267
0.9282603485748758,0.2500797575276656
0.8723296999347144,0.24628667773257257
0.30212301767666333,0.10785572467677822
0.10070216323573568,0.03401494157165526
0.08025155569512508,0.02594397591846375
0.5436489900033331,0.18387947387359188
0.8538128648204923,0.24526115067726773
0.7257458934882554,0.23296687528710555
0.45065987918054334,0.1551788131875125
0.6640249462152326,0.22282296207211605
0.7238176303850189,0.2326912383117126
0.44449770123491483,0.15455059714388122
0.8819737701124727,0.24658444441941846
0.7118568898218008,0.23096008059940185
0.7851501703758184,0.2374325880555789
0.9305742642987596,0.25054282764632574
0.5509791444572079,0.18686745744027294
0.7824506020312872,0.23699156889495018
0.7419488128785936,0.23477521135252633
0.7620055038138286,0.2358778380075196
0.6887122232598113,0.2280381711533936
0.7076147109946807,0.23033162829550594
0.7103142793392117,0.23072854554007177
0.35343685351536147,0.12303843930879382
0.07061574950209493,0.024466719237200663
0.3163976739637651,0.11310401019510297
0.9070466997776987,0.25002455137916546
0.7500475179121866,0.23490751710071495
0.7523614336360703,0.23573442802689376
0.521272874021062,0.17945802052802445
0.6628679883532909,0.22220553524723582
0.7843788651345237,0.23710182368510738
0.9344307905052325,0.25109410159711165
0.869244478969536,0.24552591968048804
0.4201823035031031,0.14664477741566087
0.6339330231584399,0.2142117479471543
0.8819737701124728,0.24745545726166016
0.5436517446649093,0.18615080130425124
0.8711727420727725,0.24561412351261377
0.642034482853609,0.21669255947911237
0.6076976263081199,0.20767332387714765
0.7859214756171129,0.2377302759890033
0.7512044757741284,0.23564622419476802
0.4707303434236588,0.16394454152553736
0.7110883392420824,0.2308499045626662
0.5552268326074801,0.1926008640352892
0.845328507166252,0.24476500412156044
0.7508188231534811,0.23561314775772088
0.6806135182262183,0.2255574383748571
0.6428057880949036,0.21773997998560554
0.5610116219171893,0.19342777496146804
0.6856270022946329,0.2271120309160733
0.6941168692720254,0.2287990867123212
0.5668019205500507,0.19619532770125625
0.7280598092121391,0.2331212319933256
0.19060329843177115,0.06696033292536435
0.25891890551786256,0.10236472111326468
0.4780687618622615,0.1691929845507051
0.4954231297913894,0.17115551981550287
0.7400205497753571,0.2340806061745361
0.6485933320661889,0.2183795365219387
0.22534509022893986,0.08478947753483836
0.6655675566978219,0.2230324461734147
0.6524526129342378,0.22091547544897533
0.8827450753537673,0.2491092791140178
0.5139454742287637,0.17621652969740345
0.32103101473468487,0.11781204724165749
0.548659719410172,0.18665781583213123
0.7874640860997021,0.23776335242605043
0.716101823310497,0.23190835054817513
0.35767903234248166,0.12465918472410435
0.7014442690643241,0.22946061545326424
0.08874142267251758,0.027586929798648765
0.7018326763465472,0.22969222926601585
0.09761418760898131,0.03185386893115305
0.6424228901358324,0.21673674014859673
0.4062988091598008,0.14097768120158197
0.5228154845036513,0.18050544103451768
0.7238176303850189,0.23290072241301124
0.7087716688566225,0.23068444362400892
0.48384804184881863,0.17007486536511945
0.6462794163423052,0.21833543460587584
0.6350899810203817,0.21441020656943727
0.6185014090093961,0.21069446263429736
0.39201588888797073,0.1364678665170457
0.7130166023453187,0.23147835686656212
0.640874770330091,0.2159206971945906
0.6165731459061596,0.20999985745630712
0.9240181697477556,0.25003565561160274
0.5741348296655016,0.19778315418636266
0.6443511532390688,0.21785031352918427
0.6570831990435816,0.22097068159747543
0.7882353913409966,0.2383146263768363
0.6833130865707493,0.2267371646295389
0.6782996025023346,0.22546923454273135
0.5745204822861489,0.1988746766089187
0.4537588734536019,0.15942401637567155
0.3380052393663176,0.12203496321152045
0.6883265706391641,0.22789483992618925
0.6350899810203817,0.2147519964189245
0.37697268202115025,0.1314511948114726
0.6701953881455893,0.22342936341798053
0.6644105988358799,0.22301039521538327
0.708000363615328,0.2306182907499146
0.5471226182507347,0.18628310705243986
0.9278746959542286,0.2500687320486499
0.5810765768371526,0.20045132010816635
0.2944044559405654,0.10574970067793311
0.873101005176009,0.24635283060666688
0.7026012269262658,0.23014419515223875
0.6146448828029232,0.20919499748815976
0.7218893672817824,0.23241560133631967
0.6019128369984105,0.2059092472346328
0.5012134284242509,0.1761281683584346
0.5282201305158655,0.18372503841395027
0.6821561287088074,0.22571179508107714
0.672512058531049,0.22528172264604263
0.5633310469642252,0.19593071620487904
0.34340988537853184,0.1225974201481651
0.6663388619391164,0.22306552261046184
0.5876381807113087,0.20346143338630035
0.5355530396313161,0.18383545071095053
0.5158682280088479,0.17691097736855052
0.4622487404309944,0.16243412965380558
0.6968164376165565,0.22927318230999705
0.38468573443409615,0.13375551992575763
0.6185041636709722,0.2130870703341296
0.4626343930516417,0.1631618112688429
0.5251349095506872,0.18277684721859852
0.6262172160839181,0.2137044971590098
0.41015533536627363,0.1459722231957021
0.6007503698133164,0.20487269470031222
0.6705865500893885,0.22476360388572544
0.660554072629407,0.22204015306200006
0.6914145462659184,0.22861157481563243
0.6968136829549805,0.22907464493429258
0.6524498582726618,0.21919542196910186
0.586481222849367,0.20318579641090748
0.582624696642894,0.20128941402020395
