0.3953243694558933,0.26829129764749093
0.4764529299910233,0.2887569528324391
0.6406308819412941,0.31188825487218896
0.5508247989884267,0.30997989405568327
0.4455651972471309,0.2879996667941431
0.3837414696769336,0.2610970802836793
0.40688796440188807,0.2732060840360316
0.2580959643246687,0.17810988977701703
0.5044835474561056,0.30884017856804785
0.3402476810069401,0.23381206432387605
0.2909624424474668,0.21107076459384852
0.44070037933996775,0.28079030370956565
0.31513209331956255,0.22698891711882951
0.26872327487186415,0.17887096224550453
0.24167720388799335,0.1610671674851666
0.271638304649569,0.18948053964203088
0.3740504435285374,0.25918871946717353
0.36727444715784596,0.24554999791746338
0.3508846439706181,0.23760606737573878
0.2948234090404533,0.21599312384277225
0.27936023783554215,0.2057621894653939
0.47645292999102334,0.2986016713302864
0.5122054806420786,0.30921882158719577
0.3614926496848486,0.24214599717532304
0.3720910029825967,0.2474394265830118
0.3914247931969769,0.2641110787160973
0.338278588044517,0.22735998727759452
0.48903968108415946,0.3024032472425322
0.3624578913330953,0.24290328321361898
0.42332602967152827,0.27586794446064195
