0.5681991486568663,0.3224751136875665
0.5904190113995039,0.3440653386393841
0.36054671286956697,0.2732022976058402
0.2494667039893437,0.211831837062336
0.3962799586876575,0.2860837331172544
0.3663478151755292,0.27434201309347556
0.382776228028687,0.2849515904900019
0.4822733371299505,0.3084577491187083
0.5083541664655746,0.31414496726631097
0.5228424436057568,0.32058568502201806
0.38276657561220456,0.2785108727342948
0.31129043155954095,0.25463743037701486
0.27553788090848547,0.2390979208711818
0.29386781980868915,0.24363785067076607
0.47355720504628335,0.3050386026558021
0.30744876979951935,0.25237314512250997
0.3789249138521829,0.2762465874797899
0.39822974681711565,0.28646994899678535
0.33932104902462334,0.2697982968636998
0.33060491694095623,0.2629713632284619
0.37120298066620977,0.2754893014414939
0.2166388355324755,0.20576976232577684
0.3277188444126988,0.25540228927569375
0.2156735938842289,0.19933283100026125
0.2523720813505661,0.22887455935418644
0.20886864026409005,0.18984782337060438
0.2852289070568817,0.24214221074513156
0.48515940965820803,0.3118617498608487
0.4050153956042895,0.29481145470861525
0.4137122228549918,0.30503860265580207
0.4049767859383597,0.2872234486048898
