0.2261850754336348,0.1515821598555098
0.262902867732937,0.1716653855911185
0.2947847993745234,0.19742447018375545
0.5266744529492958,0.3073218200612644
0.5894537697512573,0.30771560880117826
0.49287169042769857,0.2895180253009265
0.4725919633980367,0.28572780867925524
0.27935058541905966,0.19704961359479892
0.31411858958890365,0.20917376306791718
0.31220741112537526,0.20009390346874867
0.3054314147546839,0.19970768758921775
0.3788766517697706,0.25199450210336194
0.25422534531519964,0.16712545579153426
0.3054121099217189,0.1978068996330949
0.33926313452572854,0.2322899193869012
0.34893485584115985,0.24289949678342754
0.3489058985917125,0.23607256314818942
0.31800851343133757,0.22660270123929854
0.3905078136311425,0.2656445829436465
0.37694616847327733,0.2440429987012544
0.26581789751064183,0.18492546412168068
0.31315334794065697,0.20273683174240154
0.37985154583449976,0.2542701466484413
0.44651113406241255,0.2811765195890966
0.47835445603806914,0.2876096644844207
0.49673265702068514,0.29784817172218203
0.399166031215915,0.27282744101688367
0.4716074169168252,0.2838270207231324
0.517012384050347,0.2993665302289654
