0.3625963637905328,0.1522099310643724
0.5198592435044975,0.2073627889173769
0.613739303707577,0.2190395401169853
0.4106952325096629,0.1718583000161708
0.32812091491722073,0.14502344225137084
0.18783784738660692,0.07954902455079682
0.20876760339454925,0.0837316601339075
0.37732209354088797,0.16266597554993054
0.43443729199200115,0.180482739958435
0.4542435398280114,0.18693092444304577
0.6719850764197539,0.2346784156511806
0.42256626225083205,0.1766060977621647
0.3660022187519873,0.15373554222082594
0.28456554150974056,0.127249691148134
0.28966019177365904,0.1272502356203526
0.21215932617774041,0.09562293338763536
0.28173203976794964,0.119757208948292
0.2619328580210711,0.11888496445413121
0.5153298803711109,0.1998703067175349
0.2958712841203779,0.13583057331291198
0.47685502504928595,0.19198362663144292
0.49042898227118237,0.19485898441774954
0.3750468128404971,0.15918026440659874
0.4016435723320214,0.1669357266880136
0.31567753195638804,0.13761807560650122
0.18840313451713878,0.08181402898007833
0.29304484846771855,0.1275110378130511
0.3535659018802863,0.1512963066815997
0.3835614502441334,0.16567309561313287
0.4299220610368779,0.17821828000137205
0.4056076483348761,0.16833012003979
0.31623575299778833,0.14197330888290088
0.23595084828400026,0.11627313122161599
0.282869680118145,0.1264656511533827
0.5893895605599168,0.2148547266450003
0.5130616657598519,0.19925995336050975
0.41579694886271296,0.1755618000469335
0.37393037075769675,0.15639365559192026
0.5481165339419591,0.2106726355341082
0.600137082129154,0.21563931111197016
0.4101228792899993,0.16841669112254382
0.41239109390125844,0.17277301334338066
0.3066188056896149,0.13678938888982659
0.2930448484677186,0.12785950003294055
0.3439630867503763,0.14681040007274151
0.4208704008592365,0.1762140777647891
0.623342118837487,0.2196488045295733
0.6437065877148973,0.23088780006544554
0.5843090424742617,0.211544880028269
0.5809173196910705,0.21115286003089334
