0.13865080094120305,0.0803760778508157
0.1443107383356533,0.0838612445219289
0.14826068216024477,0.08725820669363259
0.4028094770387434,0.18906580001208728
0.34454957214830306,0.172031986653897
0.2619964528232559,0.14376135564870873
0.2665116837783792,0.14572091116336833
0.24106669681531365,0.1375315045237474
0.265932264469584,0.14480510889172132
0.26538110951731547,0.1441528311738658
0.20880999992933907,0.12502770002412011
0.25350301368701467,0.14092901116766968
0.24671956812063225,0.13848977562844345
0.20937528705987096,0.12598597112881613
0.23935670324545474,0.1369206066945037
0.27385335038616176,0.14968412444239237
0.23879141611492288,0.1364414711421557
0.26763519195031127,0.14950989333244766
0.2433137131591778,0.13783532002171356
0.21729637297644872,0.13147479556429373
0.1743062866995004,0.10856122671768735
0.16242112478006798,0.1015473355979748
0.284035584824867,0.15194967334389245
0.21389758410412585,0.12855588000050092
0.5611464023007185,0.22801080886248318
0.3988312688576254,0.18775743327084607
0.4005341963383527,0.18871624884776067
0.3422884236261756,0.17103015777171476
0.3456872124984985,0.1734263800056734
0.35021657563188496,0.17469010002499127
0.3722698398117594,0.18065806001281687
0.31174172031006003,0.16148937108558506
0.17995915800481907,0.11287344668881943
0.17997329018308236,0.11718675560438867
0.19523604270744271,0.11849348892897416
0.2008818479236297,0.12223891332056727
0.19522897661831104,0.1176653466845181
0.22803682845655412,0.13548211109302252
0.16863928321591848,0.1052497466843003
0.16242112478006795,0.09954367783361039
0.2676281258611796,0.14593761110636214
0.20202655436295672,0.12402587114193794
0.2987401163078271,0.1590501355463588
0.3106182121381279,0.16079299111802473
0.3117487863991917,0.16301443776982
0.35698588902000405,0.17786872883704546
0.35359416623681295,0.17529881996536067
0.44464779078723304,0.20235146661759157
0.3462454335398987,0.17403564441826136
0.34284664466757586,0.17194432662670603
0.3677334105892412,0.1799164888511146
0.3603846778923269,0.17956802663122517
0.3790462192890101,0.18462127329184091
0.44125606800404177,0.20104473329300607
0.3897937408582472,0.1871481688582581
0.35925410363126326,0.1794373532987666
0.40733177408299825,0.19333446220573317
0.37395863511422334,0.18074463109557068
0.3320991230983388,0.16789290884827246
0.318532231965574,0.16545367330904623
0.33323676344853415,0.1682854733178667
0.33719377336225714,0.17081182441206527
0.3660375491976456,0.17987293107362842
0.3145681559627193,0.16358014440492183
0.32475039040142456,0.1657585777514495
0.29421075317444056,0.1549116022129529
0.3004359776994227,0.16066177331334758
0.3524706580648808,0.17486378666271743
0.27668685212795274,0.15133986445908593
0.26084468029479724,0.14153827558025767
0.24895951837536479,0.13988199109134555
0.4497424410511514,0.2029618199746167
0.5413542866429717,0.2232624666442707
0.5255262469880795,0.22034409555269646
0.5792497226560016,0.23293392666285898
0.29308017891337684,0.1543453511056325
0.15450003886349023,0.09496956672534262
0.33381618275732927,0.16968041114186166
0.4203404441743628,0.1941626044501892
0.3745239222447552,0.18113665109294633
0.29534132743550423,0.15573919998519034
0.28855081577999026,0.15286384219888374
0.29194960465231307,0.15395333110825685
0.2500900926364285,0.1400562222012903
0.23200090445940885,0.13587467556261676
0.48932667236664523,0.21102109775399766
0.43956020661244627,0.19912819108361407
0.43221147391553194,0.19869261330875218
0.49273252732809975,0.21764296887633458
0.47010690992856186,0.21067263553410817
0.4610552497509204,0.2084070866326081
0.4599246754898566,0.20474823332376876
0.42825446400180894,0.19769078442657
0.4570982398371973,0.20318015333426617
0.42655153652108174,0.19464119553031864
0.5193010224630974,0.21995153108310225
0.44013255983210975,0.19917229333331882
