0.4417898689056556,0.14871788248430193
0.4032080788714702,0.14048137713903153
0.40205387567110445,0.13951121373906994
0.47265585186531917,0.15541074201395025
0.4367763848372408,0.1477586658099345
0.37736108930337364,0.13561890463283546
0.41748548982014827,0.14376720614598004
0.2399806071825046,0.06959581617722857
0.33646538354530453,0.12000635382604993
0.5393930378683327,0.16853161331660507
0.488464854650282,0.15630372706080184
0.5119951738329187,0.15897205048944862
0.4930981954212016,0.15682208208138365
0.2762732734469907,0.09681890516835867
0.37428137766134745,0.13158373681992583
0.28592560760947716,0.10694060991847368
0.28283763198272277,0.10406288114194984
0.3048308500059225,0.11588250966048534
0.25889962288683027,0.08689542278026198
0.2812895121769815,0.10157096537755456
0.332994509959479,0.1187384237392424
0.46338641566190386,0.15213578097917438
0.3719564432911595,0.1294775553142376
0.33839915597169307,0.1258059132951605
0.5011941457932186,0.15716379317744938
0.5073700970467274,0.15887289993172868
0.6053478999837476,0.1705715631947775
0.5181766344095797,0.1662932835695713
0.45645293247498075,0.15200371149125042
0.39704039160268967,0.13795662119785373
0.5038909594761736,0.15769293741678228
0.5710055341151062,0.16868565500913899
0.44448668258861057,0.1493903579508392
0.36424063621663766,0.12868364207168437
0.42095360874439774,0.144527885444643
0.4684026543918947,0.15389993637511074
