0.19635910850281363,0.2220476257189484
0.36058532253549674,0.3027515988201483
0.4436540187836025,0.31905596722466023
0.3567340083589927,0.3012408131737479
0.19733400256754274,0.22394462724487976
0.29392573430758395,0.27622386889864103
0.3750735996756788,0.30919231657585544
0.3325836623198618,0.29555359502614525
0.21857897124545128,0.2390941344409903
0.1992548334475536,0.22583405591042816
0.27462090134265116,0.26865100851568147
0.2475748303587803,0.2565268590425632
0.28330807617687087,0.2728160817263092
0.16061621026824063,0.19780311320290342
0.3306531790233685,0.2902525927580736
0.2582021409059758,0.2625889337791224
0.12386946071949112,0.1735434549660925
0.15288462466578503,0.19704204073441592
0.13064545709018252,0.17847338707539914
0.16544241850947383,0.204618687547567
0.15867607455526486,0.19742068375356392
0.17606972905666934,0.2106807622841261
0.22340517948668448,0.2413659925558782
0.30167662474300444,0.27888572932325134
0.31808573276319735,0.2872158757445068
0.33934035385758826,0.29631088106444126
0.2949102807887955,0.27661008477817195
0.30264186639125107,0.2815362304572872
0.2292255866256117,0.24402785298048849
0.24660958871053368,0.25349771488937944
0.28430227507456496,0.2743420130934756
0.20216986322525843,0.22773484386655102
0.2958658700205597,0.27736358438627645
0.36444628912848326,0.3031302418392963
0.36928214978619905,0.30502724336522774
0.3074584222160018,0.28494023119942746
0.38183994362988777,0.3118466041400827
0.3538382834142528,0.29896895505886006
0.32098145770793723,0.28797316178280274
0.23307690080211577,0.24781049674177674
0.3383751122093416,0.2959322380452932
0.35576876671074603,0.30048352713545196
0.14513373423036455,0.1875646059651421
0.20315440970646997,0.23152884691841374
0.2533759326647426,0.2569092884919027
0.16446752444474472,0.19931389884930384
0.14611828071157612,0.19249453807444875
0.15286531983282012,0.19476260975914514
0.17800986476964506,0.21712148003983323
0.19153290026158046,0.22053305364235648
0.2011949691605293,0.2269737713980636
0.19248848949334466,0.22204383928875693
0.4253144274669164,0.3167841091097724
0.1460989758786112,0.18870053502258602
0.16156214708352232,0.19893146939996437
0.31519966023493984,0.2860837331172544
0.2340517948668449,0.24781428317196827
0.27560544782386276,0.26941586741436035
0.24177372805281802,0.25311528544003997
0.19732435015106028,0.22318355477639232
0.2495053136552736,0.2569055020617112
0.14030752598913135,0.18567139086940218
0.4658449242767927,0.32094539589020865
0.3055279389195085,0.2838043021419835
0.2021795156417409,0.2303891314307783
0.26690862057316056,0.268276151926725
0.2369571722280673,0.24971128469789963
0.16834779587069623,0.21030211926497813
0.16543276609299135,0.2008284709258957
0.21955386531018037,0.23947656389032976
0.41467746450323845,0.3167765362493894
0.312284630457235,0.28607616025687144
0.38668545670408594,0.3145046781345015
0.34707193946004383,0.29707195353292865
0.25819248848949333,0.2599346462148951
0.22632986168087182,0.24175599486560062
0.23114641750562248,0.24478135258859293
0.21761372959720462,0.2383368484026944
0.17703497070491597,0.21181669134157005
0.2166677927819229,0.23796577824392937
0.20796131311473823,0.23492906123036258
0.1866970396038648,0.21863605211642512
0.21278752135597143,0.23757956236439842
0.2263202092643893,0.24137356541626112
0.22824104014440008,0.24364163710095754
0.3258076659491704,0.2894877338593947
0.2572272468412467,0.25728414508085923
0.39537263153830565,0.31488332115364953
