0.2938099053097944,0.2049935441365235
0.37113541375083253,0.24252085376427954
0.3508556867211707,0.2402452092192002
0.5537108715166842,0.3137625378169715
0.5324948600882231,0.3118768955816146
0.5894537697512572,0.3168030412607298
0.33152189650679054,0.22887455935418644
0.34217816430343334,0.23040427715154427
0.270644105751875,0.1830322490259408
0.24554782289746235,0.18076039091105292
0.3093020337641529,0.21447855176618033
0.3653343114448702,0.24100249525749617
0.29866507080047494,0.2125777638100575
0.32283472167257077,0.21524341066485922
0.37115471858379745,0.24858671493103013
0.36148299726836614,0.24024899564939167
0.3818206387969228,0.2690523701159783
0.44167527340469687,0.28685237844612477
0.5054391366878698,0.2936906713719372
0.47064217526857854,0.29291445318268383
0.29770948156871074,0.21106697816365705
0.3276512774973215,0.2197833404644435
0.2870725186050328,0.20159332982457467
0.23394561828553775,0.16977217049537865
0.5121668709761489,0.29670845623454667
