0.7200556807823573,0.2564153800334415
0.24499544237251009,0.13674528664012184
0.3009941987408229,0.15931093773905733
0.657859964245589,0.24983706668859074
0.29591368065516777,0.15918080887881736
0.343426063976371,0.17603984665484435
0.5662551847429004,0.23742092221615438
0.27159220186403427,0.14881296889266873
0.3049582747436776,0.16353658662743562
0.32306866118809224,0.17059457999685296
0.26706283873064773,0.14280145112735695
0.27836858134128506,0.15277618217169278
0.290826096480381,0.15661090000713257
0.3292797535348111,0.17316394439631916
0.36660990241730906,0.18505685106670275
0.5159234318581694,0.22648628665046677
0.40393298521067544,0.19612161549263027
0.44805364574868745,0.20927824218233176
0.4124193582577851,0.19912764661139545
0.38301736138099646,0.19050266219691273
0.5091258541135237,0.22469932882909616
0.38075621285886896,0.18984929553461996
0.4859420156725857,0.21851357995383966
0.3338091166681977,0.17490679996798503
0.2902749415281124,0.1552181400720119
0.3762268497254824,0.18823711329541268
0.4169487213911717,0.2005220399631719
0.4701069099285618,0.21481062439529552
0.4146875728690442,0.19986867330087915
0.3852785099031239,0.19119958663669165
0.310052925007596,0.16719598440849354
0.3717045526812275,0.18701749552579955
0.5589064520459861,0.2351559177868729
0.6307191158909278,0.24687459334731177
0.5272291744688067,0.22905619552215156
0.5136552172469103,0.22648574217824818
0.4995159728944821,0.2231312488395936
0.4265586026102134,0.20291771772491196
0.36774754276750443,0.1854058577588108
0.3247645225796878,0.1719884288764108
0.4146805067799125,0.19960678216374347
0.2591629510814649,0.1403197467550817
0.3094947039661958,0.1637119066818175
0.33833141371245257,0.1749503577454712
0.29083316256951264,0.15687279114426825
0.642590145632097,0.24896536666664854
0.6889578225139732,0.2552823333465822
0.6759491524226087,0.25227630222781694
0.7274114795684032,0.2588551600448863
0.2953483935246359,0.1573078244469115
0.3010153970082179,0.16249228891220438
0.3490860013708213,0.18061395776311212
0.45427180418453794,0.21080276439434814
0.35473887267613996,0.1824433844175318
0.4440966358349645,0.2081892977451772
0.518742801421697,0.22814093772272315
0.5260915341186113,0.22857651549758498
0.4469230714876237,0.20923468440484558
0.476332134453544,0.21694549996433707
0.47406391984228485,0.21585601105496394
0.46614990001483875,0.2141136999555166
0.36604461528677723,0.18479550440178566
0.41977515704383095,0.20108829107049225
0.4978201115028865,0.22226009328986993
0.41751400852170345,0.20060915551814423
0.4226015926964903,0.20195944662021592
0.3813214999894008,0.19019775775450945
0.4271309558298768,0.20335383997199236
0.39093138120844256,0.1928112244036804
0.44352428261530086,0.2074918288331797
0.5786985677037328,0.23986070222759917
0.5894390231838383,0.24221282221185303
0.40223712381907983,0.1955989221627961
0.423732166957554,0.20265637105999482
0.3864090841641876,0.19172227996652585
0.46784576140643436,0.2143314888429475
0.43391440139625925,0.20535749773635675
0.46558461288430697,0.21350389107071005
0.4576705930568608,0.2118922533037213
0.5125246429858465,0.2257452599609831
0.6097964259721171,0.24365077334111565
0.5549423760431313,0.23476335331727866
0.4723680584506893,0.21542043328010207
0.4695416227980299,0.21472350884032315
0.46841104853696625,0.21459283550786462
0.4780279958451396,0.21781665551406074
0.5277944615993385,0.2299709088493614
0.43843669844051414,0.20666423106094223
0.43674083704891853,0.2064028843960251
0.4825502928893945,0.21847002217635347
0.4491842200097512,0.2099316088446245
0.4593664544484564,0.21276340885344494
0.40789706121353014,0.19764668217686523
0.40394005129980715,0.1965577377397107
0.4548370913150699,0.21102055328177907
0.3451219253679666,0.1793937955212804
0.40507062556087076,0.19708043106954487
0.42599331547968144,0.20283060216993953
0.39545367825269745,0.19394372661832116
0.39941775425555215,0.19546879330255612
0.38753965842525134,0.1920707421864153
0.4220292394768268,0.20117486215324606
0.3750962754644187,0.1881935555179265
0.3982871799944885,0.19494609997272191
0.36774047667837284,0.18518752439916128
0.3813144339002692,0.18993586661737377
0.37283512694229126,0.1878886510755232
0.4401325598321097,0.20670778883842839
0.42939210435200426,0.20365874441439563
0.41807929565223534,0.20082694440557516
0.4095999886942574,0.19847482442132128
0.3439842850177712,0.17643132218000143
0.4084694144331936,0.19834415108886275
0.430522678613068,0.20435566885417455
0.44635778435709195,0.20901689551741467
0.3779297772062097,0.18937015998227197
0.4101652758247893,0.19864905553126602
0.48707258993364944,0.21999454438836985
0.4333420481765957,0.20470358660184543
0.5017771214166095,0.22347971105948303
0.4175140085217035,0.20082694440557514
0.44579249722656,0.20827641330014957
0.4514524346210103,0.20993215331684306
0.4022441899082115,0.19607860218736267
0.39714953964429306,0.19407439995077969
0.3858437970336558,0.19163516441155348
0.43617554991838664,0.20566240217876003
0.4440895697458328,0.20792740660804154
0.3801909257283372,0.18971862220216143
0.4627581772316476,0.21328610218327915
0.4706721970590937,0.21524620217015736
0.43052267861306803,0.20457345774160546
0.4333491142657273,0.20487836218400873
0.49725482437235463,0.221563168850091
0.4407049130517733,0.2074052577504259
0.48085443149779894,0.2180780021789778
0.5176122271606334,0.22713910884054095
0.50799527985246,0.22426375105423432
0.4650193257537751,0.21332965996076533
0.4978130454137549,0.22160618215535863
0.5379766960380438,0.23136530220113782
0.510828781594251,0.22469987330131475
0.5113940687247829,0.22526612440863508
0.5317514715130616,0.2304500444017094
0.4729404116703528,0.21542097775232066
0.5068647055913964,0.22356682661445543
0.5458907158654899,0.23380453774036405
0.5436295673433624,0.2334560755204746
0.5046035570692688,0.2235668266144554
0.5396725574296395,0.23258491997075093
0.4870725899336494,0.2196025243909942
0.5521088743013404,0.23458857773511532
0.31853929805470566,0.1685032622052976
0.3422884236261756,0.17521170441038833
0.42486274121861767,0.20269992883748103
0.4107305629553211,0.19904107552864167
0.3948883911221656,0.19385661106334878
0.4288268172214724,0.2034845133044509
0.4554023784456017,0.2114561310566409
0.37962563859780524,0.1895879488697029
0.39206902155863793,0.1934651355381917
0.4158181471301079,0.20052203996317186
0.42204337165509004,0.20182931775997595
0.5170540061192331,0.2267040755378977
0.49047137880597225,0.22008220441556078
0.5074370588110598,0.2241771799714805
0.5679510461344959,0.23803073110096096
0.5634216830011094,0.23611364441935032
0.43561026278785475,0.20544461329132913
0.4921672401975678,0.22117114885271535
0.3982871799944884,0.19481542664026336
0.47519449410334863,0.21633514660731196
0.4859490817617173,0.21886258664594768
0.36944340415910004,0.1863641288635068
0.32363394831862413,0.17063813777433912
0.3943231039916337,0.1935081488434593
0.3439913511069029,0.177869273309264
0.40054832851661587,0.19551235108004228
0.37679213685601426,0.18902115329016395
0.42090573130489467,0.20113184884797844
0.3581305954593311,0.183445213299714
0.3326785424071339,0.17429699108317848
0.42317394591615376,0.20239556886729632
0.6193992411020272,0.2463072532955542
0.5707704156980236,0.23859643773606273
0.6148840101469039,0.2448268333332426
