0.44481038863272804,0.2901232862329453
0.45114645086415106,0.2952183067069701
0.3293811360998715,0.24702007614900448
0.5804711270035444,0.3250755687689613
0.1685643486716226,0.15900663678914242
0.2753364072645149,0.22136261404391006
0.5303158621122299,0.3224285895856014
0.3758351369154042,0.2675825177800742
0.43354976318183247,0.2857079702256288
0.33189046767667263,0.25564071816579265
0.2954110598789248,0.23440409812058954
0.4574825130955742,0.3018606219019568
0.10435682695022114,0.07519299738617714
0.17101094695900382,0.17380540558462876
0.14334556632477025,0.14306950116323408
0.14588626454628148,0.15611651129248844
0.10567422602804179,0.129359364724996
0.19117969950754368,0.19614723614480467
0.46748847275806904,0.3029603063643548
0.6420438505693046,0.36620597808367555
0.3268404378783602,0.24170953962456002
0.40472381669332835,0.2731140964075133
0.12706627772027226,0.13555959571399362
0.43985445876854556,0.28615558048419276
0.6056899093503969,0.332171020275087
0.5892537875223488,0.3281701582108853
0.30300178789874854,0.2381728659766469
0.5943351839653713,0.32862329452202416
0.2250870424390703,0.20521548842015686
0.4097111132022208,0.2821712965777157
0.2677770458894012,0.22091500378534606
0.3983877544619052,0.2726609600963744
0.4184937737210251,0.2834975491956831
0.6093911734261787,0.34188582070169826
0.5001097832564851,0.3146755378230669
0.35193375364637247,0.2629295815120385
0.4800351306420752,0.3062759379092733
0.23386970295787457,0.21427821464293414
0.28662839936012047,0.23307784550262212
0.23136037138107335,0.20764695155309706
0.27784573884131614,0.2220257403528937
0.3432138264169882,0.2558672863213621
