0.3943545965660389,0.1536793480413749
0.425989130105421,0.15909317325177844
0.2681910963828539,0.11794419548300301
0.3438175752917876,0.14341415455721246
0.3345564030731005,0.13983071637026115
0.3754521088311696,0.1484531134810816
0.3708242773834021,0.14732851462147842
0.31487710077378445,0.13341357256942726
0.2793860410279295,0.12136240899156166
0.24929136330956064,0.11183600135487387
0.2581668829076004,0.1160368663667054
0.2851790943223671,0.1298963660099918
0.2925064941146656,0.1302050794224319
0.3079381082637093,0.131726753033444
0.28478517771699163,0.12270751743147922
0.36657658923312975,0.14676605768483372
0.33687858278171245,0.14071299095178316
0.35770106963509,0.14506797640957012
0.3171992804823963,0.13834219794971772
0.3804683475611604,0.15245544111720866
0.3341679957908771,0.13845245273987491
0.37853457513477184,0.149081487031556
0.2527649915569623,0.11522090216612073
0.4205844840932068,0.15849763987808657
0.5243580949862405,0.17465091167717148
0.40438982868759665,0.15688799869521333
0.49118646028742147,0.17326154381434794
0.41326259362406037,0.15781421768595516
0.486936017475573,0.1682447146019318
0.46765063178163246,0.16567569923784806
0.27899763374570613,0.12050234287491413
0.314111304855642,0.1329506599576102
0.48693877213714915,0.16869683799499777
0.476140498759025,0.16820069143929045
0.4491337966674105,0.16334916565868854
0.45453017869489654,0.16449573672290163
0.4016792416967614,0.15371234572500048
0.4294627583528226,0.16287499130759112
