0.2930872450025084,0.1580918644416628
0.5029006295885416,0.21825223328892254
0.5057341313303325,0.21921104886583712
0.5521088743013403,0.23328184441052982
0.4746292069728168,0.21206648441366602
0.5894390231838385,0.2387282000129584
0.47462214088368515,0.2108463221718343
0.4610552497509204,0.20801506663523248
0.4616205368814522,0.2087119910750114
0.5108217155051193,0.2212147066302015
0.48707258993364944,0.21489828442248649
0.4927325273280997,0.21637979332923526
0.4949936758502272,0.21694604443655563
0.45088008140134683,0.20535804220857534
0.3784879982476099,0.18523162664886605
0.3683057638089047,0.18161578664529432
0.39828011390535684,0.19041554664194035
0.2761144989082892,0.15146999331932587
0.49724775828322304,0.21725040440674034
0.4893337384557769,0.21590011330466866
0.5255262469880795,0.22256554220449176
0.5419407720408985,0.22757632003205852
0.5781332805732011,0.23615829114127362
0.5866125875311791,0.2372907933559144
0.5679510461344959,0.2333264911324532
0.5441948544738943,0.2288825088844254
0.5685163332650278,0.2348074555669834
0.2732880632556299,0.15020681777222655
0.48877551741437664,0.2155521955569978
0.46899046784576137,0.20936699115395987
0.534577907165721,0.2269654222028148
0.4802820782781354,0.21350389107071005
0.4429519293956374,0.20326617994480137
0.4570911737480656,0.2074918288331797
0.4734845005334897,0.21014885325983684
0.13130206824428883,0.08133434895551171
0.14262900912232104,0.09353216006829859
0.6595487595480529,0.2505770044336373
0.48877551741437664,0.2155521955569978
0.5204457289024244,0.222478971121738
0.5832067325697247,0.23654922219421215
0.38979374085824714,0.18771441996557847
0.3875325923361197,0.1874095155231752
0.41637636817150814,0.1957736977449594
0.4135499325188488,0.19446696442037392
0.39036609407791073,0.18880390887495158
0.21955752149857619,0.12999383112976354
0.2325661915899407,0.13570044445267201
0.2472777891620325,0.14179962224517473
0.23256619158994069,0.13535198223278255
0.5034800488973368,0.219037362228111
0.49724775828322293,0.21716328885176797
0.4260003815688131,0.1986931577809708
0.476332134453544,0.21280751110314972
0.3586888165007313,0.17782571553177784
0.3779156450279464,0.18409857996200676
0.45427180418453794,0.20653410220070223
0.2755492117777573,0.15068595332457457
0.32249630796842865,0.16776277998803252
0.3439913511069029,0.17499445999517596
0.33776612658192073,0.1732080466460239
0.3168434366631101,0.16732720221317066
0.3745309883338868,0.1835328733269049
0.3219310208378968,0.16737075999065687
0.3094876378770642,0.16240462888501347
0.3643487538951816,0.1807010733180845
0.36773341058924114,0.1809183177332968
0.35699295510913576,0.17708523331451273
0.5294832569018025,0.2241771799714805
0.5272150422905435,0.22361038439194159
0.44635071826796024,0.20444278440914693
0.5074299927219282,0.21929816442080952
0.48650023671398596,0.21393946884557186
0.4989436196748186,0.21746819329417125
0.5142134382883105,0.2220858621799252
0.43900198557104597,0.20256979997724106
0.49159488697790427,0.216205017747072
0.453127097745211,0.2060103199264309
0.617152224758163,0.24330285559344478
0.6154563633665675,0.24308506670601385
0.21446993732378938,0.12842575114026095
0.1805315112244826,0.11339668449087219
0.19240960705478338,0.11805791115411232
0.47407098593141656,0.2102811600089511
0.4870655238445178,0.2143750466204337
0.5006394810664141,0.21751175107165743
0.3965842525137612,0.18984929553462
0.34454957214830306,0.1764748799574876
0.3807420806806057,0.18627646883631585
0.41128171790758966,0.1933339177335146
0.41523872782131277,0.19450997772564155
0.42202923947682675,0.19590437107741793
0.3948813250330339,0.1888904799577054
0.42372510086842236,0.19651417996222448
0.6069558581411946,0.2406441977501319
0.17600214809109602,0.10917103560249389
0.18052444513535093,0.11034709559462082
0.14715130616657596,0.09719101337713794
0.19014845853265594,0.1165333889420959
0.15223889034136273,0.10063207779854637
0.1488542336473032,0.1005019489383064
0.17995915800481907,0.10973728670981427
0.15734060669441283,0.10398711560941959
0.18449558722733725,0.11614136894472027
0.2772521392584846,0.1538662155532845
0.25575709612001046,0.14585049555138974
0.2800785749111439,0.1541275622182016
0.2280438945456858,0.1349599622354069
0.2336967658510044,0.13622313778250622
0.23935670324545472,0.1394469577887023
0.2399219903759866,0.14110215333317724
0.25066951194522363,0.14354193334462204
0.23143561732887696,0.13504707779037928
0.26424346916712005,0.1493356622225029
0.23653026759279538,0.1384451289065201
0.22069516184877155,0.13408880668568324
0.21220878880166194,0.1260736311560071
0.21389758410412585,0.12825097555809764
0.20767942566827535,0.1258117400188714
0.19806954444923366,0.12415654447439647
0.21673108584591685,0.12973248446484642
0.30496534083280924,0.1620126088876378
0.4282544640018089,0.20030425107574096
0.34173020258477543,0.17399263111299376
0.3338091166681977,0.1709430422167424
0.3615223182425223,0.179394339993499
0.33438146988786116,0.17103070224393335
0.29874718239695874,0.16018318223321815
0.3038347665717455,0.161577031112776
0.3145822881409826,0.16397325334673463
0.33098268101553835,0.17046390666439437
0.5317514715130616,0.2257458044332017
0.46614990001483875,0.2093659022095227
0.5130899301163784,0.22143303998985103
0.13414970216434308,0.09274812007354731
0.31627108344344657,0.1645825177593226
0.3275838921432155,0.1697228799749107
0.35868881650073137,0.17804350441920874
0.3145681559627193,0.1625783155227396
0.5984906833614798,0.2394692267024421
0.16525462652185893,0.10777664225071748
0.1833579468771419,0.11544390003272278
0.6900883967750367,0.25959455331771425
0.6804714494668636,0.25632717553403195
0.6194063071911589,0.24473971777827022
0.6708615682478218,0.2560658288691149
0.7030900007772697,0.2599430155376037
0.6256244656270094,0.2467869333201208
0.7194903936518254,0.2620778911066452
0.6148769440577723,0.24099320444223993
0.6386260696292422,0.24940039996929175
0.6652157630316349,0.2548903133492065
0.6538888221536026,0.24944395774677794
0.6612516870287801,0.25275543778016496
0.655026462503798,0.2504898888786649
0.28290501056380324,0.15722016441972056
0.30212477300188667,0.16070478661861518
0.2631058288169247,0.14863819331050543
0.29534839352463593,0.15935503998876208
0.2698963404724387,0.1499019133298233
0.2591488189032016,0.14850751997804687
0.24387900028970963,0.141276384443122
0.4129846453883169,0.19416205997797065
0.40054832851661587,0.19324734665076082
0.41297757929918527,0.19359526439843167
0.4220292394768268,0.19603504440987649
0.39770776068569325,0.18997942439485996
0.41581108104097625,0.19451052219786014
0.3847061566834604,0.18645124441847916
0.35359416623681295,0.1769975732873218
0.36887811702856815,0.18301017999707073
0.42429745408808583,0.19769078442657
0.4378714113099823,0.20182931775997595
