0.005801102305962298,0.004547502659967209
0.08410150481172964,0.05608839042638989
0.020299031862626805,0.016671652133085448
0.09183309041418518,0.05798539195232126
9.652416482466385e-06,0.0022756445450793444
0.10729626161909633,0.0667017542531077
0.21358867192401612,0.13717479297692925
0.02996110076157566,0.017432724601572882
0.20294205654385575,0.12504685707361957
0.8918736305634121,0.43619297162827847
0.9053966660553474,0.43808997315420983
0.30158975299466223,0.2159969102729637
0.06475806218086698,0.045849883188628586
0.6967596837868363,0.4066058061120555
0.6880725089526164,0.4058485200737595
0.3305856121079913,0.23002184770220474
0.8155712782695151,0.41875646059651417
0.15272053358558313,0.09247219813631907
0.06474840976438452,0.03675866429888565
0.6098396733622264,0.3929557252717709
0.12758564106524067,0.07314625843900628
0.8590361096900613,0.43202032555726777
0.035762203067537954,0.02765987254875975
0.3759905792415132,0.2644935081654367
0.6339803669848748,0.3971245849125901
0.6030829818244999,0.39219843923347497
0.7392689259756182,0.41570838429237295
0.2609916892694086,0.1868186792174205
0.6339900194013572,0.3990215864385215
0.42915608922693804,0.30882503284728174
0.25611721894576306,0.1546150904388851
0.8223376222237241,0.42103210514159345
0.3711450661673151,0.25199071567317044
0.7189795465294739,0.41191438124051016
0.5905348403972936,0.3903052241377351
0.8261985888167106,0.428226322505405
0.14786536809490256,0.08981033771170877
0.5248308414011449,0.36490963684348027
0.2832115520120463,0.19288454038417113
0.6581307130240057,0.4031904460793408
0.45429098174728055,0.3145198238552674
0.17882066775417224,0.11369135292937173
0.564444358645187,0.383856933521645
0.6871072673043698,0.4050912340354636
0.06861902877385354,0.046607169226924546
0.5499464290885225,0.3732473561251187
0.3605081032036371,0.24024520921920015
0.47264987789693164,0.3353527627687891
0.07442978349629831,0.04964388624049132
0.5866642213878246,0.38840822261180374
0.461047673285007,0.3315587597169264
0.5847337380913314,0.38613636449691585
0.19814480555206992,0.12127178617271425
0.08989295470120945,0.05646703344553787
0.2368027335643478,0.14855301570232599
0.5286918079941315,0.36490963684348027
0.25611721894576306,0.1527218753431452
0.5122826999739386,0.36036592061370454
0.3479406569434659,0.24023763635881723
0.6368857443460971,0.3994002294576695
0.3759712744085483,0.25615578888379825
0.363403828148377,0.24781806960215974
0.2658178975106418,0.18681867921742054
0.3199486491443133,0.22206277143971434
0.6484782965415392,0.4005399449453049
0.3934035385758825,0.2853340199393413
0.6996554087315762,0.4066058061120555
0.4784606326193764,0.3444477680887235
0.5219351164564049,0.3630164217477404
0.588594704684318,0.3903014377075436
0.482321599212363,0.34747691224190735
0.6455825715967993,0.4005399449453049
0.5345025627165763,0.3702182119719349
0.3682686460555401,0.25124100249525744
0.299659269698169,0.2027444046027845
0.4098319514290403,0.29291445318268383
0.3846970589086979,0.2648797240449676
0.8233028638719708,0.4255758213713692
0.7112576133435007,0.41002116614477024
0.23579888225017132,0.13831450846456467
0.4571674018590556,0.31678410910977234
0.5547919421627207,0.3823423614450531
0.5026109786585072,0.3565719175618418
0.5296763544753429,0.3668104247996031
0.42431057615273987,0.29821545545075556
0.5383635293095628,0.3721114270676748
0.5122826999739386,0.36074456363285257
0.45523691856256226,0.3156481800523284
0.5518962172179808,0.3789345742727213
0.5306415961235896,0.3675677108378991
0.2474107392785783,0.1489278722912825
0.7199447881777206,0.4119143812405101
0.585698979739578,0.3876509365735078
0.13143695524174476,0.07957940333433043
0.6195017422611752,0.3971245849125902
0.4968195287690275,0.3508922722746221
0.4204399571432709,0.29328930977164036
0.4359320855976294,0.3111044638225526
0.4997152537137674,0.35392141642780595
0.5451202208472893,0.37286871310597075
0.7006206503798229,0.4066058061120555
0.3750060327603016,0.2531266447306144
0.5074564917327055,0.3596086345754086
