0.5336109458655561,0.5393161903671039
0.026769779892920884,0.20416929156405703
0.001784651992861392,0.12845770574423
0.388459250446163,0.47838039058473164
0.19690660321237358,0.39121470706145123
0.2688875669244497,0.4405245976748181
0.7126710291493159,0.5577000171811465
0.38905413444378345,0.47843766107324887
0.6650803093396787,0.5485367390183838
0.29327781082688875,0.46692629288127824
0.2212968471148126,0.4176164022679113
0.4009518143961927,0.5036366760208464
0.06365258774538965,0.24208235496248784
0.03926234384295063,0.23286180631120781
0.1124330755502677,0.3200847603230056
0.0761451516954194,0.2765019185613653
0.02617489589530042,0.15715022049138078
0.07555026769779892,0.26155432105835863
0.36466389054134446,0.46807170265162357
0.3890541344437835,0.48989175877670227
0.5211183819155265,0.5358226905675505
0.24509220701963116,0.4336521390527461
0.2325996430696014,0.4232861806311207
0.20880428316478286,0.407250443846286
0.16061867935752527,0.37397629001775384
0.13622843545508628,0.34986541435198437
0.18441403926234384,0.38313956818051653
0.09994051160023795,0.3062825725903442
0.08804283164782867,0.2902468358055094
0.05116002379535991,0.2374434453925892
0.28078524687685896,0.4565603344596529
0.4497323022010708,0.5220777733234065
0.5925044616299822,0.5426951491896226
0.3652587745389649,0.47156520245117683
0.437239738251041,0.5117118149017811
0.4134443783462225,0.504839356279709
0.22070196311719215,0.4095412633869766
