0.43723973825104107,0.5059847660500544
0.6412849494348603,0.5439550999370025
0.3652587745389649,0.4807284806139396
0.29327781082688875,0.4348548193116087
0.25698988697204045,0.4095985338754939
0.18500892325996432,0.360288643262127
0.14872099940511602,0.3602313727736097
0.1969066032123736,0.3935055266021419
0.2331945270672219,0.39356279709065917
0.40214158239143366,0.49229711929442754
0.29387269482450923,0.4429299581925433
0.36585365853658536,0.49223984880591026
0.48602022605591905,0.509535536338125
0.32956573468173705,0.4669835633697955
0.4860202260559191,0.5221350438119238
0.29268292682926833,0.4187618120382567
0.30517549077929806,0.46005383425920615
0.06246281975014871,0.14804421281713534
0.1124330755502677,0.3200847603230056
0.06305770374776919,0.2271347574594811
0.14812611540749554,0.3258118091747323
0.06365258774538965,0.26613596013973995
0.03807257584770969,0.14798694232861806
0.11124330755502677,0.2775900578431934
0.11183819155264724,0.28108355764274673
