0.3711933282497273,0.283815661432558
0.4639337458132643,0.31300146534848405
0.4880551346029479,0.3205705393012521
0.2668507060742657,0.23871927785203384
0.23785484696093664,0.21257776381005747
0.2397756778409475,0.21295262039901397
0.2175751199312748,0.21219533436071802
0.21175471279234756,0.20536840072548
0.31031553749481183,0.26031328923404307
0.3779500197874538,0.2910098787963695
0.3528344321000763,0.2800216583806952
0.38085539714867617,0.2959360244754848
0.3402766382563875,0.27547415572072803
0.3934228434088475,0.30124459960393946
0.3624771961660602,0.28039651496965173
0.3228926361714655,0.2697907240033169
0.3769751257227248,0.29024880632788214
0.41562340131852016,0.30578831583371513
0.3122556732077876,0.26221029075997443
0.467775407573286,0.31450846456469306
0.3209428480420073,0.2652394349131582
0.24076022432215904,0.21939712458491256
0.23979498267391244,0.2152320513742848
0.3373616084786827,0.2713015096497174
0.268781189370759,0.23985520690947779
0.3151513981525275,0.26334621981741835
0.3054796768370962,0.2595522167655556
0.28424436057567015,0.251600713363448
0.26492022277777244,0.23720470577544195
0.2987326377158522,0.25728414508085923
0.2958272603546298,0.25728035865066773
0.2426907076186523,0.22204762571894843
0.3035588459570853,0.2587987171574511
0.2716769143154989,0.24212706502436565
0.27265180838022807,0.2500823548566647
0.32963002287622706,0.27091908020037786
0.2938967770581365,0.2561444295932238
0.2919469889286783,0.252729069560509
0.24849180992461464,0.23643984687676303
0.4243202285692223,0.30844260339794244
0.3721296126485266,0.28607616025687144
0.4098222990125578,0.30389131430778377
