0.2806438620416758,0.15534717998781472
0.2885720140473852,0.16031385556567668
0.48086149758693053,0.21328719112771632
0.5741550723920831,0.23284626663566804
0.5475795111679538,0.22552801554577076
0.5051688441998007,0.22038710885796406
0.49442838871969524,0.21790431554125164
0.38980080694737884,0.19163516441155348
0.2817744363027395,0.15617477776005217
0.3179669448350422,0.16845915995559285
0.43222560609379523,0.2021347666745978
0.34682485284869385,0.17791337555896877
0.33890376693211605,0.17521224888260692
0.41694872139117156,0.19712453331924962
0.48592788349432237,0.21450517548067366
0.4644540386232432,0.21023705775924634
0.4752015601924803,0.21093452667124388
0.32928681962394274,0.16989765555707403
0.3988595332141519,0.19363991112035503
0.32250337405756035,0.16933140444975364
0.41581814713010784,0.19708097554176343
0.42881975113234083,0.2014803110678679
0.4774627087146077,0.21228481777331554
0.46389581758184295,0.2098020244566031
0.44465485687636463,0.20579307551121856
0.47973092332586686,0.21263382446542356
0.32872153249341085,0.16976698222461548
0.24500250846164173,0.1357440022301582
0.279513287780612,0.15273371333864372
0.23651613541453212,0.13539499553805018
0.22522452498215811,0.13295684894326107
0.2738604164752934,0.15164476890148917
0.35926116972039485,0.1813979977578634
0.257452957511606,0.14406462667445624
0.3004430437885543,0.16109789556042795
0.3213798658856283,0.16872214003716568
0.3451219253679666,0.1762140777647891
0.33776612658192073,0.17403564441826136
0.304407119791409,0.16214382669231495
0.2642505352562517,0.1495975533596386
0.33775906049278903,0.17355596439369478
0.25575709612001046,0.14188673780014713
0.35642766797860387,0.18083120217832443
0.45935938835932477,0.20923468440484558
0.5153440125493742,0.22064845552288118
0.415252859999576,0.1966889555443878
0.3558694469372037,0.18061395776311212
0.42147101843542656,0.20113184884797844
0.27781742638901646,0.1522981355637819
0.458228814098261,0.20849420218758047
0.3496442224122215,0.17878398663647388
0.33210618918747037,0.1729897132863744
0.4718027713201574,0.21049840442416345
0.354173585545608,0.17913299332858193
0.4011065495580161,0.1951197866104481
0.4361826160075183,0.20313659555678001
0.3728351269422912,0.1866690333059101
0.3615223182425223,0.18235626886255943
0.3055376940524728,0.16458306223154118
0.4005553946057475,0.1949902022224267
0.2693310533419068,0.1501197022172542
0.35417358554560807,0.17956857110344374
0.2636781820365882,0.1471142155707076
0.28517322517506233,0.1570900355594806
0.2631128949060563,0.14545902002623268
0.4887613852361134,0.21520264439267117
0.3852785099031239,0.1901106421995371
0.396026031472361,0.19342157776070554
0.2868761526557896,0.15931202668349448
0.3462595657181619,0.17625818001449384
0.362652892503586,0.18248694219501796
0.3094947039661958,0.1679805688754634
0.24898071664275973,0.14149526227499007
0.35189830484521734,0.1790012310516862
0.433356180354859,0.20248322889448728
0.5034659167190735,0.21899271550618768
0.44974950714028306,0.2074488155279121
0.5159163657690378,0.2237851599741049
0.43843669844051414,0.20479124662903636
0.4978130454137549,0.218600695508812
0.4169487213911717,0.19738587998416673
0.43673377095978694,0.20317906438982902
0.4209057313048947,0.19978155774590678
0.5045964909801371,0.2191233888386462
0.42543509443828126,0.20135018220762793
0.41750694243257186,0.19869206883653362
0.43787141130998225,0.20357162885942326
0.37283512694229126,0.187365957745689
0.3666169685064407,0.18479604887400422
0.37906035146727335,0.1892830444272996
0.4050706255608708,0.1962963910747936
0.28743437369718977,0.15992129109608244
0.3564347340677355,0.18126732442540486
0.5555005970845315,0.23127818664616545
0.4672734081867709,0.2104543021744587
0.3292938857130744,0.17259878223343594
0.4842390881918584,0.21428793106546135
0.5153510786385058,0.22256554220449176
0.488768451325245,0.21668415329941998
0.5368319895987167,0.22509189329869037
0.47575978123388046,0.21206648441366602
0.3417302025847754,0.1758656155448996
0.45369945096487446,0.20757894438815205
