0.4387988532929219,0.3020056720724268
0.2581152691576336,0.22166140983941748
0.3006727734288279,0.2474432130132032
0.2852096022239168,0.2459210680762284
0.3238482254032297,0.2629713632284618
0.4629491993320528,0.30731424720088146
0.1653941564270615,0.16522088140521993
0.12092547369233887,0.12392228730675009
0.12767251281358288,0.12619035899144646
0.18569318828968828,0.188329464863821
0.22721788399725873,0.2034827584901231
0.36347139506375425,0.28911666370062966
0.42333568208801076,0.300104884116304
0.3518691904518296,0.2792643723423993
0.4156234013185201,0.2978368124316076
0.34606808814586737,0.2732022976058402
0.34317236320112743,0.27320229760584014
0.30452408760533195,0.2538763579085274
0.1547378886304186,0.15801151832064245
0.1730967847800697,0.1671065236405769
0.2794084999179545,0.24175220843540915
0.2532890609164004,0.21825362266708567
0.2591094680553277,0.23113884460869133
0.1479618922597272,0.14020772356030456
0.14408162083377574,0.13262729031696205
0.15279775291744285,0.14967758546919546
0.2446211909151456,0.21636798043172872
0.27651277497321464,0.23872306428222528
0.30354919354060295,0.2489502122294122
0.32482311946795883,0.267897508907577
0.3277284968291812,0.2713090825101003
0.3074198125500719,0.25842007413830315
0.28326946651094104,0.24402406655029696
0.44751498537658907,0.30391024645874115
0.4107875406608044,0.29404659580993636
0.4088474049478286,0.2902563791882651
0.17889788708603196,0.17089674026224813
0.24365594926689893,0.2133388362785449
0.1808187179660428,0.17202888288950058
0.2320440922384919,0.20954104679649072
0.21562533180181653,0.20347897205993154
0.2697367786025232,0.23189991707717877
0.20791305103232594,0.1936380399922757
0.2281927780619878,0.20386518793946254
0.18374340016023008,0.17469074331411089
0.2049883688381386,0.1902188935293694
0.21175471279234753,0.19779554034252042
0.2339938803679501,0.21182047777176152
0.18181291686373682,0.17317617123751894
0.17791334060482042,0.16823866626782935
0.1624694742328742,0.16483087909549754
0.18470864180847676,0.17847717350559061
