0.2627897493805088,0.24059327700443744
0.3946864903861234,0.2899132962351004
0.4964085191807033,0.32573869507794506
0.9133025940215177,0.4177529965020088
0.8517926037451775,0.4082426600206675
0.7739405915749192,0.3916534501909252
0.7513252407389981,0.3872270820784589
0.45622784730717353,0.31070230602173954
0.3193438097926666,0.26514552859455903
0.2665851133904207,0.24700902404385477
0.2088077538345723,0.22511480374224282
0.24522442834290015,0.23661451915053522
0.281609736206518,0.24744558219726906
0.28041780370753744,0.24701455009642964
0.3318904676766727,0.26824011803648307
0.2339324362472946,0.22954117185470904
0.28669113264954055,0.2527616447742884
0.2640444151689094,0.24236161382839397
0.3117844484175528,0.2624874973060494
0.3331451334650733,0.2702294969634342
0.7827232520937236,0.3940849133238654
0.787710548602616,0.39761606091920365
0.1924657319406543,0.20212089897823288
0.8254446221887646,0.40691640740270013
0.32436247294626896,0.26558761280054827
0.25529312129481513,0.23883046623305576
0.2062984222577711,0.2178204143434221
0.20002509331576798,0.20787351970866652
0.5177692042282237,0.3317123579113732
0.41350647721213263,0.2930078856770244
0.3369404974749851,0.2746558650759004
0.4022144851165271,0.2925658014710353
0.37583513691540416,0.2890236017705473
0.8203945923904521,0.40359524980520667
0.10203569524167999,0.15347505816170334
0.15479439164392586,0.18465304678908714
0.0945077005112763,0.1461806687628826
0.4750478341331828,0.3179966954205603
0.4423951569900567,0.310033653660181
0.4637244753928672,0.3122440746901266
0.4901038235939902,0.32484900061339184
0.532825193689031,0.3365752841772537
0.5114645086415106,0.3261807792839342
0.7525799065273988,0.390763755726372
0.412220444779022,0.29300235962444954
0.8781719519463005,0.4122269439271446
0.8768859195131898,0.4117793336685806
0.8932279414071078,0.4168688280900305
0.5805338602929645,0.35139063113046465
0.579310561149274,0.3458701046081753
0.6031492111288856,0.3527224098010069
0.5529312129481511,0.34232790490768733
0.5717511997741601,0.34586457855560043
0.19622972930585614,0.20654174103812425
0.07060631724224462,0.12671791159421092
0.16232238637432955,0.19636827824779926
0.23267777045889398,0.22534137189781225
0.7990339073429317,0.4004951343107079
0.4386625262695649,0.30871292709478837
0.4185565070104451,0.30207613795237653
0.3670524763965999,0.2843817176076614
0.7274552241146764,0.3810323771420362
0.8229352906119632,0.40448494426975984
0.35199648693579255,0.27598211769386777
0.40472381669332835,0.29278684357402984
0.2954737931683448,0.25674040262819064
0.3105297826291522,0.2578456131431635
0.2828957686396287,0.24833527666182217
0.7098899030770678,0.38059029293604707
0.6470938803676171,0.36687463044523416
0.6596405382516233,0.3684219251661961
0.6885292180295474,0.3794795563684994
0.6722185627803393,0.37550079851459717
0.7349518522003702,0.38390039842839074
0.6106772058592893,0.35979575709683304
0.6684231987704276,0.37151651460812
0.08318434177096076,0.12672343764678576
0.118377717135598,0.157680384171175
0.1284150434428029,0.1804477207796155
