0.495023703862862,0.15657944278961633
0.4444894372501867,0.14716328994308572
0.4703336721567072,0.15182722507357735
0.4815203528170547,0.15277549502235063
0.49155283027703633,0.15596201596473613
0.5274240333203865,0.1626215627970727
0.5305120089471408,0.16381239328419175
0.45529046528988687,0.14811155989185898
0.5050506719996916,0.15872941119768127
0.46184105051773866,0.1492360012446191
0.29594431176157854,0.10443758992164112
0.5177827178042042,0.16207028884628683
0.49078152503574174,0.15577458282146897
0.5725564085824237,0.16777077651109898
0.5447839105726666,0.1676162622980359
0.5779582999330617,0.169590059302114
0.4510455318011906,0.14717431542210144
0.4070673597395193,0.13754867847427218
0.4201823035031031,0.14447275804956447
0.30135171243536873,0.10766829153351105
0.30752215436572544,0.10831879479543839
0.3144804295068329,0.11939987372676392
0.3897074824872391,0.1354206035173956
0.3754328262001372,0.13474789179059374
0.3345426297652202,0.12447183033425867
0.34341814936326,0.12976421776864625
0.3873935667633553,0.13494650791971974
0.3916357455904755,0.13622546348554299
0.3742786229997713,0.13252082378284033
0.3630919423394239,0.13156152835505133
0.3877792193840026,0.13497958435676688
0.44255566482379805,0.1451454697763663
0.39318111073464074,0.1370083512490805
0.46300076304125654,0.15126476813693268
0.48653108222389335,0.15438513620522384
0.49964602598747737,0.15747234908304636
0.44293856278286936,0.14550923183046344
0.412080843807934,0.14123118846552188
0.4074530123601665,0.14048145589245306
0.47611570680484055,0.15227919095980025
0.4722564259367916,0.1522350102903159
