0.23138615470495544,0.10363810891731155
0.32190275648137023,0.14724488890316617
0.27721680881282634,0.13042940890462534
0.24948240897110677,0.11039010889988843
0.260809349849139,0.11631560005466501
0.23420552426848312,0.10503141332465081
0.19066428303926625,0.0934003977914029
0.27607916846263103,0.12210932893254586
0.2619399241102027,0.1221087844603273
0.23816960027133782,0.10542397779424503
0.21555104896093158,0.09736524448708268
0.25119240254096564,0.11387582004322021
0.3643204895386551,0.1647567488692673
0.32133040326170675,0.14711367109848902
0.5764091548250789,0.21511770672657313
0.40449120625207563,0.17543112671447494
0.5775467951752743,0.21977893338981325
0.32362688222949243,0.15112370898831073
0.278368581341285,0.1374002867190703
0.3954324799853025,0.1742104200004247
0.3767709385886193,0.1692007311172951
0.49213897584104127,0.19830113778359515
0.5362525702899216,0.2088001955744209
0.38977254259085226,0.17068169555182533
0.320199829000643,0.1444566466718319
0.5091046558461289,0.20762304663785683
0.4932766161912366,0.2033543844442109
0.46725220991937594,0.19607860218736267
0.5696045109913016,0.2122848177733155
0.4876096127076547,0.19681962887684634
0.392047823291243,0.17373182892029526
0.4265303382536867,0.1849261777342442
0.4429519293956373,0.18950192225916768
0.5441524579391045,0.2089297799624423
0.3852502455465973,0.16981054000210163
0.47123041810049393,0.19629802449144934
0.552094742123077,0.21154542450048758
0.36489284275831857,0.16867749331524232
0.4282403318235456,0.1880634266576865
0.411274651818458,0.18187767778242997
0.3287003342260159,0.15256002670091762
0.4536923848757428,0.19032952003140516
0.3354979119706616,0.16253584668969057
0.4627369789642526,0.1905037511413499
0.3145469576953244,0.14114625558288202
0.4067523547742031,0.1773041111463808
0.5696115770804332,0.2147681555622465
