0.8529688173486616,0.2948823422759266
0.93441256068004,0.3034229334965298
0.8982129860586057,0.2988477334438249
0.9559005377293824,0.3049480001807648
0.8897336791006277,0.29858638677890786
0.9321443460687808,0.3027690223620185
0.9338402074603764,0.3029432534719632
0.8620204775263031,0.29536202230049313
0.869376276312349,0.2967999734297558
0.9106493029303067,0.30054648676578605
0.946848877551741,0.30446832015619824
0.9055687848446515,0.2988918356935297
0.9197080291970798,0.3017236357023501
0.9536323231181233,0.3049474557085462
0.8959447714473465,0.29884718897160634
0.8744567943980041,0.29732212228737137
0.9157368871050934,0.3008513912081893
0.8671080617010899,0.2967994289575372
