0.42136658912558766,0.26260407949988823
0.3112132122276812,0.19175239775691877
0.3401801140915628,0.22583405591042818
0.27060549608594514,0.16749273952010782
0.4068783119854056,0.2485905013612216
0.3122170635418577,0.2125929095308234
0.40392467254177095,0.24213085145455712
0.2715900425671567,0.16787895539963874
0.47353790021331843,0.26792401391891735
0.38560438605804964,0.2402452092192002
0.5508054941554619,0.2925547423144933
0.28321155201204623,0.1841757509437677
0.4204303047267884,0.258829008598983
0.40206175616065487,0.2417787134467495
0.466781208675592,0.26716672788062146
0.3846777540757329,0.23874578286337422
0.47833515120510417,0.2698058697240828
0.4928813428441811,0.27626930606093875
0.41651142363490706,0.25312664473061436
0.48704163087228886,0.27359987277594555
0.4493875541741875,0.2633727248287587
0.4937886699935329,0.28230487578615754
0.5314717039410817,0.2861064516984032
0.48993735581702885,0.2735998727759456
0.3633941757318945,0.2372122786358249
0.5440198453682878,0.29027152490903096
0.44842231252594095,0.2629940818096107
0.4445420410999894,0.2626078659300798
0.47644327757454086,0.2686850863874048
0.24455362399976832,0.16636059689285537
0.33730369397978777,0.21864741140699956
0.30349127904170814,0.1887232536037349
0.3614443876024363,0.23038913143077835
0.47447418461211766,0.26829129764749093
0.31123251706064614,0.19516775778963347
0.39623169660524515,0.24062763866853965
0.5845792994276118,0.29974517324811334
0.4600245171378655,0.26640944184232546
0.6271078464493587,0.30203974994415017
0.5237690755880734,0.2842208094630463
