0.2789550667392118,0.15090483115644263
0.19296782809618362,0.11479053337043003
0.16863928321591848,0.09884675339383145
0.5871496103051843,0.2282285977499141
0.39997597529695245,0.18941371775975815
0.3592541036312632,0.17982937329614224
0.3157057963129147,0.16183837777769308
0.4791515040170717,0.21128244441891475
0.5311720522042664,0.22173739996003575
0.38300322920273316,0.18531819773161984
0.40335356590188026,0.18984820659018284
0.4485977346118244,0.20265582658777626
0.291949604652313,0.1557827577626765
0.24161785176758216,0.13500406448511168
0.2885578818691219,0.15199323112137864
0.506850573413133,0.21607379994239484
0.5102564283745874,0.21964662664069898
0.5345708410765894,0.22452564219137
0.49215310801930456,0.21359100662568242
0.5311791182933981,0.2237851599741049
0.5057270652412009,0.21411424442773522
0.3875325923361197,0.18571076220121405
0.5028864974102784,0.21380825104089474
0.2376537757647275,0.13491640445792072
0.2003236268822295,0.1231106133425095
0.20711413853774352,0.12372096669953465
0.22407275245369943,0.12777184000574962
0.24727072307290085,0.13857580223897864
0.20992644201213956,0.12720449995399208
0.23311734654220925,0.13317300441403626
0.23369676585100446,0.13400169113071092
0.22859504949795437,0.12977549777011402
0.32250337405756035,0.16710995779795834
0.31684343666311005,0.16240517335723204
0.35473180658700826,0.17569138443495488
0.3168363705739784,0.16188193555517927
0.3456872124984985,0.17312147556327012
0.306095915093873,0.16027029778819052
0.22691332028462205,0.12929745116220318
0.4740568537531532,0.20901689551741467
0.4316461867850001,0.1987361710862384
0.4220292394768268,0.1968190844046278
0.3179598787459105,0.16244764219028107
0.35191243702348063,0.1731220200354887
0.49101546766910914,0.21197882438647508
0.3270186050126836,0.1677192222105463
0.34059962832371166,0.17246810890097738
0.3179669448350422,0.16301443776982
0.4406978469626416,0.19917229333331882
0.41411521964938064,0.194728311085291
0.405628846602271,0.19093823997177456
0.3564347340677355,0.1763888533469524
0.37113926555069565,0.18466537554154566
0.3841408695529285,0.1856236466462417
0.3541665194564764,0.17473311333025887
0.39149666833897434,0.1870615977755043
0.45087301531221513,0.20609797995362186
0.4412631340931734,0.20034835332544573
0.39035902798877903,0.18614633997607588
0.228602115587086,0.13234595111401737
0.19353311522671549,0.11736044224211481
0.22521039280389482,0.12812084669785767
0.17316864634930507,0.11130482222709827
0.1720310059991097,0.10520618890681413
0.19353311522671546,0.11653284446987736
0.2421760728089824,0.13822679554687062
0.1822132404378149,0.11448453998358961
0.14486895937705357,0.09096061777995808
0.26877283230050664,0.14850860892248402
0.2959207467442994,0.15809240891388138
0.3156916641346514,0.161140364393477
0.26197525455586096,0.14567626444144502
0.33041739388500646,0.17081236888428386
0.24782894411430106,0.1402740110887212
0.27611449890828926,0.15055527999211607
0.30779177648546857,0.16057520223059377
0.3032553472629504,0.15865757107676456
0.2913843175217812,0.152080346676351
0.30326241335208204,0.159572828876193
0.2749909907363571,0.1493797644722077
0.2800715088220123,0.15186201331670154
0.2670699048197794,0.1469399844607629
0.2551918089894786,0.14306279779227407
0.26027939316426535,0.14402106889697006
0.4129775792991852,0.1916351644115535
0.3055376940524728,0.16014016892795052
