0.3928202500681779,0.16165100563000345
0.8970169769792932,0.25065292492963986
0.38626691017875,0.16011854280024024
0.9332765873048666,0.25213057537801065
0.5131879422953493,0.18950262567845094
0.026665124056184073,0.036837700459943605
0.5517697323295346,0.19832348141155437
0.18140272876775718,0.10466904622754968
0.6482104341071177,0.21412378037529328
1.3773307880260371e-05,0.008589241920351784
0.5031554648353678,0.18846607314413044
0.5243746229556968,0.19081473643474295
0.9197759909206354,0.25210844566655766
0.6968109282934044,0.2239366929595466
5.509323152104149e-06,0.004068559263642909
0.24660556827290978,0.1236887850638781
0.2527760102032664,0.12496774062970134
2.7546615760520743e-06,0.0021720981195179254
0.38973227444142355,0.16086811786646596
0.0015646477751975786,0.014631440681229698
1.1018646304208297e-05,0.007288156643075555
0.8966313243586459,0.2504544663073569
0.7550610019806014,0.23434521767091332
8.263984728156224e-06,0.0057445108274535375
0.9105175733635243,0.25144683817219304
0.3291710396919185,0.15114325160749523
0.6184958996862441,0.209415349561631
0.7323019880392593,0.22969230801943744
0.4422058228036394,0.1740883759871053
0.005432192627974692,0.021456527205645108
0.30215882827715196,0.13943372037227378
0.1304635269034023,0.08190048701903414
0.8160078893507537,0.24093884788942022
0.8788857944857182,0.24889971625929763
0.4090259241200924,0.16381223577734874
0.2049275386272419,0.10637799547498593
0.903573071530297,0.25113804600633144
0.5170472231633982,0.18981141784431266
0.22307249442869698,0.11603686636670539
0.7373182267692502,0.23091621494360362
0.8082975915993837,0.24031047433894584
0.9093606155015825,0.2514137617351459
0.7944058332713532,0.23767514859392472
0.5887951385732506,0.20530268838192517
0.17599808275554304,0.10071074175406396
0.14745152484291546,0.09232011596283815
0.8433974894014393,0.24495235851140607
0.00040218059010360284,0.010783390997901144
0.4356497282526356,0.17301890452258073
0.12352177973175107,0.08023563968766077
0.21149740648612617,0.11127370192507229
0.4888918271945701,0.18722035152219743
0.8028957002487456,0.24016706435832
0.015470179411108448,0.02883288768084641
0.5243746229556968,0.1901532076937999
0.0007878332107508932,0.011367741385734181
0.7454196864644191,0.2324488352802099
0.10962451208056836,0.07343252536785526
0.18911578118070302,0.1046910971855811
0.13201440137071963,0.08707167293767039
0.8781144892444237,0.24831536587146458
0.0343891951154341,0.044357392162349234
0.08030940358822221,0.06506402928808246
0.9047300293922388,0.2511711224433786
0.6242889529806815,0.2102094203110273
0.26203993708352963,0.12599334643842772
0.898173934841235,0.250686001366687
0.597290514873795,0.20690169785289045
0.04596152839642886,0.04898817210237221
0.91398844694935,0.2518327299377432
0.9016448084270606,0.2510718931322371
0.6744403216342855,0.22133460115841572
0.20686957503835862,0.10810938944756131
0.21226871172742076,0.1144600653606147
0.098443340743373,0.07137083954533759
0.9074323523983461,0.2513476088610516
0.3762316780571923,0.15760449732439194
0.12429583963462172,0.08032392227320807
0.16557719801333806,0.09765644780644553
0.3156649339845353,0.14376696988571544
0.77550610019806,0.23664970029204144
0.8908437803873605,0.25017875057854244
0.20724696367427778,0.10855017234792541
0.5378779740015043,0.19357126369551542
0.01701554455527366,0.031820871247527444
0.07837287650025758,0.060466168278263566
0.5752945421890193,0.20184060921756836
0.5617967004663642,0.19841168524368014
0.062167202448343215,0.05488703963604578
0.2531644174854898,0.1252103799214687
0.6960396230521098,0.22336336805072934
0.008517413593153014,0.023220603848159944
0.44645075629233577,0.17586355686205746
0.14358673465171437,0.08715995552321765
0.702984124885337,0.22509444700961853
0.47807702584698963,0.18156380826660504
0.8364529875682121,0.24443408224424581
0.05445139537382135,0.051513164303814626
0.28094517947997505,0.131826061098007
0.1455177524165269,0.08766720631136223
0.27708314395035005,0.13116437485022087
0.38625864619402195,0.1584975611246651
0.5633393109489535,0.1992055197328118
0.6150305354235707,0.20804834767052513
0.020103520182028035,0.03340861897921233
0.2693673368758281,0.12740460775243959
0.29945650527104495,0.1373057241688187
0.8734839031350801,0.2482160578069016
0.6485960867277647,0.2150940225286764
0.5128050443362782,0.18918296554041672
0.6223579352158691,0.20973524595992987
0.08763955804209676,0.06911045884027239
0.206092760473912,0.10750283059485372
0.7496591106299634,0.23341899868017152
0.131240341467849,0.08261730066189887
0.46727875246886524,0.1793807634214929
0.11156654849168511,0.0798828243591578
0.012767856405001362,0.028005898001246036
0.6277653358896592,0.21194057802333807
0.38086777348968787,0.1580457527452853
0.6350872263588057,0.2140683379665285
0.7959484437539424,0.23965973481675384
0.0007905878723269453,0.012338062292538879
0.8171648472126954,0.24158935115134755
0.1736841670316593,0.0978771936470245
0.48155065409439135,0.18283181710683408
0.41249404304434184,0.16382318250294292
0.6636392935945853,0.21852302525598613
0.004658132725104057,0.018953664715655655
0.5679643877351448,0.20094746666387364
0.06101299924797741,0.054721736204231576
0.050203707223549054,0.05037738245835263
0.7064577531327386,0.22702398459079065
0.15940951074455745,0.09657602961632673
0.3581032502251936,0.15460548827869522
0.5718319325879221,0.20171956520866008
0.5671903278322743,0.19974561069773886
0.08648260018015491,0.06748971342496189
0.6655675566978219,0.21931685974511783
0.011605389219907386,0.024764249663781955
0.27592618608840813,0.13005080146963335
0.5860983248902957,0.2027228050456688
0.8854446436982983,0.2492856867782693
0.8356789276653416,0.24387170406102265
0.41288245032656523,0.16740654193647272
0.7878497387203492,0.23680413575168302
0.06950011156379383,0.05897764985772013
0.6840788824888917,0.22238194291148733
0.8846733384570038,0.24925261034122215
0.6107828472732983,0.20721025375848745
0.8140823809090932,0.24059713679335454
0.846868362987265,0.24530517383990902
0.8792714471063655,0.24915330227665913
0.26744182843416764,0.12644546983149368
0.34885034199123477,0.15256585341420897
0.8877585594221821,0.249726705938898
0.4267714539930196,0.16895026650551623
0.1073133510182607,0.07330029837308819
0.08570578561570821,0.06659649211784568
0.8314395034997972,0.2434858910488941
0.41905289225692177,0.16800191780332144
0.4715264406191378,0.18082525867939497
0.11079524325039053,0.07754542280782566
0.0011789951545502879,0.01381555523406659
0.314114059517218,0.13998499432305966
0.8241121037074988,0.24233924123125944
0.029370201723867215,0.03912013212304025
0.8754149208998928,0.24821613656032313
0.0011762404929742361,0.013341380882969189
0.48155891807911944,0.18362588785623035
0.00039942592852755076,0.009482305720624916
0.11001842868594384,0.0746124878828017
0.32222378319711537,0.1466888005783022
0.29753099682938455,0.1350235287659867
0.5621823530870114,0.19848886359679016
0.43179044738458666,0.17013015026704115
0.5390321772018699,0.19429886655713127
0.2072524729974299,0.11100901167527352
0.40169301500464166,0.1637348999173956
0.7573776723660612,0.23495169777019936
0.3256974114445169,0.14808911516671985
0.7866927808584074,0.23674900835660442
0.6952683178108152,0.22272389026781766
0.7053007952707968,0.2264947615980362
0.5209037493698713,0.18989962167643834
0.8700157842108307,0.24773101548363155
0.8715556400318438,0.24781914056233575
0.7292140124125049,0.22906377696211996
0.4290798603937513,0.1690272873517832
0.4637968602367356,0.1768776646712388
0.28325634054228266,0.1342405622490276
0.17522677751424848,0.09996100918099514
0.19451767253134114,0.10634499779136031
0.0023414623396442636,0.01878820377699835
0.0015674024367736308,0.01572304185720729
0.8117657105236334,0.24032142106454002
0.8553554753030815,0.24657318268013811
0.6609369705884781,0.2179165451567001
0.7944058332713531,0.23938409784136092
0.8588263488889071,0.24673856486537388
0.012765101743425312,0.026021233024995316
0.8676991138253708,0.24770888577217856
0.32492886086479844,0.14707484985069538
0.5259199880998621,0.19281042689000935
0.8468683629872649,0.24614311024510357
0.8291255877759136,0.24269205655976242
0.8912294330080076,0.25037720920082535
0.7901636544442329,0.2375979702408147
0.8649995454808397,0.24763170741906856
0.8777288366237764,0.24827126395540172
0.5351728963338209,0.19339469852442087
0.22885728373840628,0.11828606408591179
0.35887455546648805,0.15613802986187997
0.10615363849474274,0.07155819393518326
0.7241977736825141,0.22856755165299109
0.2388952705215401,0.12360065998517387
