0.3102575333107451,0.13232228640713584
0.3623289010828575,0.14550899557019883
0.3769974739753348,0.15212467674673713
0.4850077543723366,0.16966700139495938
0.4093978034328593,0.15558683466451556
0.490792543682046,0.17170671501286713
0.4171108558458051,0.1589165293272623
0.36889601428016566,0.151485120210404
0.40284170888185533,0.1554324779582955
0.29673214497232947,0.1146145795736778
0.290941846339468,0.11195728162404676
0.34381206596863534,0.14214606696356186
0.4128686770186849,0.15598375190908143
0.30754694631990986,0.1270958943399995
0.4745923789532837,0.1685092473448875
0.4394897264896521,0.1657636668097092
0.518567796353379,0.17689995188953478
0.511628803843304,0.17380187103953967
0.42135854399607736,0.16463891044326284
0.3195131962062801,0.1394557713303052
0.5100724200528344,0.17248944526956156
0.4333220392208716,0.16473837601466895
0.39859402073158307,0.15412028844858205
0.3021367909845436,0.1222774449964447
0.4637968602367356,0.1681895872068532
0.3681164450541429,0.1455421507606675
0.301362731081673,0.1168307796092586
0.35500150129055896,0.1447482375181143
