0.5218675495410275,0.3077080359407954
0.6058725301879325,0.32513697411217674
0.5151012055868186,0.3077042495106039
0.5846372139265065,0.3240010450547328
0.5112305865773497,0.3027781038314887
0.30062451134641555,0.22205519857933137
0.4310479628575014,0.28268351880530557
0.5083059043831623,0.2959511701962506
0.33540216793274197,0.23191127636775322
0.32283472167257077,0.2277386302967425
0.32574009903379314,0.2307715608801178
0.35377071649887554,0.24366056925191495
0.3373326512292352,0.23986277976986076
0.3199293443113484,0.22394841367507123
0.36247719616606017,0.25540607570588525
0.5720987249157827,0.3217329733700364
0.5624173511838689,0.3167992548305383
0.5237980328375208,0.31225175217057116
0.30059555409696825,0.21030590569516963
0.257130722676422,0.18113903393020092
0.28418644607677535,0.19705340002499042
0.27547996640959066,0.18530789357102015
0.2725842414648507,0.18341467847528026
0.3344369262844953,0.23115399032945727
0.28516134014150446,0.2034941177806975
0.2909817472804317,0.20956376537763957
0.3798322410015348,0.25956357605613
0.4146388548373085,0.27435337238405005
0.35664713661065045,0.2478180696021597
0.46581596702734535,0.2959435973358677
0.3895039623169661,0.26638672326117663
0.39627995868765753,0.2682875112172994
0.4619550004343588,0.2864775218571683
0.5421376241542071,0.3149022533046069
