0.37314311637918557,0.27852223202486925
0.24940878949044892,0.18568275015997662
0.2513006631210123,0.18642489047750668
0.257130722676422,0.19098375242804833
0.3354504300151544,0.26184300703140084
0.31709153386550326,0.2512334296348745
0.350903948803583,0.27509929913177156
0.38470671132518025,0.2841943044517059
0.27170587156494624,0.24478892544897593
0.25908051080588024,0.2148458354947539
0.30648352815127267,0.24745078587358618
0.26297043464831427,0.21750769591936414
0.3199969112267257,0.2523731451225099
0.40984160384552276,0.3020056720724268
0.4764625824075058,0.31185796343065714
0.4687503016380151,0.31034717778425674
0.3142151137537283,0.24972643041866555
0.3141958089207634,0.24820428548169066
0.3972934624183164,0.2940541686703193
0.5421569289871719,0.32967690391176097
0.21658092103358073,0.1841643916531932
0.32482311946795883,0.2599460055054695
0.3963089159371049,0.2898815225993086
0.4561732029613614,0.30352024414901874
0.4455845020800958,0.3023956743821492
0.38954257198289594,0.2853340199393414
0.3711740234167624,0.2777498002658074
0.48711885020414863,0.3258829008598983
0.3219370469397013,0.2557847187250332
0.4687503016380152,0.3111044638225527
0.34413760484937406,0.26790129533776846
0.4542523720813506,0.3031453875600622
0.383770426926381,0.2811765195890966
0.4571480970260905,0.3095823188855778
0.3412322274881517,0.26297514965865326
0.4784027181204815,0.3164054660906244
0.4339822974681712,0.30238810152176626
0.4600727792202778,0.30997232119530027
