0.4281908691996242,0.1625783155227396
0.1894983783325443,0.08163707550904066
0.9163163064138887,0.2998070934929581
0.21439221034334127,0.08825949110359617
0.946848877551741,0.30446832015619824
0.523229768020294,0.19080920005597174
0.029988482274715417,0.01672836444356845
0.587700765257453,0.20509832896031396
0.4632810678273897,0.16955082675384028
0.32075805004204316,0.12372260011619035
0.10750348004889733,0.05602292445829097
0.7692709915842877,0.2612094579180144
0.05204881254372143,0.02522321999781122
0.39032369754312085,0.1573954844741024
0.4553529158216802,0.16950618003191695
0.8286614707357914,0.2788095223835252
0.031119056535779142,0.01725105777340264
0.8778485171811953,0.2861277734734224
0.004543495311649861,0.010237711125908657
0.04017778280255227,0.0242649488931152
0.5435871708085727,0.20300592222432148
0.9536323231181233,0.3049474557085462
0.35242826153009094,0.1391431422907362
0.8999088474502013,0.29396926236537246
0.04131542315274765,0.025180206692543616
0.06393397446315388,0.033282497777192166
0.380134397015284,0.14354302228905919
0.7409925028794311,0.25846422899194776
0.8201680315995501,0.2724054401486191
0.7675821962818236,0.26094865572531595
0.037909568191293166,0.019952184449764543
0.3529864825714912,0.13970884892583796
0.687247828944114,0.23703053563543444
0.14539184997279556,0.06090248448118059
0.7913171896750302,0.26451984900696435
0.8784208704008588,0.28839332237492254
0.13349962196423149,0.05615305331853094
0.24380833939839322,0.10145913109856526
0.6267479737989415,0.22805654452884366
0.7924548300252255,0.26626270457863016
7.066089131648307e-06,0.002701126676361902
0.53568728315939,0.19603776677096946
0.08316786907950055,0.043127644433506605
0.10524233152676987,0.053540131141578566
0.4689198069544451,0.1724245511234912
0.514185173931784,0.1905042956135684
0.0005723532196635128,0.004748342218212487
0.93441256068004,0.3034229334965298
0.7381519350485084,0.2555883267334226
0.02885084192452004,0.015290413314305844
0.1815914245942298,0.07580087779811079
0.4757244507882223,0.18017946893268744
0.06789098437687692,0.035416828874015115
0.14539891606192717,0.06682688669152
0.20589877120709998,0.08216031331109344
0.05317938680478516,0.028446495531788737
0.45138177372969385,0.16689162443830882
0.3852361133683341,0.1487710445318383
0.10408349290917956,0.04831101995436234
0.4830661173960048,0.18479604887400422
0.023770323838864904,0.015029611121607325
0.40957172433773087,0.15800747124778333
0.9072646462362471,0.2969317357066515
0.23418432600108816,0.09387898887153232
0.1651910317196741,0.07018138003017464
0.7981218335088075,0.26757052684765287
0.026031472360992364,0.015116726676579692
0.9010464878003968,0.2963654845993311
0.7443842256626222,0.26029365564636747
0.3806996841458159,0.14598225782828542
0.6816020237279272,0.23668261788776357
0.3241568389143661,0.13709538227666704
0.27097745210958085,0.1083004245249888
0.28116675263741775,0.1150094112022981
0.8835084545756456,0.29318467789840263
0.6193780428346324,0.21808018006785213
0.5894036927381803,0.21180677116540467
0.32186035994658035,0.1257676377691666
0.012457515139095965,0.011631560005466501
0.13351375414249475,0.05933386001945943
0.010196366616968506,0.011239540008090857
0.808275803590986,0.27100995785240556
0.1448265628422637,0.06020556004140166
0.14991414701705047,0.06813307554388691
0.8557952530013209,0.2859529978912591
0.7703803675779561,0.2633857133756679
0.22514679800171,0.09117895113960757
0.08146494159877332,0.03929401554250395
0.006804643833777319,0.011108866675632309
0.02206739635813766,0.01228492666775924
0.03282905010563803,0.019865613367010752
0.9095257947583746,0.29876116236107114
0.7228891825241481,0.25240860897693124
0.07015213289900438,0.03759471774832424
0.2907625016781962,0.12175977776821925
0.23987252775206505,0.0986730667561053
0.7766197242812017,0.2640407134546163
0.1335066880533631,0.05828792888757248
0.08713901117148691,0.046395566689407454
0.5978971318744214,0.21324526676688588
0.5837437553437299,0.2037480378582423
0.26529631644773566,0.10285352445034167
0.8224221140325461,0.2769349045349635
0.21384812148020438,0.08477650232135729
0.00170999356985889,0.004879560022889612
0.45026533164689353,0.16510684450581248
0.6997053440832102,0.24204131346300123
0.13407904127302664,0.06016145779169691
0.9321443460687808,0.30050401793273696
0.8009341369832034,0.2700086734424419
0.0017099935698588903,0.006926775564740197
0.7822725955865205,0.26425850234204723
0.0611004727213629,0.030973391098205908
0.5294479264561444,0.19233372226798814
0.8354378502130423,0.28325187121489726
0.47459387652715856,0.17713042450865465
0.6476706637177518,0.2352005645087962
0.7110040206047157,0.2474854911765555
0.6883854692943094,0.24090772230392327
0.47347036835522655,0.1733850001170615
