0.4506516151958152,0.147791505986717
0.3453298844970401,0.12235462334955473
0.45991003275292613,0.1516946043117026
0.6292500984791514,0.17307411067108078
0.39973445062406865,0.14368971277918385
0.3954895171353724,0.13846355697231214
0.45952438013227886,0.1488941326417103
0.35807570360943314,0.13661111899082848
0.25968470143600514,0.09530825703636227
0.3056076645703693,0.11657727234531866
0.3048280953443465,0.11299375540494577
0.43869913861732523,0.1463362215100638
0.4514229204371098,0.14812227035718853
0.5845088851609136,0.16869683799499777
0.2785871891708744,0.1036877785951508
0.28515154770660656,0.11032535322287748
0.3221879725966267,0.11824204092327047
0.3202624641549663,0.11707341890102595
0.47495599428132257,0.1519042459198443
0.49155007561546027,0.16023982306941306
0.4815203528170547,0.1553113551959657
0.5335944752507431,0.16578587527458366
0.5262615661352925,0.16211423325550658
0.3275926186088408,0.11927859345759101
0.3476520642056521,0.12641223588760345
0.4271268053363304,0.14456104063511174
