0.2982499635007341,0.0952641551202994
0.4845945551359288,0.1499306064226093
0.4950126852165578,0.1522350890437374
0.44371813200889215,0.14767046197780875
0.506976180441352,0.15883958723441688
0.5629040744199372,0.16180567734990958
0.583740334581195,0.16855358552121494
0.349183656041937,0.113026989348836
0.4552822013051587,0.1484641389600973
0.38390891986964953,0.12865056563463723
0.36577498271449865,0.12039224559160006
0.37387919707124384,0.12439465198114864
0.49115064968693284,0.15129776582055832
0.46993975555133183,0.14919189932855623
0.5011858818084904,0.15378976033837513
0.35420540409507995,0.11565128961484145
0.38391442919280155,0.1287609779316375
0.3252621749155008,0.1035227114236012
0.4873051421267641,0.15115474960704015
0.36538933009385133,0.1201717360112857
0.3472636569234287,0.11065674762072132
0.40204561168637626,0.13722870332255174
0.4240333203864239,0.14399850494504549
0.40011459392156384,0.13561890463283544
