0.4560975811316701,0.18169619276821508
0.46920701557210204,0.18175124140987214
0.4792422476936596,0.1849488665846949
0.4260111673980294,0.17749532775638358
0.42832508312191314,0.17923735344086697
0.26357979290454275,0.12578378358370754
0.2902091063602381,0.14276357254186356
0.3924456160938348,0.17080246822673523
0.3611994898366762,0.16573051161924046
0.3384377212337578,0.1605372747425728
0.3924456160938349,0.17125451286637966
0.375474146123778,0.16883985420851597
0.3835756058189471,0.17055990768838947
0.41674999517934225,0.1759626286663557
0.40132113569187455,0.1732833585121148
0.40710592500158393,0.17383463246290065
0.4167472405177662,0.1758412696437613
0.3943738791970713,0.1725003919951558
0.40826288286352586,0.17435282997663942
0.393990981238,0.17209252802499575
0.40402070403640566,0.17333848590719336
0.3654416686637964,0.16734023155553526
0.33496960230950834,0.16003018146127132
0.3068059423559519,0.1518599864969384
0.3500155638379048,0.16366874704330128
0.32455147222887937,0.1569869917460902
0.32802234581470496,0.15871799195155786
0.3168384198159335,0.1556859852222355
0.38241589329542924,0.17000855498418202
0.346539180928927,0.16351423283023814
0.2998586858611486,0.15012882878462763
0.3102768159417775,0.15440687214956916
0.3206921913608303,0.15677742889137
0.33457844036570883,0.15940157165053237
0.339980331716347,0.16265416671359062
0.3592739813950158,0.16536674956514333
0.37007500943471594,0.16745064385253552
0.28828084325700165,0.14202486544781046
0.29021737034496636,0.1471298984923524
0.29561375237245235,0.1477913484798739
0.2786395277408194,0.1417382029934018
0.2716922712460161,0.14012832555026397
0.2686015409576857,0.13592746053843247
0.26628487057222594,0.1326748654753742
0.2635825475661188,0.13247632809966972
0.30448651730891607,0.1505588224662406
0.32532002280859784,0.15718537161495155
