0.9467771836890978,0.25213065413143215
0.8993308927031768,0.2473563067039402
0.7851501703758182,0.23530467060554539
0.9271033907129339,0.24989232438439837
0.8943174086347621,0.24654042125677714
0.7157161706898498,0.2301663248636917
0.7627768090551235,0.23300018798441732
0.8750265136176693,0.24482021027006054
0.8866016015602403,0.24596701759453826
0.77550610019806,0.23417999299252065
0.9236325171271083,0.2497159167201469
0.7704926161296451,0.23372794835287622
0.7882381460025728,0.23551423346026557
0.7292167670740809,0.23018845457514467
0.7508188231534813,0.23147859312682673
0.766247682640949,0.23331992687587316
0.8765718787618345,0.245371562974268
0.7917062649268223,0.23719002751723312
0.8985568328003063,0.24716879480725149
0.8935433487318916,0.24615445073780545
0.9066610471570514,0.2496717360506625
0.8464854650281939,0.24368450717802007
0.8823566680715441,0.24542669036934656
0.8148536861503879,0.23900946781509116
0.8464854650281938,0.24366245621998864
0.8453257525046759,0.24241649833779097
0.836067334947565,0.24209668069291365
0.9294173064368177,0.24992540082144551
0.9301886116781123,0.2517335793800233
0.8811997102096022,0.2453936139322994
0.8584406962682599,0.2447098767264818
0.8349103770856232,0.2405090117146503
0.8349103770856231,0.23934031093898422
0.8356816823269178,0.2407515722529961
