0.5568114217727543,0.5026058072275357
0.4491374182034503,0.48078575110245686
0.2926829268292683,0.41303476318652993
0.16061867935752527,0.3533589141515377
0.14753123140987506,0.3017009335089629
0.4967281380130875,0.4945306683466009
0.0874479476502082,0.26613596013974
0.25639500297441997,0.39121470706145123
0.14812611540749554,0.33955672641887635
0.24390243902439027,0.38886661703224323
0.3170731707317073,0.45547219517782483
0.30458060678167753,0.4279250902010194
0.5098155859607376,0.4969360288643262
0.2444973230220107,0.3889238875207605
0.46044021415823916,0.492182578317393
0.34146341463414637,0.45552946566634206
0.37775133848899467,0.47276788271003944
0.6287923854848304,0.5312983219746864
0.2082093991671624,0.3808487486398258
0.03926234384295063,0.21453524998568238
0.014277215942891138,0.1628772693431075
0.12373587150505651,0.2948284748868908
0.06365258774538965,0.24780940381421454
0.026769779892920884,0.20416929156405703
0.05116002379535991,0.2374434453925892
0.05175490779298038,0.24322776473283317
0.0511600237953599,0.2282801672298265
0.0993456276026175,0.2707175992211213
0.12314098750743604,0.2821716969245748
0.1356335514574658,0.29711929442758145
0.6044021415823915,0.5048966267682263
0.6168947055324212,0.5152625851898517
0.28019036287923854,0.3992325754538686
0.1963117192147531,0.36137678254395506
0.280785246876859,0.39928984594238587
