0.2373140947768862,0.09264001236113704
0.2508174458226935,0.10254105002409461
0.23769699273595743,0.09601373018652512
0.22997567633828347,0.09012588813186724
0.4572325017010036,0.16226866871514817
0.49387776464722427,0.1674398546337844
0.38933835783604803,0.15115443459335398
0.24040207040364056,0.09880333388434479
0.24580120709270262,0.10099740420847261
0.24619236903650205,0.10235369563424897
0.5405555050534269,0.1750257779637059
0.5112348872379284,0.17450726543628098
0.4965773329917553,0.17102313531389263
0.57796656391779,0.1775617168907425
0.5544362447351531,0.17602901780071462
0.4919439922208358,0.16709790727745408
0.4799915156423458,0.1667010687863098
0.49349211202657695,0.16719729409543863
0.5015935717217461,0.17112244337845564
0.2651086300792516,0.11790017232036167
0.25468774533704663,0.1080100813829983
0.28864170392346455,0.12197983581644184
0.290569967026701,0.12204598869053615
0.2921125775092901,0.12280674674262067
0.3241327636693195,0.13002875051160193
0.2786064718019068,0.11833016600197466
0.26317485765286314,0.11288342186136704
0.4718900559471766,0.1665576588056839
0.4634056982929362,0.1631728367478586
0.4861647122342785,0.16691063164102996
0.41749926312802843,0.15709740404309044
0.4410295823106653,0.15993110965697296
0.4664881645965386,0.16341531853278285
0.44913379666741043,0.16158508901617372
0.4394869718280761,0.15961137076551715
0.4336994278567907,0.15834336192528808
0.25120860776649284,0.10670883859887896
0.3040705634109322,0.12698548204299923
0.3133289809680432,0.12889296866613995
0.3106266579619361,0.12801085159146097
0.2813032854848618,0.11847341847575746
0.28130879480801385,0.12083302849196412
0.2955806964335397,0.1252874007677356
0.2361516275917922,0.09170268913795798
0.23229510138531934,0.09058911575737048
0.3272234939576498,0.13075658963348238
0.25970122940546136,0.10958672488224594
0.23924235788012263,0.09703917848840841
0.4209728913754301,0.15777003701647074
0.356166723137229,0.14550923183046344
0.3727497858250625,0.14972096481446762
0.33147118210792215,0.13743818742385042
0.39281198608344975,0.1535029403771234
0.37236413320441525,0.14761509832246553
0.3411180069472566,0.14027189303773294
0.3492222213040017,0.14410891724204575
0.4086320075147168,0.15595083297887735
0.36464832612989334,0.1457517136153877
0.4707330980852348,0.1638453909678174
0.4151908567272968,0.15675577170044624
0.3889554598769769,0.15103323307760266
0.34806250878048384,0.14059171068261025
0.37198123524534393,0.14611571192974945
