0.5585467321743999,0.295970102347208
0.384639144409803,0.24289571035323604
0.3885387206687195,0.2572992908016251
0.4435864518682252,0.26715536859004696
0.34986148782347665,0.22546677218185465
0.4348799722010406,0.26298272251903626
0.34214920705398605,0.2224414144588623
0.36438837462958856,0.2410100681178791
0.5372631538305614,0.2955725271771027
0.3334523798032838,0.21372883858826733
0.36728409957432845,0.24214599717532306
0.3266763834325924,0.20879890647896068
0.3508556867211707,0.2285072756256129
0.303529888707638,0.20123361895638409
0.41752492736556596,0.26109708028367934
0.44258260055404874,0.2641110787160973
0.6241928166716537,0.31263418161991047
0.5585177749249525,0.29558010003748564
0.27158039015067426,0.16901109802689118
0.5643381820638798,0.3107371800939792
0.2986650708004749,0.1860727524696991
0.2754510091601433,0.17280131464856244
0.413654308356097,0.25995736479604387
0.3624192816671654,0.2338007050333016
0.4542137624154207,0.27813980257552984
0.4918967963629695,0.29405795510051075
0.4426115578034962,0.26639429612155957
0.3537321068329457,0.2326647759758577
0.3643497649636587,0.23531527710989353
0.2657889402611944,0.16371009575881953
0.28708217102151523,0.18115039322077536
0.28418644607677535,0.17698532001014763
0.24359803476800412,0.15765559388264339
