0.008894802229072147,0.017189430566297743
0.0826095460042257,0.05350893351250261
0.011985532517402572,0.02036492602966752
0.21765958443175462,0.1059591847792317
0.15399660074761518,0.08389633498114367
0.9332765873048666,0.25213057537801065
0.0007878332107508932,0.010673136207743968
0.8530415595791977,0.24556986408970782
0.7639337669170652,0.23625270429405404
0.0011762404929742361,0.013341380882969189
0.2882698246106974,0.13261981683371715
0.22460408626498188,0.10964177352390297
0.79942482666292,0.24020014079536717
0.8013530897661565,0.24021116627438288
0.7126309497246713,0.23144528042951495
0.8649995454808398,0.2465401849965125
0.8611430192743669,0.2460440384408052
0.6894862831626819,0.22836901427728665
0.028579613851540266,0.02616464300562118
0.6740546690136383,0.2263401686315515
0.7022155743056185,0.23016624611027017
0.8241121037074987,0.2430338464092497
0.08800317337013562,0.05392774420825681
0.709542974097917,0.231070335389559
0.006192479222965064,0.01410221768847525
0.7990391740422728,0.23979219807178562
0.6728977111516965,0.22562351249552987
0.6983590480991457,0.2296149721594843
0.542899722054647,0.2023036793362285
0.8642282402395451,0.2464740321224182
0.6860154095768562,0.2279610715537051
0.13894788455764268,0.0780084929264858
0.6887149779213875,0.2282146575710666
0.6863983075359276,0.2279940692373307
0.3638880395349029,0.15617110629892714
0.13546599232551287,0.07101802421683462
0.09610738772688084,0.059010647541345745
0.29830230207067904,0.13631350981082566
0.6809991708468656,0.22707895447902612
0.5386547885659507,0.2009805431009208
0.291740698196523,0.13334749844875451
0.33418452376033336,0.14711895176675824
0.6813848234675128,0.22720023474819903
0.6844700444326911,0.22781766157307923
0.8622999771363087,0.24640787924832389
0.7083860162359752,0.23070649458204034
0.6728977111516964,0.22577786920174991
0.7064577531327387,0.23064034170794603
0.3962938783155795,0.164969753567156
0.5988358800179604,0.21391398126030842
0.08877998793458233,0.05475481264127871
0.7955683004564471,0.23938425534820407
0.6952710724723914,0.22924002711952834
0.5070202550265687,0.19362623358375095
0.6875580200594454,0.22819260661303517
0.708000363615328,0.23064034170794603
0.8669278085840763,0.2470363315522198
0.8183273143977894,0.24237231766830664
0.6694268375658707,0.22550223222635696
0.6856270022946331,0.22783971253111066
0.04208296489734753,0.033276234477602175
0.0810614261984844,0.05125957828645313
0.7982678688009781,0.23954963753343983
0.6547692833196976,0.22298834425735178
0.10769349431575587,0.0656264074713056
0.5255425994639429,0.19928261933250027
0.36543340467906815,0.1563365672375844
0.23463656372496355,0.11286137090333562
0.6212064866770792,0.21800451272856122
0.7087716688566225,0.23073957101908749
0.8214125353629677,0.2424715469794481
0.3611884711903719,0.15563085782715697
0.39012343638522284,0.16440745413735441
0.28055401753617565,0.12792288401959986
0.40979722936138674,0.16864139558623306
0.2211359673407324,0.10808725973610833
0.3461452643235514,0.15050393133142667
0.43950900912068447,0.1779694233540595
0.27939430501265755,0.12758101541669103
0.6775282972610399,0.22653870600725595
0.22537539150627647,0.11172558905787361
0.12736177796876766,0.07049966919625283
0.6829274339501019,0.22758612651374915
0.6732833637723437,0.22618581192533146
0.25662978174816337,0.12178129844073736
0.3773941452422862,0.16042717745925877
0.45763468229110715,0.1822803856492051
0.6370237534467702,0.22066181067819227
0.4128824503265651,0.1689831854357203
0.6566975464229342,0.2235726946451848
0.2867217048049562,0.13000662080014894
0.2546960093217748,0.1172276181004029
0.0019503003958448687,0.013705300443909413
0.06755807515267713,0.04508515253080815
0.802124395007451,0.24076244022516877
0.1273617779687677,0.06993736976645121
0.6428112974180556,0.22168725898007555
0.670966693386884,0.22552420443096685
0.09495593918809106,0.05535034601497055
0.2357935215869054,0.11329136458494862
0.5347982623594778,0.2004072181921035
0.3033157861390938,0.1369199111566901
0.6597827673881125,0.2241790959910493
0.43912335650003714,0.17652508560300048
0.4587971494762011,0.18250105273636255
0.28672721412810825,0.13249853656454427
0.6790709077436291,0.2267592155875703
0.6736690163929909,0.22619683740434718
0.4167444858561901,0.17226893568924728
0.3037014387597411,0.13734990483830312
0.3341790144371813,0.14612650114850056
0.2639571815404619,0.12258615840888476
0.4217579699246049,0.17290841347215888
0.5301704309117103,0.2002638869648992
0.7118596444833768,0.23111451605904343
0.16440646684351595,0.0882954223549935
0.7932543847325634,0.2382817074466323
0.6547692833196977,0.22338526150191762
0.507405907647216,0.19479493435941697
0.6613281325322776,0.22433353145069088
0.008506394946848805,0.014344778226821038
0.7936400373532106,0.23887708331348104
0.44105161960327366,0.17887351263334833
0.3067866597249194,0.1381437393274348
0.6516840623545195,0.22241501934853447
0.1682767663578691,0.09109628779209349
0.5112624338536889,0.19586440582394163
0.7766658127215778,0.23701361985298167
0.6632536409739381,0.2249178030851024
0.1829343206040422,0.09665320796943676
0.4082573735403736,0.1669986779663127
0.07797620523330606,0.0501790813429128
0.6806162728877942,0.2268364726941019
0.4946738618427034,0.19273301227663475
0.6825417813294546,0.22749792268162342
0.4051693979136194,0.166965522775844
0.6756000341578035,0.22635127286398876
0.10189768635974229,0.06445739168195336
0.6412686869354665,0.22116906146633683
0.47577137410783404,0.18727524265701143
0.7095429740979171,0.23091597868333896
0.061767776519815666,0.041843504193344074
0.589191809840202,0.21157650095555475
0.5671985918170024,0.20669189873790564
0.6906432410246238,0.2283910652353181
0.7056864478914442,0.2304198321276317
0.5899631150814967,0.2122380296964978
0.4522410549251972,0.18183952399541947
0.7708810234118685,0.23669388096152585
0.6335528798609447,0.21972464496185626
0.5483016134052852,0.2039796309000391
0.630079251613543,0.2187874004920987
0.3106486952545444,0.1405695022177358
0.6308533115164137,0.2196695175667777
0.07912765377209584,0.050344306021305484
0.3550207839215913,0.15406531856034655
0.3121913057371336,0.14214614571698342
0.3202955200938788,0.14280783196476954
0.1968315882552249,0.1056614180923858
0.34537395908225693,0.14937933247182347
0.6674985744626344,0.22531479908308977
0.34035496569069,0.1492689201748232
0.6177356130912538,0.2174863152148225
0.4703722374187719,0.18533475835024504
0.4348756683497649,0.17646980070107882
0.3735376190358133,0.1580787504289109
0.320681172714526,0.14588394061015478
0.3523157062539082,0.15160647923299844
0.6377950586880647,0.2209925750486638
0.6158073499880172,0.21717760180238238
0.6354811429641811,0.22032002082870503
0.5432826200137182,0.2030202567188286
0.5290079637266163,0.19943681853187722
0.23772178469014185,0.11376546018262448
0.6482104341071178,0.2222716093679086
0.657854504284876,0.22400268832679782
0.5988331253563842,0.21389185154885543
0.5857209362543765,0.21114650727394177
0.2662766065874977,0.125353711148673
0.23502497100718694,0.11291657705183576
0.5533150974736999,0.20412296212724346
0.6771398899788165,0.2263952960266301
0.5182041810253402,0.1969118263304348
0.36002875866685397,0.1544510528190536
0.6582401569055234,0.22412396859597072
0.5571716236801729,0.20627293053530837
0.6933428093691548,0.22892028822807253
0.35540643654223847,0.1543960829308181
0.2396555571165304,0.1171614652263086
0.3025472355593754,0.13633563952227865
0.6339385324815919,0.21991207810512348
0.5830158585866934,0.21068327964843853
0.13662295018745474,0.07531796103296454
0.7785940758248143,0.23724515491231177
0.6077058902928479,0.21504960559892736
0.16209530578120826,0.08399556429228512
0.6401089744119487,0.2211689827129153
0.6003757358389734,0.21452030385275134
0.1416474529021737,0.08351020695532893
0.6308505568548376,0.2188094514501302
0.7006729638230295,0.22982445626078293
0.2736040063797962,0.1263570297391033
0.6339385324815919,0.22013258768543784
0.6455108657625866,0.22197392143448424
0.6624823357326436,0.22476344637888235
0.4603397599587903,0.18436435869001883
0.6123364764021915,0.2159978755477006
0.6601684200087599,0.2243003762602222
0.5922770308053803,0.21270109981515795
0.6104082132989551,0.21581044240443342
0.42716261593681903,0.17360317615699222
0.6617110304913489,0.22469729350478804
0.5961335570118533,0.21384774963279254
0.6628679883532909,0.22477447185789806
0.6223634445390211,0.21844553188918991
0.4734519490607981,0.18574254356698353
0.36967558350618834,0.1566452806500245
0.43333305786717574,0.17623826564174874
0.5193666482104341,0.19774992024247243
0.12002886885331704,0.06707058771552153
0.6543836306990503,0.22287808946719462
0.4479906121133488,0.18075879079161453
0.4858038515678157,0.18905050228538506
0.4815561634175434,0.18836676507956743
0.61542169736737,0.2161853086909678
0.4942882092220561,0.19222584024191172
0.22885177441525423,0.11221086764140827
0.4159759352764716,0.17046083588409114
0.6655703113593979,0.2251383914188383
0.44452249318909925,0.18036195230047025
0.6663416166006925,0.22529274812505834
0.38819792794356245,0.16308447540888982
0.056743273805096674,0.038513494516911155
0.553695240771195,0.20529150539606644
0.5602568446453511,0.2064713891575913
0.5671985918170025,0.20874263783482916
0.48811776729169953,0.19025227949809823
0.5409687042898345,0.2010797724120623
0.5749171535531002,0.2102312350087941
