0.5513317411389425,0.16162919093223654
0.4213337520418929,0.14015061276856
0.32373884706394396,0.12118608008073171
0.4294407210602142,0.14270876016047115
0.43059492426058,0.14409789176303003
0.5698458215915885,0.16186080474498818
0.5046650193790443,0.15607227075489333
0.5185567777070749,0.1611442273623881
0.4680170017712474,0.15410942047640938
0.36579426534553106,0.13145135231831567
0.4811374548579835,0.15423093700584692
0.40629329983664864,0.13983087387710422
0.4587640935372885,0.15256593216763042
0.3839226931775297,0.13457164163318533
0.5116095212122715,0.15695438782957224
0.43445695979020504,0.14650160369529958
0.4576016263521945,0.14962197176359074
0.28013530897661565,0.10631200010773469
0.2535170141672245,0.09970750191705519
0.3372394434481752,0.12415201268938131
0.3090757834946188,0.11485721886544514
0.3985774927621268,0.1373721133031776
0.43676261152936063,0.14693136111664795
