0.2957886506886999,0.21334262270873638
0.34603913089641997,0.24327813980257548
0.24065404774085192,0.12961707831473562
0.39239968726170604,0.25654200476332917
0.36148299726836614,0.2535015013195709
0.33636740958098865,0.2375909216549729
0.24071196223974672,0.17394103013619786
0.29964961728168654,0.22015819705339998
0.27936989025202463,0.20538733287643737
0.5295605254775533,0.3084539626885168
0.39720659066997427,0.2584276469986861
0.5392418992094671,0.30997989405568327
0.21261377785928703,0.12429714389570658
0.24745900136099067,0.18643246333788963
0.26002644762116195,0.18946918035145638
0.46486037779558115,0.2951900977277632
0.46002451713786546,0.2925358101635359
0.33152189650679054,0.23531149067970203
0.39914672638295,0.26146057758206137
0.2928929257439601,0.20955619251725663
0.4136832656055443,0.2682988705078739
0.52477292690225,0.30468267821780304
0.41269871912433276,0.2648835104751591
0.6271368036988061,0.3312066217091188
0.31414754683835105,0.23493284766055406
0.3595428615553904,0.24933264167875166
0.266773486742406,0.1989314693999644
0.331531548923273,0.23569392012904147
0.4455748496636134,0.28951802530092646
0.3972548527523866,0.26071843726453137
0.5614231522861748,0.31792382459740776
0.357650987924827,0.24631864324633376
0.4243298809857048,0.28269866452607145
0.6203608073281146,0.3236261884657763
0.3836835551780388,0.2565306454727547
0.4117045202266388,0.26184300703140084
0.4204303047267884,0.27738251653723384
0.47452244669453003,0.3031453875600622
0.44168492582117935,0.2868561648763162
