0.2500406300125069,0.10651292223139962
0.3020753103779651,0.11766589115673667
0.2805661350612277,0.10821167555336073
0.6120081118703232,0.2063179467299271
0.47570325252082724,0.18061341329089353
0.5039817412256837,0.18706105330328573
0.4021805951060266,0.157089491087262
0.37955497770648877,0.15364733772141645
0.33770253177973586,0.1316054688967523
0.3484641855272362,0.1384456733787387
0.3620522749273959,0.14667972674028296
0.35865348605507313,0.14450129339375525
0.3456236176963136,0.13482928890294837
0.4287773545975509,0.1701590022219911
0.5809031875128073,0.2013077133745789
0.5260632697620848,0.19294407562501326
0.6012605903010859,0.20322480005618954
0.533977289589531,0.1989550489181065
0.5809102536019388,0.20196162450909025
0.3959624366701761,0.15386621555328453
0.30546703316115625,0.12019224225093528
0.506829375145738,0.192202504463311
0.474021523307495,0.177347668923867
0.4802467478324771,0.18087639337246636
0.6080511019566001,0.20488054007288306
0.6154069007426459,0.20897551562880282
0.5667780753386423,0.19969662007980876
0.5826061149935345,0.20274566450384154
0.4553529158216802,0.17072579780153008
0.364864578401792,0.14981479777485093
0.3388543043081946,0.13348008674531386
0.40220179337342166,0.15709112450391774
0.4180298330283138,0.1647137355639997
0.48420375774620017,0.18126841336984198
0.38635962154026615,0.1537360866930445
0.4559323351304753,0.17373237339251385
0.4762826718296224,0.18078873334527543
0.30774231386154705,0.1215000645199579
0.502872365232015,0.1867577822775382
0.5724309466439609,0.20095979562690802
0.6301184983147377,0.21694767785321137
0.5305996989846029,0.19581997788353847
0.48760254661852304,0.18531983114827555
0.406172935465408,0.16197068452680735
0.34506539665491337,0.1335231000505815
0.35694349248521423,0.13997019559075508
0.397672430240035,0.1547384600474453
0.32923029091088957,0.130691300041761
0.46949922626324003,0.1750391067170993
0.4746009426162901,0.17821991341802781
0.4734703683552264,0.17534510010393975
0.310575815603338,0.12751158228526968
0.2907836999455911,0.11217870013791481
0.2913419209869913,0.11322354232536462
0.2823043929876131,0.10917321349136822
