0.3238096157372999,0.2258492016311941
0.2677194235576877,0.1640887387779675
0.5314813563575642,0.30958610531576924
0.44939720659066995,0.2845805203312369
0.3991370739664675,0.25880629001783406
0.4803042441675273,0.28648130828735974
0.5827067306300133,0.3304379763802484
0.48609569405700725,0.29405416867031925
0.28899334948504357,0.1849292505518722
0.4204206523103059,0.27359229991556255
0.41171417264312127,0.2641186515764802
0.3759519695755833,0.25008992771704763
0.384639144409803,0.25274042885108344
0.4784027181204815,0.2861140245587862
0.5044545902066582,0.3027705309711057
0.35376106408239305,0.22964699111324832
0.4957577629559561,0.2970870992536946
0.35764133550834454,0.23268370812681508
0.39436878022412913,0.258450365579835
0.36924354012026916,0.2368563541978258
0.37208135056611424,0.23872685071241678
0.35083638188820576,0.22887834578437788
0.47450314186156506,0.28496294978057635
0.3749867279273366,0.24024520921920017
0.28702425652262054,0.17241888519922302
0.4841941680099613,0.2921723128651539
0.3643594173801411,0.23683363561667692
0.4493779017577051,0.283815661432558
0.29289292574396003,0.20842026345981268
0.3083367921159062,0.21599312384277222
0.346019826063455,0.2273675601379775
0.3237999633208174,0.22319491406696673
