0.42717734384803235,0.2724563708581187
0.43781430681171035,0.2770076599482773
0.3991756836323974,0.2663942961215595
0.3421781643034334,0.24403542584087146
0.3740504435285374,0.2501012870076221
0.3131919576065868,0.21751905520993856
0.4281522379127614,0.27624658747979
0.37694616847327733,0.2557809322948417
0.4136639607725794,0.2679126546283429
0.42623140703275064,0.2720853006993536
0.44939720659067,0.27738630296742534
0.4542523720813506,0.2823200215069234
0.5633825928321156,0.3126341816199105
0.5537205239331666,0.3122517521705711
0.5624076987673865,0.3126303951897191
0.5875136340382815,0.31301282463905855
0.640630881941294,0.3255194035615162
0.325778708699723,0.2360877088689554
0.35183058078589974,0.24857914207064719
0.4774374764722349,0.3084539626885168
0.28419609849325783,0.2103096921253611
0.6019826063454986,0.3194459695343827
0.592368799528962,0.31718925714026064
0.4754780359262942,0.2906463814979875
0.4609897587861121,0.2876134509146122
0.4532292159342092,0.2788895157534428
