0.46977345778515656,0.3410399809163918
0.3789828283510777,0.31148310684170066
0.2572465516742117,0.2535052877497624
0.4175924942809433,0.3243569694927319
0.28234283452862424,0.2686510085156815
0.20313510487350503,0.22432705669421923
0.21182227970772483,0.22887077292399494
0.2060211774017625,0.2247019132831757
0.31616490188318647,0.28381187500236654
0.3654404880261774,0.30541345924475866
0.294919933205278,0.2735847270551796
0.2717251763979112,0.2618354341710179
0.2939353867240664,0.2713052960799088
0.256281310025965,0.25274800171146644
0.23113676508914002,0.23985520690947776
0.33839441704230655,0.29404659580993636
0.3161745542996689,0.2849515904900019
0.2465902838775687,0.2485677827800727
0.1644771768612272,0.19931768527949534
0.5219351164564049,0.3584727055179647
0.24563469464580456,0.24516378203793243
0.3412901419870465,0.29442523882908433
0.20891690234650243,0.22886698649380346
0.20603082981824497,0.2262202717899591
0.2611075182671982,0.25767036096039014
0.21376241542070054,0.22963184539248238
0.18767193366859394,0.21939712458491256
0.18669703960386483,0.21636419400153725
0.3171301435314331,0.2860837331172544
0.3306628314398509,0.28874180711167324
0.2524010386000135,0.25122585677449155
0.23597262574685565,0.24478135258859293
0.2185886236619337,0.23644741973714595
0.15384986631403166,0.1909837524280483
0.16446752444474472,0.19666339771526797
0.17995000048262078,0.21296019325939694
0.17219911004720032,0.20689054566245488
0.1499695948880802,0.18416060522300176
0.1480294591751045,0.17885581652473861
0.18571249312265325,0.2133274769879705
0.28815358925106904,0.26903722439521244
0.30941786276194244,0.2823010893559661
0.2775455835368385,0.2656332236530721
0.32776710649511104,0.2868485920159333
0.29395469155703136,0.2724487979977357
0.19733400256754277,0.22243005516828784
0.16737290180596712,0.204618687547567
0.17800986476964506,0.21030590569516963
0.2234244843196494,0.23910170730137328
0.25914807772125753,0.2557657865740758
0.17607938147315177,0.20841269059942974
0.2707695871661471,0.26146057758206137
0.2707599347496646,0.26107814813272195
0.22149400102315608,0.2387230642822253
0.2475748303587803,0.2508472137553436
0.28912848331579816,0.27055558290199583
0.2939546915570313,0.27207015497858766
0.3509618633024778,0.3004910999958349
0.40891497186320597,0.3201956827122957
0.27173482881439376,0.26411107871609724
0.42146311329041225,0.3281471861144032
0.41854808351270745,0.32700368419657627
0.5112885010762445,0.35429627301676253
0.4610766305344543,0.3406575514670524
0.5074371868997404,0.352785487370362
0.47942587426762295,0.34331183903127965
0.5769925000723931,0.36416749652595026
0.5750427119429349,0.36075213649323556
0.5190393915116649,0.3565794904222248
0.4388471153753342,0.3353451899084062
0.4349861487823477,0.33118011669777847
0.4813563575641162,0.3455836971461675
0.46106697811797187,0.33611004880708517
0.44946477350604724,0.3361024759467022
0.36833621297091723,0.31109310453197825
0.4137411801044391,0.32398211290377543
0.3441858669317864,0.29707573996312014
0.298790552214747,0.28002544481088676
0.5180644974469358,0.3543038458771455
0.43113483460584356,0.330805260108822
0.213772067837183,0.2338007050333016
0.5257960830493914,0.3592299915562607
0.4900531848148184,0.35240305792102256
0.4832868408606095,0.3459623401653155
0.24854972442350942,0.250851000185535
0.3354697348481193,0.29138473538532605
0.362535110664955,0.3027591716805313
0.38669510912056837,0.31715896569872887
0.27655138463914447,0.26448593530505377
0.2620727599154448,0.2591849330369821
0.2775262787038736,0.2652470077735412
