0.4873409527272527,0.1857096246367794
0.4229176824481229,0.17626023784635855
0.45223554560204515,0.18103450652042893
0.47383760168144545,0.18478332689261606
0.34306279801994927,0.15764852048703323
0.3430627980199493,0.157813902672269
0.31528479068704024,0.1508124084836021
0.39668779492095496,0.1726326977433444
0.40671751771936066,0.1734927638599919
0.3087259414744602,0.1485741574899899
0.4105767985874096,0.17532307213002254
0.4325645072874572,0.17740704517083625
0.3534836827621543,0.16211407574866352
0.44876742667779557,0.17935871246346138
0.4962109630021404,0.18702165663964984
0.4684384649923834,0.18371385542809143
0.47268339848107965,0.18425418265328314
0.4807848581762488,0.1853237328712293
0.5185843243228354,0.18845512641853615
0.5309252081835486,0.1889733239322749
0.5181986717021881,0.18803615821593891
0.33572988890449873,0.15638043289338263
0.46110555587693275,0.18189449388365492
0.34885034199123466,0.1606034276166671
0.4414345175623449,0.17895061223303677
0.5370984047754813,0.19333949237592066
0.5309279628451248,0.19034056208364544
0.5143421454957151,0.18767231740842022
0.2759344500731362,0.14136317920002436
0.35734020896862717,0.1642640441567285
0.2983078113938312,0.14486943903386562
0.21188305910677344,0.11516569601762061
0.2134284242509387,0.11633447554670823
0.2473851374989326,0.13285119438620416
0.3098828993364021,0.14966567991254595
0.2639682001867661,0.13356785052222578
0.2867382327744125,0.14482533711780277
0.2535528247677132,0.13334726218848986
0.3013985416821617,0.14805595997625112
0.3179871136931473,0.15447294627024194
0.22924569102062967,0.12304914977412337
0.21882480627842468,0.11658798281064821
0.3434512053021726,0.15999702627080264
0.36929544020869315,0.16649119091790343
0.3573374543070511,0.16232348109654063
0.3287881417328474,0.15564172579932956
0.31798711369314725,0.1534475767217802
0.2238465543315676,0.122751461840699
0.265127912710284,0.13612584040729384
0.27400067764674774,0.13709616131409855
0.22925670966693387,0.1311972937804249
0.21883031560157679,0.12260805186007313
0.2994647692557731,0.1458507066662645
0.3280140818299768,0.15467140489252484
0.3357298889044986,0.15614889783405256
0.348076282088364,0.16016232970261687
0.33689235608959267,0.15760441857097038
0.34962991121725745,0.1613203200129534
0.3801019775715455,0.16986522375697768
0.36736717710545674,0.16550992328550457
0.37817095980673304,0.16781440590663266
0.43603538087328286,0.17827805801307797
0.39128865823189296,0.17026221975496508
0.3720005178763764,0.16717492812372103
0.39475953181771856,0.17143092053063116
0.40054707578900395,0.17276508224495454
0.4989132860082475,0.1876281367389358
0.536709997493258,0.1905830438685697
0.4819418160381907,0.18558834436760652
0.49582531038149313,0.18647038268886393
0.4950512504786225,0.18591902998465654
0.2091779814390903,0.11192404768015654
0.20107652174392115,0.11054578404977028
0.1972172408758722,0.10792164129060791
0.20068811446169785,0.11003853326162573
0.21072334658325553,0.11408512032065875
0.378170959806733,0.1675056924941926
