0.022646717480631094,0.02299943081658479
0.00379536400991186,0.004426368112466222
0.09682883221981745,0.10149700764253072
0.8920046422634171,0.41864269096656187
0.7212132618173833,0.390763755726372
0.8342272827075689,0.40647432319671095
0.6898152504626579,0.38390592448096555
0.8417552774379725,0.4069164074027001
0.6671998996267369,0.37947955636849934
0.9170979580314295,0.422179364614475
0.039082839308679146,0.05816722940302054
0.23885699946676703,0.20476787816159286
0.6269878611084971,0.3701847359375778
0.7123678680091591,0.3892054089002603
0.7136539004422697,0.38921093495283515
0.6659138671936262,0.37947403031592447
0.6973118785483516,0.3863318615613309
0.8593205984755812,0.41531600731649365
0.6332611900505003,0.37151098855554515
0.7337285530566795,0.39252656649775364
0.5717511997741601,0.3516116732334592
0.5918572190332799,0.3586905465818602
0.7349832188450801,0.3936317770127265
0.6885292180295473,0.3839003984283907
0.6458078479345064,0.3737214095854908
0.696057212759951,0.3852266510463581
0.8543019353219786,0.4126635020805588
0.7676672626329162,0.4004951343107078
0.12076158213355917,0.12383883820270666
0.6282738935416078,0.37019026199015265
0.2389510994008971,0.2176048982930024
0.007622094664533735,0.01615265167632805
0.7437658793638845,0.39606324014566674
0.6596719048963332,0.3770480932355591
0.4360904614033437,0.30207061189980167
0.679746557510743,0.38036372478047764
0.46626517361437847,0.3188808638325386
0.6169505348012922,0.3666480622896647
0.5579185094570434,0.3513851050778898
0.4512091841535711,0.3098181376097613
0.6872745522411468,0.3827951879134178
0.5956212163984819,0.36222722022977333
0.5140052068630219,0.3352490315592863
0.16473761801700076,0.138880753311487
0.6810012232991436,0.38146893529545045
0.6508892443775288,0.37461663010261886
0.634547222483611,0.37151651460812
0.542862519996236,0.3451959261940419
0.035287475298767294,0.04114146141986395
0.3921144255199021,0.2839341073490974
0.6985979109814623,0.3863373876139058
0.5390985226310341,0.3449748840910473
0.608167874282488,0.364437641259719
0.5478811831498385,0.3491746840479441
0.5579185094570434,0.35072197876890604
0.41099714563533135,0.2899132962351005
0.4662651736143785,0.31689148490558744
0.3732944386938929,0.27177679168439617
0.4047238166933283,0.2885870436171331
0.2301057055926728,0.19040566751952082
0.21128571876666355,0.18841628859256968
0.5729744989178507,0.35447969451981376
0.5742291647062513,0.3564690734467649
0.4963771525359933,0.329932968982267
0.34321382641698817,0.26205646520521
0.2765910730529156,0.22335199297086114
0.11947554970044855,0.12118080691419698
0.5290925629685393,0.33591768392084487
0.8027979047081334,0.40646327109156116
0.8442646090147737,0.4106741231536077
0.5353345252658323,0.34165925254612883
0.6445531821461058,0.372616199070518
0.6257331953200966,0.3690795254226049
0.5177378375835137,0.3359066318156952
0.49013519023870017,0.32883328451986904
0.007622094664533735,0.01283702013140953
0.6445531821461058,0.3717320306585397
0.44117185784636626,0.3091550113007776
0.3218217747247577,0.25121435005332643
0.5027132147674164,0.33193340001436783
0.42856246667294,0.3005233171788398
0.2803237037734074,0.22909356159614508
0.5880932216680782,0.35846950447886566
0.43483579561494307,0.30184956979680716
0.5466265173614379,0.34740634722398755
0.4160785420783539,0.29854499035703835
0.1332768733728553,0.12427539635612095
0.45999184467237536,0.31401793756665813
0.559204541890154,0.35139063113046465
0.5692105015526489,0.3516061471808844
0.5315705279006305,0.34121716834013965
0.47504783413318274,0.3246279585103974
0.500203883190615,0.3301650631904113
0.4135378438568427,0.2910240328026482
0.43991719205796553,0.30407104293190257
0.7274552241146764,0.39120031387978627
0.787741915247326,0.40137930272268607
0.7199272293842727,0.39075822967379714
0.4662651736143785,0.3153441901846255
0.581819892726075,0.3571432518608983
0.3092751168407516,0.24215162383054914
0.3846177974342085,0.2777504545178243
0.7500705749505975,0.3965108504042308
0.17226561274740443,0.14308055326838381
0.47379316834478213,0.32197545327446253
0.4373451271917443,0.3040599908267528
0.17606097675731627,0.16850592116533397
0.6069132084940874,0.3624482623327679
0.7663812301998055,0.40048960825813296
0.4737931683447822,0.32131232696547884
