0.6709011637025188,0.3584695044788658
0.13092437501960413,0.16431164726101202
0.23013707223738275,0.21494686700449273
0.27784573884131614,0.23838285597449177
0.4147611430005333,0.2914605909560624
0.4197484395094257,0.29233923331546585
0.35569775101157436,0.26757146567492446
0.3783131018474954,0.27221887589038535
0.2690317116778018,0.22887251949315046
0.3506477212132618,0.26601864490138766
0.34437439227125877,0.26292405545946373
0.20378909068096987,0.21185227756256875
0.3193438097926665,0.25099883400290673
0.18365170477714,0.1808953310381795
0.19243436529594432,0.18686346781903282
0.4399485587026756,0.29589801117367837
0.3457231579937895,0.2629406336171883
0.5177692042282237,0.3348069473532972
0.3695304413286911,0.268240118036483
0.3343997992534739,0.2613878128436514
0.4034691509049277,0.28836600151413844
0.37963050092531603,0.27996640160034486
0.3318904676766727,0.2580721812987329
0.5704965339857596,0.3407806101867254
0.4486371192873499,0.296765601427932
0.24519306169819016,0.22025187747636232
0.25403845550641446,0.2260100242593708
0.24901979235281205,0.22402064533241972
0.595621216398482,0.3412282204452894
0.3167717449264452,0.2505456976917679
0.37580377027069417,0.26824011803648307
0.2715724098993131,0.22976221395770363
0.17615507669144634,0.1802377307817707
0.09438223393243625,0.10150805974768046
0.1911483328628337,0.1817739733975829
0.09573099965496693,0.14971181635822084
0.24268373012138894,0.21649416172545466
0.6144412032244911,0.34763844143213185
0.6294658260405885,0.35249584164543746
0.49007245694928014,0.31489657992606146
0.6759198268561213,0.36266930443576256
0.644584548790816,0.35803294632545146
0.19622972930585614,0.19747901481534696
0.13089300837489412,0.16320091069346435
0.3054483861861297,0.24081431910743198
0.3117530817728428,0.2474511082498439
0.13340233995169537,0.17182155271025248
0.2942191273799442,0.23994120280060346
0.4524638499419717,0.3115864744337178
0.3217590414353377,0.25363476108111693
0.5026818481227063,0.3202126425030808
0.6156958690128917,0.34852260984411015
