0.008894802229072147,0.017189430566297743
0.011985532517402572,0.02036492602966752
0.0015618931136215262,0.013054718428560529
0.9332765873048666,0.25213057537801065
0.0007878332107508932,0.010673136207743968
0.07991273232127069,0.0595840512035846
0.043250941405593615,0.03672752442320798
0.028585123174692372,0.029880386940761124
0.9197759909206354,0.25210844566655766
0.0803038942650701,0.059650361584521985
0.9105175733635243,0.25144683817219304
0.8437858966836627,0.24508474301301625
0.8140768715859411,0.24199721512150754
0.8106087526616914,0.2417326823785519
0.9008735031857661,0.24981498852444528
0.8603689593714962,0.24677164130242102
0.13355701185330882,0.08188969780028306
0.8487993807520774,0.24577934819100647
0.7488905600502447,0.23451059985614914
0.7053035499323729,0.23054119115022612
0.710702686621435,0.23112554153805917
0.6860154095768562,0.2279610715537051
0.7469622969470082,0.23445547246107049
0.6713551006691072,0.22586607303387565
0.7361612689073082,0.23420180769028745
0.6887149779213875,0.2282146575710666
0.7523641882976466,0.2351832328295294
0.6852413496739856,0.22775150869898492
0.7191870442756754,0.23161066261475075
0.6705837954278128,0.22577786920174991
0.8295084857349848,0.2441032391203527
0.6894862831626818,0.22836901427728667
0.6979706408169224,0.22931720547263837
0.6813848234675127,0.22724433666426191
0.6663416166006925,0.22529274812505834
0.6833130865707492,0.22756407555571773
0.8144652788681643,0.24228395632933777
0.8079064296555845,0.2416002978769417
0.7184157390343807,0.231522458782625
0.8568980857856705,0.24659523363816954
0.8098346927588209,0.24161132335595742
0.8260376121491592,0.24392683145610122
0.6798422129849235,0.22702382708394755
0.14783166814041065,0.08799797068183374
0.6748259742549328,0.22641734698466154
0.19182361350996216,0.10711693882930365
0.6655703113593979,0.2251383914188383
0.7060721005120916,0.2305521378758203
0.6956567250930387,0.22921797616149692
0.6840871464736198,0.22764133266224928
0.6721264059104018,0.22616376096730004
0.04479355188818278,0.03925235911780732
0.7218866126202064,0.23242654806191385
0.6755972794962274,0.2265717036908816
0.07025764349720819,0.04810613378111479
0.5949793538114874,0.2139250067393241
0.017390178529616742,0.024345281461184688
0.8734866577966562,0.248337416829496
0.6752116268755801,0.22642837246367725
0.20069913310800197,0.11301572760955567
0.7157161706898497,0.2314122039924678
0.15169370367003565,0.09190114776024089
0.8040526581106875,0.24115935746973458
0.6971993355756277,0.22921797616149692
0.8055925139317007,0.24156722143989456
0.6875580200594454,0.22819260661303517
0.6740546690136383,0.22635119411056723
0.6914145462659185,0.22874388056382106
0.8001933772426386,0.2408395398248572
0.4472275708567824,0.18357052420088715
0.6732833637723437,0.22618581192533146
0.6455108657625866,0.22218340553578286
0.6115679258224729,0.21635076962962513
0.6867839601565748,0.22797201827929928
0.6478247814864705,0.22265750113345872
0.7107026866214351,0.23097118483183912
0.6933455640307309,0.2288652395864155
0.59035152236372,0.2122711848869665
0.22037292608416587,0.11775684109315736
0.8244950016665701,0.24350786325350396
0.5942052939086166,0.21326339924495952
0.084160420471543,0.06124905604180105
0.38858908988736196,0.17020709235988657
0.6647990061181033,0.22507223854474398
0.18332823720941763,0.10157080787071147
0.6115651711608969,0.21619633416998352
0.7045294900295022,0.23032060281649025
0.8048212086904061,0.24132466090154878
0.17831475314100287,0.1014605530805543
0.5058660518262029,0.19585345909834745
0.4908200902978066,0.1921707916002547
0.7982651141394022,0.24081748886682577
0.7134022549659659,0.23125784728624776
0.6404973816941718,0.22141162200468262
0.6566947917613581,0.22344031014357468
0.4896631324358647,0.19199438393600324
0.44491365513289866,0.18331693818352562
0.6354838976257571,0.22029804862409513
0.6786880097845578,0.2267262179039447
0.08647984551857885,0.06500890189300386
0.4912084975800297,0.1927882971785564
0.15979240870362868,0.09417239643747874
0.7982651141394023,0.24066313216060572
0.4526267075458444,0.18419897650478306
0.643196950038703,0.22186366664432705
0.6605540726294071,0.22427832530219077
0.6821588833703833,0.2274649249979978
0.6659559639800452,0.225149416897854
0.1092443687830732,0.07121656159253908
0.5182124450100684,0.19920536222596869
0.8252663069078646,0.24389375501905408
0.6987419460582168,0.22964796984310992
0.5178267923894211,0.19918331126793726
0.16017806132427598,0.09634441580357513
0.6601684200087597,0.22415704503301787
0.26552182931565943,0.13872808971526784
0.009668862131942776,0.018369235574401076
0.2967707102343941,0.14549804884460468
0.13741904738293378,0.08644337814061755
0.5413571115720579,0.20351648202795738
0.6501386972103542,0.22297724002491454
0.7026012269262658,0.23014419515223875
0.7153305180692024,0.2314011785134521
0.6686555323245762,0.22562351249552987
0.614264739505428,0.21684683743191085
0.2986989733376305,0.14678802988944364
0.0775905526126588,0.05112727253826452
0.4410543742648496,0.18106766171089772
0.4954506764071499,0.1934718768775309
0.6462821710038813,0.22228263484692432
0.4653587533503571,0.18808010262515876
0.23850961790089273,0.12550806785489305
0.6350954903435339,0.22019874055953215
0.731919090080188,0.23372771209261162
0.7072318130356092,0.23071759881447762
0.6624823357326436,0.22476344637888235
0.6131105363050622,0.21656025373092375
0.34113728957828876,0.1575603954083291
0.6694268375658707,0.22568966536962418
0.5938223959495454,0.212954764585941
0.46921527955683,0.18860932561791321
0.636638100826123,0.22071693807327086
0.6613281325322777,0.22449891363592667
0.23581004955636167,0.12537576210670442
0.6752143815371562,0.22653870600725598
0.31798711369314714,0.14802304104604713
0.6790736624052051,0.2268474981731176
0.08145534280385985,0.05972738243078893
0.40556331451899474,0.17344874069735067
0.5155128766655374,0.19855485896404138
0.28982896306274286,0.1443293480689386
0.24622817963699067,0.12954355068148882
0.25432688467058384,0.1304586654397934
0.24468005983124938,0.1259270360574903
0.4063346197602895,0.17407719300124655
0.6019211009831387,0.2151378094310531
0.5251569468432955,0.19996619903147475
0.7114739918627294,0.23119169441215345
0.540200153710116,0.20342827819583165
0.8013503351045805,0.2410931258422187
0.0930414493927349,0.06906643567763106
0.7373182267692501,0.23445539370764895
0.5351866696417013,0.20268957110177857
0.583789918489564,0.2115212948070546
0.18371939915321697,0.10431630965246824
0.6354838976257572,0.22061778751555094
0.7820621947490638,0.2393399171718765
0.6647962514565273,0.2249178030851024
0.3804848755306167,0.16727415743486254
0.3527123775208596,0.16132024125953195
0.5861038342134477,0.21188513561457328
0.031670344139870694,0.03063011951382993
0.46304483762647336,0.18799189879303302
0.601149795741844,0.21495037628778588
0.6474391288658231,0.22253622086428582
0.6424256447974083,0.22173136089613843
0.19568013971643514,0.10724924457749226
0.6073202376722008,0.21584344008805903
0.22500626685508548,0.12179232391975311
0.5375005853655849,0.20302033547225012
0.6015354483624914,0.21504960559892733
0.6042350167070225,0.21531421709530457
0.5579456835830434,0.20694556350868867
0.5776167218976314,0.21063917773237562
0.24043788100412922,0.12554114429194022
0.4923627007803957,0.19313000827462212
0.3442225105434672,0.15789115977880064
0.7782056685425909,0.23748763669723594
0.42253753915062764,0.17713140819544343
0.6566947917613581,0.22363876876585762
0.4445280025122514,0.18269951135864546
0.3210723346583255,0.15367911178111032
0.40517766189834753,0.17314002728491057
0.6489817393484124,0.22273467948656875
0.5081827222116626,0.19695608575334075
0.7789769737838855,0.23860121007782342
0.2111117538654788,0.11312598239971286
0.0038813181606573723,0.015899449521458775
0.1096300214037205,0.07356498862288696
0.6080915429134954,0.21609702610542053
0.3762426967034965,0.16644724650868375
0.11965698954055004,0.07557162580374759
0.6246801149244811,0.21885355336619305
0.3357326435660747,0.1566781995802286
0.6250657675451283,0.21901893555142882
0.5579456835830435,0.20686838515557865
0.542899722054647,0.20392442475153894
0.6597827673881126,0.22412396859597072
0.6439682552799976,0.2219628959554685
0.6856297569562091,0.22787286772157936
0.34499381578476185,0.15921421726068677
0.6293079463722484,0.21962533689729327
0.6582429115670992,0.2239035377690779
0.6586258095261706,0.2239365354527035
0.7064577531327387,0.23064034170794603
0.23349062450932587,0.1219025787099103
0.5583285815421147,0.20697856119231428
0.6898719357833293,0.22851234550449098
0.63934042383223,0.22116906146633683
0.3646731180840778,0.16399959016719443
0.5733772977320871,0.20949260666816255
0.6466678236245287,0.22240391511609722
0.577231069276984,0.21034148979895126
0.6451252131419394,0.22217238005676715
0.2161307472570457,0.11681967537682136
0.5818616553863275,0.21148821837000745
0.5533150974737,0.20583191137467968
0.6590114621468179,0.2240578157218764
0.461116574523237,0.18643730625181684
0.6262227254070701,0.21910713938355453
0.5972932695353712,0.2147960195815658
0.32030653874018317,0.15115443459335404
0.5907344203227912,0.21295468583251945
0.12274771982888048,0.07642074519480092
0.2577977582564094,0.13142890759317657
0.6532239181755326,0.22337415726948037
0.42793667583968964,0.1784324147192981
0.42639406535710056,0.1783001089711095
0.6806135182262183,0.22708997995804187
0.35734020896862717,0.16168408206705062
0.059839513416579206,0.04377296302109466
0.5741486029733818,0.210021829660917
0.4946766165042794,0.19314103375363784
0.3990017106448387,0.1721696276246843
0.06254459108426236,0.04446772570592795
0.6266083780277174,0.21953713306516753
0.5162841819068319,0.1991281838728587
0.5077943149294394,0.19600781580456755
0.06331589632555693,0.047632038183438925
0.4804047148787535,0.19128867452557569
0.4591883114200005,0.18578680298988948
0.6146531467876514,0.2170343493285996
0.17252996383129351,0.10099748296189416
0.3696866021524925,0.16468316986616893
0.3615823877957475,0.16288585927976384
0.5444450871988123,0.20503807688554798
0.5266995573258846,0.200815160915685
0.5999928378799023,0.214906274371723
0.7099286267185644,0.23089392772530754
0.5382718906068795,0.20324084505256446
0.5255370901407908,0.1999770670036474
0.6304649042341903,0.21972456620843475
0.6219805465799499,0.218776375013083
0.18603331487710079,0.1054629594701029
0.7033752868291365,0.2302214522587703
0.6408830343148193,0.22153290227385553
0.2639737095099182,0.13481388715784498
0.3322672793034012,0.15603887930416008
0.6397260764528773,0.22125726529846257
0.620823588718008,0.21818099914623426
0.0031072582577867393,0.01385965715012946
0.34036598433699433,0.15735091130703047
0.7812908895077693,0.23863428651487056
0.5490729186465798,0.20545704508814527
0.473077315086455,0.18905050228538503
0.5633475749336816,0.20833485261809065
0.479633409637459,0.19127764904655994
0.6142674941670041,0.21694614549647387
0.582632960627622,0.21149924384902313
0.39013170036995115,0.1705268312513424
0.6632536409739381,0.2249178030851024
0.35309803014150687,0.16149664892378343
0.5699036694846855,0.20904048327509658
0.5710633820082035,0.20925004612981676
0.6674985744626343,0.22536992647816836
0.6520669603135906,0.22329697891637035
0.5209120133545994,0.1996353559075817
0.6401117290735246,0.22126829077747828
0.3773996545654384,0.16670083252604526
0.48156167274069545,0.19188405039242445
0.5749199082146763,0.2102754156782785
0.21690205249834027,0.11755838247087444
0.04557036645262946,0.04108274614125954
0.6628679883532909,0.22477447185789806
0.6065489324309061,0.21576626173494898
0.6381834659702882,0.2210918831132268
0.3936025739557767,0.17117733451326972
0.24236614410736565,0.12579473030930172
0.6269940306483648,0.21954815854418325
0.5876464446960368,0.21227102738012338
0.42408014963321683,0.17772678406229223
0.6046206693276697,0.2154024209274303
0.5972932695353712,0.21411243988259135
0.5722175852085691,0.20943740051966242
0.6512956550722961,0.22305441837802456
0.5972905148737951,0.21411236112916981
0.639337669170654,0.22115795723389958
0.6443539079006448,0.22210622718267284
0.2242349616137909,0.12145053407026588
0.652452612934238,0.22330800439538606
0.19722275019902424,0.10934408559047862
0.3712292126350818,0.16606135474313363
0.4159814445996237,0.17698807696823915
0.6428112974180558,0.22185264116531134
0.6775282972610399,0.22669306271347603
0.44221133212679153,0.18117791650105491
0.124681492255269,0.08130518990560694
0.6509100024516488,0.22304339289900885
0.4811760201200482,0.1914099547947486
0.5421256621517763,0.2036928109387873
0.42986493894292616,0.1789395867540211
0.31644450321055806,0.1470969008087268
0.43411262709319853,0.18049433680208044
0.58379267315114,0.21163162835063332
0.13896165786552295,0.08778848658053512
0.6057776271896116,0.21566703242380755
0.4155902826558243,0.175620760063447
0.6200522834767135,0.21818099914623426
0.540200153710116,0.20347238011189453
0.39090300561124564,0.1709237484959082
0.5101109853148992,0.19730890108184373
0.6323931673374268,0.22014353441103202
0.3847325636808891,0.1695455636189435
0.6169670625115352,0.21797151504493562
0.2523986215673473,0.12997354436310182
0.6212092413386554,0.2183574068104857
0.636640855487699,0.22087137353291245
0.3380465592899584,0.15692076011857442
0.1134920569333455,0.07532922277224487
0.5575600309623961,0.20636121312085567
0.599607185259255,0.2148621724556601
0.2585745728208561,0.13306083599434587
0.5432853746752943,0.2042000617269319
0.5544748099972179,0.20629506024676134
0.5317130413942994,0.201597969925801
0.6111767638786736,0.21617420445853056
0.4495414865806661,0.1841107726726573
0.581090350145033,0.2112456578316617
0.5683610590020965,0.20841203097120067
0.3611967351751001,0.16187151521031784
0.5621878624101636,0.20773939799782035
0.6586285641877467,0.2240248180382508
0.47461992556904425,0.1912225216514814
0.43333581252875186,0.17918214729236692
0.4078772302428786,0.1744300083297495
0.6605540726294071,0.22444370748742654
0.6134906796025573,0.2168247077204579
0.6485960867277651,0.22272365400755303
0.38280430057765263,0.16866352529768608
0.6215948939593026,0.21862201830686295
0.5617994551279403,0.2072321472096758
0.5768481713179129,0.21031951759434137
0.19722275019902424,0.10911255053114853
0.5317157960558756,0.2017083034693797
0.44336828998873345,0.1813653496443221
0.16443125879770037,0.09998313889244813
0.13702788543913438,0.0840947936034266
0.372771823117671,0.16621571144935368
0.6161930026086645,0.21723272919746098
0.5799333922830912,0.21074951127595434
0.5965192096325006,0.21410133565015407
0.27439734891369916,0.1417602539514333
0.4626591850058261,0.18768318538059292
0.49969285523427015,0.19459647573713407
0.4032493987951111,0.17280926291443904
0.5803190449037383,0.21100309729331587
0.4449109004713226,0.18295301862258542
0.6574660970026527,0.2237600490350305
0.7010586164436766,0.22991266009290867
0.49969285523427004,0.1956769726806744
0.07913867241840007,0.05392790171509989
0.018166993094063427,0.026980528452784296
0.5845612237308585,0.21179693178244755
0.21381132221000984,0.1137103327875459
0.49776459213103375,0.19423263492961537
0.5205263607339521,0.19923843866301585
