0.3040843367188124,0.13733880060586587
0.41518810206572077,0.15955616461701702
0.2778461852069164,0.12263041783179074
0.5073783610314555,0.17619416372568578
0.47690354001559143,0.17041657646118508
0.41171998314147124,0.15941291214323422
0.2550871712655742,0.12076695437129137
0.4996653086185097,0.17553263498474272
0.542098115536016,0.1794580205280244
0.5559788552177423,0.18108971266892906
0.5201104068359682,0.1780796781442166
0.5563727718231177,0.18300838227792857
0.2836227105318976,0.12558500994773844
0.6053644279532039,0.18974534372363977
0.3341762597756053,0.14366774057457393
0.41827883235405117,0.16258832885318245
0.38394197580856204,0.15360216968826484
0.381239652802455,0.15288543479882166
0.45028799986777635,0.16800183904989988
0.47768586390319023,0.17526810224178704
0.42830029116772866,0.16287483380074805
0.4448916178402902,0.1671529559191111
0.4668765718787618,0.16997555730055638
0.5297517223521505,0.17927042987791408
0.5174080838298611,0.17708730627938046
0.4364017508628978,0.16423104647310285
0.3318595893901455,0.14156179532915034
0.3156566699998072,0.13760349085566462
0.29212359615559436,0.13196923481836828
0.250051649904551,0.10911239302430543
0.25430484737797543,0.11879307861379174
0.3519272989716849,0.1480672217155315
0.3716010919478488,0.15037170433665956
0.435250302324108,0.16359172619703435
0.3978282248134406,0.15765962471947048
0.38587023891179845,0.15453933540460082
0.32453494425942303,0.14037112234887436
0.344211491897163,0.14557538470455775
0.3171992804823963,0.13909193052278648
0.3584778841995367,0.1500075485154547
0.278617490448211,0.12533166019064157
0.2647284867817564,0.12254205649282192
0.2932805540175362,0.13471457909328197
0.32491233289534216,0.14080087977022276
0.34960787392464904,0.14646836975140934
0.4722757085678239,0.1704055509821694
0.4391068285305809,0.1654440066716749
0.45338148481768265,0.16949051497728632
0.40554403188796245,0.1594017291573754
0.4294627583528226,0.16332703594723552
0.41788491574867576,0.1600632578983185
0.3908892323033654,0.1564689517391945
0.3735266003895092,0.15093392501303962
0.3403522110291141,0.1437671273925585
0.5833767192531563,0.18453013464236223
0.552899143575716,0.17997629679518468
0.5440263786392524,0.17997621804176311
