0.22878830651485213,0.19459441537126784
0.5063831121984881,0.32219096932488217
0.28157836956180793,0.23660899309796038
0.4323264640381419,0.29322892778001897
0.18368307142184997,0.19018462541652625
0.4210344719425363,0.2894712120291113
0.23891973275618705,0.23484065627400383
0.3369091308302751,0.2640403180795862
0.3193438097926665,0.2607246865346677
0.5152285060067124,0.3294964108288527
0.46250117624917664,0.3157862743906146
0.35193375364637247,0.27155022352882663
0.43358112982654246,0.2943341382949918
0.23136037138107335,0.19482650957941214
0.23515573539098522,0.2038947618547643
0.2841190677833193,0.24678245588828535
0.3180891440042659,0.25608280237178177
0.22759637401587154,0.19151087803449363
0.44368118942316737,0.30495521134388076
0.12584297857658167,0.17115290034869393
0.3595244816661962,0.2834975491956831
0.3921771588093222,0.28593453838119826
0.30042972303252724,0.248992876918231
0.4373137605470343,0.29698111747835176
0.4034691509049277,0.2883660015141385
0.3406417615507669,0.2688977182928919
0.5629371726106458,0.34121716834013965
