0.46765889576636066,0.17278736946325055
0.28519837695339945,0.14249903979890788
0.28133634142377434,0.14039301580006275
0.25510094457345445,0.13092181431187508
0.3584971668305691,0.16084614566185598
0.3226232091256429,0.15308397217452613
0.34846744403216345,0.1601955636465071
0.27708865327350213,0.13889339314708207
0.26552182931565943,0.13639068816393568
0.2724635764873106,0.13697503855176874
0.27478300153434654,0.13806671848116783
0.3230088617462902,0.15463856471574233
0.30410086468826886,0.14844193049522283
0.4175185457590608,0.17257772785510883
0.3801047322331215,0.1676822576652871
0.28828635258015384,0.14430729711090715
0.29407389655143923,0.14684323603794372
0.3712264579735058,0.16530051793762748
0.3048749245911394,0.14994147439478195
0.3936025739557767,0.1694022323917391
0.4028582368513116,0.1696558184091006
0.40749157762223126,0.17133184872633275
0.3314987287236827,0.16019556364650708
0.361193980513524,0.16394422651185112
0.37778530718608566,0.16713082620765818
0.3920599634731875,0.16792481820363292
0.3604281845953816,0.16318362596660968
0.3600397773131583,0.1628417573637009
0.31220507904501393,0.15268689742311722
0.35617498712195717,0.16023950805572693
0.3735431283589655,0.1656754629775834
0.2639737095099182,0.13472568332571921
0.2975447701372648,0.14836475214211278
0.30487767925271547,0.1516725533536712
0.27400618696989976,0.13751528702353888
0.25780051291798556,0.13232205014687123
0.28983171772431904,0.14590607032160774
