0.7022155743056185,0.23016624611027017
0.9467771836890978,0.25213065413143215
0.7053035499323729,0.23054119115022612
0.729602419694728,0.23346302184281284
0.710702686621435,0.23100426126888626
0.8943146539731859,0.2504764385119668
0.7157161706898497,0.23166579000982931
0.7153305180692024,0.23163271357278217
0.7411747529757228,0.23489641286827767
0.7164874759311443,0.23199655438030084
0.713402254965966,0.23156656069868786
0.9332765873048666,0.25213057537801065
0.7126309497246714,0.23150040782459355
0.7276741565914917,0.23339686896871853
0.7149448654485552,0.23156656069868786
0.7299880723153753,0.23349609827985998
0.7184184936959568,0.23200765861273812
0.7488905600502447,0.2356351987157523
0.7269028513501972,0.233066104598247
0.8464827103666176,0.24606593189199355
0.7218893672817824,0.23240457585730395
0.7195754515578986,0.23237149942025678
0.746576644326361,0.235569045841658
0.7157189253514258,0.2318753528645495
0.7257458934882554,0.23296687528710555
0.7411747529757229,0.23500666765843484
0.7238176303850189,0.23290072241301124
0.9031874189096498,0.2509395873840485
0.718804146316604,0.23204073504978526
0.7292167670740809,0.23339686896871853
0.7658620300203016,0.23790652614641167
0.8221783312811103,0.24335342779386235
0.9197759909206354,0.25210844566655766
0.8572837384063178,0.24702522731978255
0.8862159489395929,0.2496715785438194
0.7338473531834243,0.2340474509840674
0.7253602408676081,0.23290072241301124
0.7269028513501972,0.23333071609462422
0.86268287509538,0.247554450312537
0.7539040441186595,0.23640698224685253
0.7369325741486028,0.23436718987552324
0.7269028513501973,0.23317635938840417
0.7265171987295499,0.23303302816119986
0.730762132218246,0.23377181400867447
0.8568980857856705,0.24683779417651533
0.7554466546012487,0.2365723644320883
0.7434914233611826,0.2352052050341393
0.7195754515578987,0.23221714271403673
0.9332765873048666,0.2521085244199792
0.7631652163373465,0.23744353478117308
0.7947942405535765,0.2408395398248572
0.7600772407105921,0.23700243686712283
0.8009646824839332,0.24142389021269023
0.7527470862567176,0.2361974981455539
0.7261315461089026,0.2329999517241527
0.757377672366061,0.2366716724966513
0.8734866577966562,0.2484476716196532
0.7404034477344282,0.23483025999418336
0.8198671702188025,0.24326530271515817
0.7770487106806491,0.23882171965813778
0.7562207145041192,0.236605519622557
0.7824506020312871,0.2395494800265967
0.8553527206415054,0.24677156254899948
0.8445516926018052,0.24603277670152485
0.828354282534619,0.24426870005901002
0.7299908269769515,0.23370566113458016
0.8939290013525388,0.2502779798896839
0.7323047427008352,0.23377181400867447
0.9074323523983461,0.2513476088610516
0.7373182267692501,0.23440026631257038
0.8395382085333903,0.2455697065828647
0.7353899636660136,0.2341687312532403
0.7299908269769516,0.2335513044283601
0.8295084857349847,0.24435682513771423
0.7330760479421297,0.23387104331981592
0.778205668542591,0.23896505088534212
0.7728065318535288,0.23842480241357195
0.8055952685932767,0.24178780977363049
0.9105175733635243,0.25144683817219304
0.9093606155015825,0.2514137617351459
0.8765718787618345,0.24878946146914047
0.888915517284124,0.2496715785438194
0.7496618652915393,0.23584468281705093
0.7512044757741284,0.2361974981455539
0.740017795113781,0.23479718355713622
0.8229523911839809,0.24386067858200694
0.7631624616757705,0.2373001248005472
0.7681759457441852,0.2379396025834588
0.7431057707405353,0.23517212859709216
0.7805195842664747,0.23937299360892367
0.761234198572534,0.23703551330416997
0.7326903953214824,0.23383796688276878
0.8900697204844898,0.24985893293366507
0.7365469215279555,0.23430103700142893
0.7944085879329292,0.2407733869507629
0.7450340338437718,0.2354477655724851
0.7485049074295974,0.23563519871575228
0.865382443439911,0.24809469878430715
0.7951798931742238,0.24110415132123444
0.8746408609970222,0.24854682217737312
0.7693329036061272,0.23809395928967886
0.8333677666030337,0.24466561730357586
0.7261315461089026,0.23296687528710555
0.7816792967899926,0.23952742906856528
0.783604805231653,0.239593503189238
0.762391156434476,0.23724499740546862
0.7616198511931813,0.23706858974121714
0.7442627286024771,0.2352713579082336
0.7380895320105446,0.2347310306830419
0.882356668071544,0.24934073541992632
0.7546753493599541,0.23650621155799398
0.8518846017172557,0.24651805528505955
0.7785913211632381,0.23918556046565648
0.7504331705328339,0.23586673377508238
0.736161268907308,0.23423488412733462
0.7839932125138762,0.23959358194265956
0.7905493070648802,0.24028818712064978
0.7909349596855275,0.24033228903671267
0.7496618652915392,0.23573442802689376
0.7739634897154708,0.23871146486798062
0.7531327388773649,0.23623057458260105
0.7234319777643716,0.23240457585730395
0.7712639213709397,0.23834762406046192
0.898173934841235,0.250686001366687
0.741177507637299,0.23510597572299785
0.7863071282377601,0.2400015246662411
0.7396321424931338,0.2347310306830419
0.8572809837447418,0.24690386829718808
0.7778200159219436,0.2389429999273107
0.790163654444233,0.24023305972557119
0.868084766446018,0.24837041451312164
0.8044355560697588,0.24161132335595745
0.8075235316965131,0.24220677797622772
0.7573749177044852,0.2366385173061826
0.7573776723660611,0.23684808016090278
0.7944058332713532,0.24076228271832564
0.8048212086904062,0.2417105526670989
0.7558350618834719,0.23657244318550985
0.8916150856286549,0.2501236231834639
0.765090724779007,0.237542685338893
0.7762801601009305,0.23879974745352792
0.8028957002487456,0.24158935115134755
0.7909349596855276,0.2403543399947441
0.8337534192236811,0.24473177017767017
0.8530415595791977,0.24670548842832674
0.91398844694935,0.2518327299377432
0.7689472509854799,0.23799472997853743
0.800581784524862,0.24135781609201748
0.8896868225254185,0.2498479862080709
0.8071378790758659,0.2421295996231177
0.7847617630935949,0.23962657962628517
0.7859214756171128,0.23978101508592675
0.7789769737838855,0.23930684073482936
0.805978166552348,0.2420743934746176
0.8341390718443282,0.24488612688389022
0.7535183914980121,0.23629672745669536
0.9001021979444713,0.2507521542407813
0.7816792967899926,0.23940614879939237
0.8815853628302495,0.2490650984445334
0.7897780018235858,0.24003460110328828
0.8368386401888593,0.2449853561950317
0.7920919175474694,0.2407402317602942
0.877343184003129,0.24903202200748625
0.8298941383556321,0.24459938567606002
0.7720352266122342,0.23836967501849338
0.7701069635089978,0.23824839474932047
0.8268089173904538,0.24414734103641558
0.8349103770856229,0.2449412542789688
0.7407891003550755,0.23486333643123053
0.9109004713225957,0.25145778489778725
0.7589202828486503,0.23696936043007566
0.8171648472126954,0.24302266342339082
0.8025100476280984,0.24154524923528467
0.857669391026965,0.24722368594206545
0.7496618652915394,0.23576750446394093
0.8754149208998927,0.24877843599012472
0.8295084857349848,0.2444670799278714
0.8850589910776511,0.24963850210677227
0.8187102123568606,0.2431440224459853
0.7573776723660612,0.23669372345468273
0.8487993807520775,0.24607703612443083
0.843011836780792,0.24563593821038057
0.852270254337903,0.2465511317221067
0.8391525559127431,0.245128687422236
0.7913206123061749,0.24055279861702702
0.7990364193806967,0.24132466090154878
0.7508188231534813,0.2361313452714596
0.7504331705328339,0.23591083569114524
0.8433974894014393,0.24574619300053777
0.7438770759818298,0.23523828147118647
0.8094517947997496,0.24266984809488787
0.7963368510361657,0.24126953350647018
0.777051465342225,0.2389320532017165
0.8619143245156614,0.24752145262891137
0.8507248891937379,0.24650695105262227
0.8634569349982506,0.2476647838561157
0.765090724779007,0.23780729683527022
0.8175504998333427,0.24307779081846942
0.7542896967393068,0.23647313512094684
0.815236584109459,0.24301163794437514
0.8052068613110535,0.24174362910414607
0.8383812506714485,0.24511766194322027
0.903573071530297,0.25113804600633144
0.8410808190159795,0.245635859456959
0.7897780018235857,0.24019998328852404
0.8133083210062226,0.24271395001095075
0.7604628933312395,0.23701346234613854
