0.38414086955292853,0.1871046110807719
0.44805364574868745,0.2049660222111997
0.3898078730365105,0.18810752890739124
0.43447968852679103,0.20287470441964434
0.4944354548088269,0.21860178445324913
0.4672875403650341,0.20980202445660312
0.41525992608870765,0.1954698822469933
0.470686329237357,0.21171911113821373
0.48764494315331286,0.21581354222191493
0.4774697748037393,0.21315651779525777
0.4836808671504582,0.21346087776544245
0.5029147617668048,0.21908092000559717
0.4095929226051257,0.1952945621926114
0.41694872139117156,0.19664539776690165
0.48594201567258566,0.21498539997745886
0.2682004790808431,0.1487258533376964
0.27441863751669365,0.15068595332457457
0.3032765455303453,0.16192603780488402
0.3615152521533907,0.18043918218094882
0.33550497805979324,0.17233689109630024
0.36039174398145857,0.179873475545847
0.3473760078009624,0.1757779555177087
0.3536082984150762,0.17922010888355427
0.3496442224122215,0.17686744442708183
0.23934963715632307,0.13927218220653897
0.3411578493651119,0.17481968441301265
0.3077988425746002,0.16205671113734257
0.3230615950989606,0.169069513312618
0.2947760403049724,0.15752506886212383
0.3287285985825425,0.17225032001354645
0.27838977960867994,0.15334406669566888
0.4039471173889387,0.19303010223554848
0.37228397199002267,0.18401309782369007
0.40168596886681124,0.19207183113085247
0.39263430868916976,0.19015474444924185
0.4548441574042015,0.20727512889018593
0.3920619554695063,0.18932660220478578
0.37567569477321383,0.1847535800409552
0.2484083634230962,0.1431934711247326
0.2597282382119968,0.14859572447745642
0.2846079380445305,0.15565262890243656
0.3977148267748249,0.1920707421864153
0.5085605669829919,0.22043066663545025
0.27499099073635713,0.15329996444596414
0.5136622833360419,0.22160781557201437
0.4327908932243271,0.20182986223219454
0.4062082659110662,0.19459818222505104
0.5142275704665739,0.22287099111911363
0.5328820457741252,0.22456974444107475
0.5130969962055101,0.22047531335737358
0.5662481186537687,0.2311480577859255
0.5554935309953999,0.23097273773154361
0.6069629242303263,0.24016560667000247
0.5685092671758962,0.2341535444324721
0.548703019339886,0.22844584216512642
0.5424919269931671,0.22613782443057734
0.5441807222956309,0.22692131995311002
0.6018682739664079,0.23567861111670707
0.308929416835664,0.1637554644593037
0.2993124695274906,0.1610107800054556
0.3377731926710524,0.17412330444545232
0.3456942785876301,0.17521279335482548
0.39376488295023354,0.1907645533340484
0.31005999109672766,0.16401681112422078
0.31457522205185096,0.16758800440586918
0.4316603189632634,0.2003924555751505
0.4853908607203171,0.21494293114440982
0.4588011673179246,0.20871253554722996
0.44353134870443256,0.2039206355515313
0.2715922018640343,0.14929210444501675
0.25972117212286516,0.14497988447388468
0.2325661915899407,0.13299986224852872
0.29139844970004447,0.15661144447935116
0.2987401163078271,0.15796119110920423
0.2540683008175465,0.14354247781684062
0.3089223507465323,0.16270953332741675
0.3372008394513889,0.173469393310941
0.28234678952240294,0.1543023378003649
0.2834632316052034,0.1544754799658725
0.4390090516601777,0.20304948000180764
0.44466898905462793,0.20453098890855645
0.39149666833897445,0.18915237109484107
0.4197751570438309,0.19751655331662527
0.3841550017311918,0.18788974001996034
0.3767992029451459,0.18610332667080828
0.46614990001483886,0.20975792220689835
0.3620946714621858,0.1828795066646122
0.3750962754644187,0.1841862399891977
0.41920986991329906,0.19716809109673586
0.36718225563697254,0.18305373777455694
0.37169042050296425,0.18335755327252304
0.42317394591615376,0.2002612377704734
