0.2732597988991033,0.13243306666898974
0.2857102479490676,0.1404487866708845
0.3716833544138326,0.17050746444188059
0.39938242380989397,0.17708468884229417
0.27835444916302177,0.13696361999977136
0.5792355904777382,0.22788013553002465
0.5701909963892284,0.21829742448306447
0.6685650892800361,0.22910084224407493
0.5549070455974731,0.2151160733099174
0.4299361932151412,0.18675669333310102
0.6312561386649331,0.22801189780692036
0.6476494654503572,0.22822968669435129
0.3139887366539242,0.1481160444528898
0.19631715434458488,0.08177047120259212
0.48932667236664523,0.20152550226200983
0.4180439652065771,0.18205081994793756
0.38297496484620663,0.17704004212037083
0.44011136156471475,0.19054621997439894
0.3592470375421316,0.16458360670375974
0.40280241094961167,0.1797874489353118
0.22463097349509967,0.11553156005991375
0.36886398485030486,0.1698546422518064
0.42823326573441395,0.18623345553104828
0.43784314695345566,0.1884113444053574
0.26478049194112535,0.12694478670573073
0.32135160152910164,0.14877050005961973
0.3258738985733566,0.15338762447315507
0.5339843556786624,0.2118922533037213
0.37619858536895584,0.1725105777340264
0.4700857116611669,0.19477241333499576
0.4203263119960995,0.18218312669705183
0.47631093618614906,0.19978210221812537
0.5006465471555458,0.21163199558324136
0.6719568120632273,0.2291444000215611
0.332657344139739,0.15713359333696678
0.26649048551098425,0.13012559340665922
0.4333420481765957,0.18784672671469274
0.23028384480041827,0.11818858448657087
0.4129563810317904,0.18109254884324152
0.25854820132701156,0.12546273332676336
0.4271097575624818,0.18597265333834972
0.3575441100614043,0.164060368901707
0.41015820973565753,0.18052847562479546
0.3094664396096692,0.14646084890841488
0.46500519357551173,0.19320487781771178
0.49273252732809975,0.20226707342371208
0.2133040326170674,0.10738462225334183
0.3637693345863865,0.16941852000472601
0.4593311240027982,0.1915044910790949
0.2970442549162315,0.14593924452301785
0.2857314462164625,0.1418007111896119
0.4910084015799775,0.20213422220237923
0.3287003342260159,0.15447656891030961
0.3213516015291017,0.15290848892080708
0.3558482486698087,0.16406036890170697
0.26477342585199365,0.12572462446389904
0.20594116774188992,0.09871553558915433
0.4599105433115933,0.19298654445806226
0.4463295200005653,0.1910253555267469
0.3417090043173805,0.162535302217472
0.3213374693508384,0.148159602230376
0.41634103772584985,0.1815275821458848
