0.3558411825806771,0.15430288227258346
0.4520106556624105,0.18488588679006948
0.38241674380480634,0.1576573756112381
0.34452130779177653,0.1475938955952742
0.3388755025755895,0.14454539564346
0.4123910939012585,0.16706694449269074
0.3835543841550017,0.15879042229809745
0.38637375371852933,0.15961747559811634
0.393715420326312,0.16401626665200222
0.4502865299142883,0.1787420622756434
0.567343362469174,0.21115231555867478
0.501748857060083,0.19381468670251834
0.6572452144911356,0.21903790670032958
0.667441581108104,0.2250940711875647
0.5470000918591588,0.20479342451791072
0.5023282763688781,0.19995742227250726
0.41297757929918527,0.16785261790409775
0.5571752602087322,0.20657929339484418
0.48817489983818657,0.1897632689240848
0.4616134707923205,0.18793438674188367
0.5594434748199913,0.20993378673349883
0.5181633821129019,0.20413951338339936
0.34168073996085385,0.14524068666658319
0.5741338741246882,0.2163362355517491
0.3213233371725751,0.13905493779132666
0.49326955010210494,0.19350978226011506
0.29982829403410094,0.12833863558528857
0.32190275648137023,0.14153882005247626
0.32131627108344346,0.13360967113333524
0.2766585877714261,0.12407051786386125
0.3422672253587807,0.1467668422952553
0.3343390733530713,0.14371670892678534
0.37563329823842395,0.15752670227877957
0.31058288169246967,0.13234704005845452
0.3207580500420433,0.13300040672074728
0.34565188205284025,0.15033803557690373
0.41466637460164923,0.17830594002856304
0.39204075720211135,0.161404433419487
0.3993894898990256,0.16632646227542563
