0.4723378941106484,0.495618807628429
0.22070196311719215,0.4095412633869766
0.07555026769779893,0.25468186243628654
0.437239738251041,0.49109443903556493
0.4134443783462225,0.4842219804134929
0.1719214753123141,0.3555924632037111
0.02617489589530042,0.16516808888379816
0.062462819750148724,0.2053147013344024
0.06305770374776919,0.24431590401466127
0.2444973230220107,0.4129774926980127
0.11183819155264722,0.2959738846572361
0.1963117192147531,0.37970333886948054
0.5562165377751338,0.49911230742798235
0.06365258774538965,0.24780940381421454
0.09934562760261749,0.2878987457763015
0.0874479476502082,0.2775900578431934
0.026769779892920884,0.20416929156405703
0.09994051160023795,0.2879560162648187
0.13622843545508626,0.3177939407823149
0.31707317073170727,0.47379875150335027
0.20880428316478286,0.38434224843937914
0.280785246876859,0.43365213905274613
0.4848304580606782,0.49682148788729164
0.5092207019631172,0.49802416814615424
0.18441403926234384,0.3659584216253364
0.24509220701963116,0.4244888608899834
0.13622843545508628,0.34986541435198437
0.1124330755502677,0.31664853101196955
0.2331945270672219,0.41074394364583927
0.35336109458655557,0.4818738903842849
0.29268292682926833,0.44968787583758085
0.013682331945270675,0.13074852528492067
