0.02315843986986979,0.010287323195615388
0.02121915812032913,0.0051270840025733466
0.9240181697477555,0.25067513339451436
0.09955071469694592,0.03733376826222936
0.9186162783971173,0.24967173605066248
0.9348191977874557,0.2511162313085646
0.9089722082193591,0.2482162940671662
0.0841135912247501,0.030685089402065435
0.7928632227887641,0.2408615120294671
0.741177507637299,0.23510597572299785
0.7164902305927203,0.2319415057386438
0.8661565033427817,0.24538250969986217
0.7392492445340624,0.23460982916729056
0.8939290013525386,0.2473231515134715
0.7218893672817823,0.23252585612647683
0.7091573214772698,0.23058521431286744
0.8569008404472467,0.24499661793431204
0.72651719872955,0.23284559501793264
0.7272885039708445,0.23315430843037274
0.8079091843171605,0.2422508798922906
0.08257098074216093,0.026517458334124156
0.7184184936959567,0.23211791340289528
0.7296024196947283,0.23322046130446705
0.6902603430655525,0.2282478127615353
0.7145619674894839,0.231621766847188
0.7658620300203015,0.2377852458772388
0.041295131686596646,0.016759594391527837
0.7909349596855276,0.2403543399947441
0.7022155743056185,0.23016624611027017
0.6945025218926727,0.22888729054444693
0.7126337043862474,0.2311256202914807
0.11884987369876676,0.04888894279123074
0.7330732932805539,0.2336284040280486
0.7184184936959568,0.23196355669667523
0.7893923492029384,0.23995742275017826
0.7450340338437718,0.2354477655724851
0.11074015001886944,0.03816083669525127
0.19061431707807533,0.07186698610104489
0.7940201806507059,0.2409166394245457
0.6972020902372038,0.2293613861421228
0.7438770759818298,0.23523828147118647
0.69488817451332,0.22889831602346264
0.7010586164436766,0.22991266009290867
0.689489037824258,0.22803832866023666
0.7866927808584074,0.23984716796002106
0.6929599114100836,0.22888729054444693
0.6898746904449052,0.22815960892940956
0.03473352781244061,0.014719723266776978
0.7920919175474695,0.24047562026391697
0.7731894298126001,0.23853497845030758
0.4618658424719232,0.17155227955322563
0.9328909346842192,0.25067521214793587
0.2855289363425257,0.10680798915659889
0.6952738271339673,0.22904164725066697
0.44102958231066536,0.16504693192026607
0.7697185562267745,0.23812703572672603
0.679070907743629,0.22708997995804187
0.6898746904449051,0.2281265324923624
0.15511774800906838,0.05802953741578995
0.6968164376165564,0.22927318230999705
0.69488817451332,0.22895344341854124
0.657854504284876,0.22400268832679782
0.04785673556075269,0.019086127970687348
0.6678814724217056,0.2252265164975425
0.3337575512160454,0.1211968692994828
0.16823544643422836,0.06260526871415587
0.4634084529545124,0.17230201212629445
0.586486732172519,0.20915073806525375
0.5953622517705586,0.21218290230141923
0.7199611041785459,0.23234944846222536
0.6721291605719777,0.22577794795517145
0.7693329036061272,0.2380388318946003
0.08025431035670114,0.024025621323150413
0.48000804361180205,0.1821041354917967
0.5070147457034165,0.18937024117684081
0.8098374474203969,0.24269189905291932
0.9409896397178124,0.2518549384026177
0.6582401569055234,0.22412396859597072
0.6752143815371562,0.22653870600725598
0.6169643078499589,0.21650504758242362
0.09685114635241489,0.036848647185537785
0.33684277218122366,0.12122994573652994
0.595747904391206,0.212502641192875
0.2403910517573364,0.09282720924413962
0.4039904027590691,0.14628109411498527
0.5660416339550604,0.20446475197673067
0.692188606168789,0.22847934782086537
0.16013674140063527,0.06196579093124425
0.7122480517656001,0.23103741645935497
0.6536123254577558,0.22333013410683905
0.8017387423868039,0.24151217279823753
0.3549794639979506,0.12858425525369982
0.6725148131926252,0.22589922822434436
0.5170417138402461,0.18955767432010803
0.6863983075359276,0.22783971253111068
0.457618154321651,0.16942420459634908
0.7041438374088549,0.23034265377452168
0.3781461678525486,0.14153998063138354
0.6505271044925776,0.22256937605475452
0.3912638662777086,0.14420830406003032
0.9328909346842192,0.25078546693809306
0.5768454166563366,0.20769537483517903
0.7006729638230295,0.22982445626078293
0.6347098377228866,0.2201766896015007
0.19486751455149975,0.0780525948425487
0.6925742587894362,0.2287990867123212
0.4113233118745197,0.15020632215142385
0.44836800074926797,0.1651905781611565
0.6663388619391164,0.224972930480181
0.3769781913443025,0.13965430870600964
0.6883265706391639,0.2279168908842207
0.809837447420397,0.24258164426276213
0.6829274339501019,0.22758612651374915
0.6605540726294071,0.22444370748742654
0.053641524870462046,0.021445580480050935
0.148170491514265,0.05615504847627486
0.8044383107313349,0.24207447222803913
0.12656292611171255,0.049616624406268114
0.18020169632059857,0.07161340008368337
0.5861010795518716,0.2087979227367508
0.13582409833039963,0.04998062272062988
0.668272634365505,0.2254251326266685
0.4144085328396981,0.15077964706024116
0.20759405103286035,0.0797505186109692
0.6628679883532909,0.22477447185789806
0.4661135306221955,0.176150061809623
0.6100225606783077,0.21572223857230766
0.21377551160952127,0.08785456070120785
0.2886196666308561,0.10684122310048912
0.47691731332347165,0.17911607317169415
0.29595257574630673,0.10938826625996298
0.7863071282377602,0.23983614248100535
0.680227865605571,0.2271120309160733
0.5702893221053328,0.20768434935616334
0.6381807113087122,0.2208602693004752
0.6844700444326911,0.22781766157307923
0.6501414518719302,0.22217245881018868
0.9382900713732814,0.25129263897281606
0.5371066687602094,0.19762863997329955
0.34610945372306284,0.12752580926819093
0.6597827673881125,0.22437755461333223
0.2126075351012751,0.08065460789025804
0.6624823357326436,0.22476344637888235
0.44026929571567486,0.1645731513362763
0.2666264486076564,0.10115176091469265
0.43177391941513027,0.1582442113675682
0.5309362268298528,0.19647096467664915
0.23769148341280535,0.09180183969567787
0.667110167180411,0.22516036362344818
0.6782996025023345,0.22679229202461748
0.599604430597679,0.21302083870661376
0.6543836306990504,0.22346243985502764
0.5490674093234275,0.20103567049599935
0.6825417813294548,0.22749792268162342
0.4541582993821294,0.16850940485173063
0.6215921392977265,0.2171776018023824
0.6285393957925298,0.21901901430485035
0.6570831990435815,0.22390345901565636
0.4367874034835451,0.16026187402744455
0.673671771054567,0.22595435561942293
0.5884205045989074,0.21098112508870595
0.28012979965346363,0.10475725005967541
0.6752143815371561,0.22626306903186302
0.6547692833196977,0.22358372012420055
0.24078772302428791,0.0998287034328065
0.05943182350332351,0.023242891066456
0.34263307081408517,0.1240857023084439
0.567975406381449,0.20697871869915738
0.5633420656105294,0.20389142706791338
0.6428085427564796,0.22095949861161668
0.15472658606526896,0.05785297224469539
0.5637277182311767,0.2040678347321648
0.06213139184785454,0.024014674597556237
0.61542169736737,0.21626248704407783
0.5579429289214674,0.20314169449484454
0.47074687139311494,0.1781017291022481
0.4367984221298494,0.1645621258572606
0.6532266728371084,0.22320885383766614
0.4946683525195512,0.18681217253835125
0.40399591208222113,0.1490155704177263
0.37853182047319595,0.1419038214389022
0.790163654444233,0.240045626582304
0.17286878720514792,0.06844893009932933
0.5374923213808569,0.19884144266502846
0.5942052939086169,0.21127881302213034
0.6890978758804585,0.22798304375831502
0.34997148925268784,0.12772442539731693
0.5124138823924786,0.18950254692502946
0.7812936441693453,0.23964870933773816
0.6308533115164136,0.2192395238851647
0.22380798906950292,0.09134979505603344
0.39319212938094505,0.14597238070254512
0.5868778941163184,0.21070548811331308
0.6767569920197453,0.22653870600725598
0.5525437922324052,0.2025463186279958
0.1933249040689106,0.07689491954589833
0.30367113748240465,0.11489013779564922
0.6678869817448575,0.2253038523574956
0.6138790868847807,0.21604197746376347
0.6632536409739381,0.2249178030851024
0.7832219072725818,0.23983614248100535
0.3410959696546481,0.12394252858808269
0.6509127571132248,0.22288911494621033
0.5023924235788012,0.18849938584144224
0.4560865624853659,0.16896144949137507
0.20682274579156582,0.07914411726510472
0.6748287289165088,0.22621896711580017
0.6077086449544241,0.21512686270545892
0.2523573016437067,0.10021459519835663
0.6350954903435339,0.22071693807327086
0.6030753041835045,0.21309801705972375
0.5780023745182785,0.20833485261809068
0.5949765991499114,0.21145522068638187
0.05441283011175663,0.022437873591465526
0.3098525980590655,0.11981884192936118
0.6142647395054279,0.21625146156506214
0.6509127571132247,0.22256937605475452
0.5922770308053803,0.21101420152575312
0.2839918351830886,0.105948159300216
0.6134934342641334,0.21579941692541768
0.6239115643447624,0.2182362052947344
0.3677225284487675,0.13691998991011164
0.41596216196859154,0.15697628128076066
0.361926720492754,0.13109822197612653
0.3908671950107571,0.14199186776418488
0.11421653292784717,0.04144658694877822
0.519361138887282,0.19313008702804363
0.5344126097388306,0.19708854900837244
0.627382437930588,0.2185559441861902
0.6431941953771269,0.22156589995748113
0.4147941854603453,0.15113246238874412
0.5297737596447588,0.1941664820555211
0.39512039248418146,0.14618186480384376
0.5849441216899297,0.20875382082068794
0.6995160059610875,0.22940548805818567
0.5814732481041042,0.2084671583662793
0.6320102693783555,0.21991207810512348
0.6809991708468655,0.22727741310130906
0.5185953429691397,0.19219307881855072
0.4877266053478999,0.18502604493780495
0.55755727630082,0.20274477725027867
0.36348034962164727,0.13339183662508203
0.6412659322738905,0.22094847313260094
0.517824037727845,0.19198359471725213
0.17133168604571083,0.06443581324445118
0.6482131887686937,0.2219298982718429
0.23576872963272097,0.09174686980744239
