0.6968577101631559,0.24112496671913564
0.2104775969644081,0.11117414889463971
0.21784046183958564,0.11770890446200429
0.23592965001660532,0.12250025998548437
0.19125076843719307,0.10664359556385816
0.19747599296217522,0.11108703333966737
0.22462390740596805,0.11884140667664503
0.21273874548653557,0.11400540443124159
0.22971149158075482,0.12128064221587126
0.17256802877311495,0.09418389331393562
0.22631270270843198,0.11988624886409485
0.23593671610573697,0.1278584110885034
0.26930278898538024,0.13626615108777382
0.174857441651769,0.10202647115032279
0.440669582606115,0.1881935555179265
0.40448414016294404,0.18213847997512853
0.3897796086799839,0.17734657997942982
0.37846679998021493,0.17603930218262578
0.447460094261629,0.1903719888644542
0.35868175041159966,0.16832957556757144
0.44576423287003336,0.18915237109484107
0.39995477702955745,0.17935023774379424
0.3332296973594025,0.15804885113639522
0.4288056189540775,0.18632111555823921
0.3253086114428247,0.154563684465282
0.2127528776647989,0.11435495559556821
0.21104995018407163,0.11291700446630562
0.25743175924421113,0.13095210223445952
0.44237957617597384,0.1890222422346011
0.26308463054952974,0.13378335777106143
0.2438507359331831,0.12851177775079614
0.3218956903922386,0.15421358882873681
0.2715710035966393,0.14088381997352778
0.28118088481568104,0.1417985333007376
0.243871934200578,0.1286440844999104
0.18390203574027883,0.1037687822497701
0.3897937408582472,0.17843661336102157
0.30550942969594613,0.15177489776172917
0.28740610934066324,0.14332359998497254
0.31569873022378303,0.15256002670091762
0.3564206018894722,0.16401735559643937
0.3439630867503763,0.1631010088525738
0.3858155326771292,0.17686689995486327
0.34000607683665324,0.15970350220865157
0.3626387603253227,0.1710301577717148
0.37564036432755565,0.1732516044235101
0.3411437171868486,0.16223039777506873
0.41523166173218107,0.18632057108602063
0.31342344952339224,0.1523847066465357
0.3292656213565478,0.15560907112495037
0.3400060768366532,0.15952927109870682
0.3569717568417408,0.16623771330379755
0.3971212752877665,0.17882699994174148
0.30269006013241845,0.15059938224182082
0.30947350569880083,0.15203678889886482
0.5153298803711109,0.20736224444515827
0.4548158930476749,0.1950332155276943
0.5074158605436648,0.20265800447665058
0.5011977021078143,0.20034944226988288
0.4927113290607048,0.19908572225056503
0.4915807547996411,0.19882437558564792
0.4808261671412723,0.1961662622145536
0.4644328403558482,0.1954693377747747
0.6623610630224489,0.2330221311622685
0.6770585284162774,0.23323992004969943
0.6861101885939189,0.2390772067050665
0.35527589545014515,0.16401626665200222
0.21839868288098585,0.11871018887196791
0.26081641593827065,0.13373925552135665
0.1431589658071947,0.08795404218897435
0.19124370234806143,0.105074971102137
0.26309169663866144,0.13600534889507526
0.2879855286494583,0.14807248667540363
0.278368581341285,0.14088490891796493
0.24555366341391027,0.12925280444027984
0.5650822139470467,0.21394001331779047
0.6091958083959269,0.22400349333375438
0.5939330558715665,0.22143358446206962
0.5418983755061086,0.21237138885606932
0.592237194479971,0.21625020894121388
0.5786632372580747,0.2139846600397138
0.6165657393602363,0.23267312447016048
0.48139145427180413,0.19634049332449835
