0.32925855526741615,0.1392743600954133
0.37789444676055145,0.155958622289277
0.30550236360681454,0.12651084234752463
0.4095505260703358,0.17089893996703764
0.4502794638251567,0.18118075334265105
0.4423583779085789,0.17760847111656552
0.37845266780195164,0.1648003066467535
0.3586534860550731,0.15325640666847792
0.3750538789296287,0.15560907112495037
0.5413401544647084,0.20618672892524995
0.5051405798432741,0.19581834446688276
0.5068576395022647,0.2000886400771844
0.45028652991428836,0.18187822225464856
0.48931960627751364,0.19294407562501326
0.614862811879509,0.21973592008454565
0.48874725305785005,0.18884910006909356
0.5860331682223839,0.2165997601055405
0.4881748998381865,0.1879338422696651
0.3383102154450577,0.14214971788171996
0.3513188855364221,0.1450250756680266
0.48197087358059937,0.18588771567225168
0.23192317747896074,0.0806374245157328
0.3003865150755012,0.12302404225975573
0.3026335314193653,0.1262462288492961
0.2805661350612277,0.11770727104534855
0.2918930759392599,0.12084506444100944
0.33546258152500336,0.14171250669020238
0.27548561697557256,0.11008520445748515
0.5221133259374934,0.20034944226988288
0.46781749704990777,0.18357752004882827
0.3744815257099653,0.1548680444354667
0.3133951851668657,0.13238950889150358
0.3111340366447382,0.12755459559053728
0.3190763208287109,0.13770573563369215
0.24385073593318304,0.1045550001333957
0.34509366101144007,0.14419693342357054
0.29644363734004137,0.1229815734267067
0.5656545671667103,0.20692775561473364
0.6527370496251439,0.22579045115512505
0.5588499233329329,0.20688256442059172
0.6414313070145067,0.22396102450070537
0.6227626995286917,0.22260964445419656
0.5718797916916923,0.21006446006595736
0.47686209113841754,0.18370819338128683
0.540202514114513,0.20270156225413677
0.5011765038404195,0.1957306844396918
0.4468877410419655,0.180440271125386
0.27833325089562677,0.11169847564112964
0.2777608976759633,0.1106525445092427
0.4231456815596272,0.17368881561502766
0.35697175684174076,0.15016489341139613
