0.2392931084432699,0.0995431333613918
0.4508447509556885,0.17647651337414336
0.4910084015799775,0.1928564155978223
0.5096487447092657,0.1957736977449594
0.5345425767200628,0.20622919775829898
0.599571794998622,0.21690248665906944
0.46780336487164453,0.18801932440798177
0.6453741847499663,0.22343724222643402
0.606927593784668,0.22012630666526556
0.5910783558623808,0.21058551997913583
0.5203962662785029,0.19790857331400094
0.5837437553437299,0.20914920226652894
0.33488316221620823,0.14319238218029542
0.5820478939521344,0.2068406400597613
0.3128298980363339,0.12942758002244314
0.42085626868097314,0.17137807551938566
0.2947407098593141,0.12672699781829982
0.4299149949477462,0.17521224888260686
0.3473477434444358,0.1440657156188934
0.34849244988376277,0.15491269115739
0.5220779954918351,0.19799459992453616
0.4468736088637022,0.17577849998992726
0.4621646257445891,0.18457934893101047
0.31623575299778833,0.13622368225472478
0.32639678916909853,0.1418415466060052
0.3654510637997187,0.15835375557879847
0.34451424170264483,0.14376026670427156
0.2868125578536048,0.12223945779278585
0.4022159255516849,0.16889637114711037
0.3762056514580875,0.16580322447337284
0.27890560411529025,0.11932163117343018
0.3943019057242388,0.16641357783039798
0.5079528833176701,0.19294244220835755
0.4174786780760453,0.17076935557901624
0.3207509839529116,0.13648448444742328
0.26080228376000736,0.11561813114266753
0.24382247157665643,0.10821167555336071
0.4542364737388797,0.17943844224320377
