0.25529676354475345,0.23267234883624063
0.3132884817714115,0.2864699489967853
0.2785108251850852,0.26639050969136807
0.29976544627947604,0.2800292312410782
0.2843119274910475,0.2675302251790035
0.32391579231860695,0.2948038818482323
0.30459165452070924,0.28343701841340996
0.2727097228791228,0.26525079420373265
0.2698139979343829,0.2633575791079928
0.26787386222140713,0.25767414739058164
0.27367496452736945,0.2652507942037327
0.28816324166755153,0.27472065611262353
0.30941786276194244,0.2841943044517059
0.2852675167228116,0.2728274410168836
0.2910686190287739,0.27699630065770287
0.29975579386299367,0.27964680179173873
0.3016862771594869,0.2811613738683306
0.2958948272700071,0.27737494367685084
0.31907993166089127,0.29025637918826513
0.2997557938629936,0.27926815877259076
0.3113483460584357,0.2853302335091499
0.3229408982538779,0.29252823730315297
0.31811469001264464,0.28949909314996913
0.3190895840773738,0.2913960946759005
0.317149448364398,0.2887418071116732
0.3760774509898554,0.31678032267958084
0.37222613681335126,0.31413360797573653
0.38669510912056837,0.31905218079446873
0.36351000472968414,0.3107144615128303
0.32390613990212447,0.29290688032230094
0.32294089825387784,0.292149594284005
0.33936931110703566,0.3008659565847914
0.33453345044932,0.29859031203971215
0.3287420005598402,0.29556116788652825
0.3364735861622958,0.3001086705464955
0.35771855484020426,0.30882124641709036
0.3316377255045801,0.2985903120397121
0.36351000472968414,0.3107144615128303
0.37123193791565723,0.31336496264686614
0.3306628314398509,0.29631466749463276
0.36351965714616663,0.3110968909621697
0.31520931265142227,0.2887380206814817
0.3499966216542312,0.3061707452830545
0.33646393374581324,0.299726241097156
0.3499773168212662,0.3046486003460797
0.3548131774789819,0.307302887910307
0.3973224196677639,0.3254928985501758
0.39635717801951725,0.32511425553102785
0.4108454551596992,0.330419044229291
0.3924962114265307,0.323221040435288
0.37221648439686883,0.314129821545545
0.3644848987944132,0.3114755339813177
0.3867047615370508,0.31943461024380815
0.37220683198038634,0.31412603511535353
0.4195422824104014,0.33345197481266636
0.4011930386772329,0.32625397101866327
0.4185673883456723,0.33117633026758697
0.406019246918466,0.3285258291335511
0.3876700031852975,0.32132782533954807
0.3789731759345953,0.31829489475617273
0.3721971795639039,0.31374360566601406
0.3818689008793352,0.3190521807944687
0.37318172604511546,0.3160230366412849
0.36448489879441326,0.3129901060579096
0.345170413412998,0.3031416011298707
0.3509618633024778,0.3069280313213505
0.3499869692377487,0.30465238677627116
0.3586934489049334,0.3092036758664299
0.35965869055318,0.30996096190472583
0.4726498778969315,0.34746933938152447
0.4291946988928678,0.3368597619849982
0.42147276570689474,0.33496654688925825
0.43499580119883013,0.3368635484151897
0.43596104284707676,0.33837812049178156
0.38670476153705086,0.32094918232040004
0.3886255924170616,0.32245996796680054
0.3461356550612446,0.3038988871681667
0.3412997944035289,0.3016232426230874
0.355788071543711,0.3080639603787944
0.42435883823515214,0.33534140347821473
0.45430063416376293,0.34330047974070527
0.4919740156948293,0.35277791450997903
0.45913649482147856,0.3455761242857846
0.4388471153753342,0.33988890613818196
0.4282391096611036,0.3357276193577457
0.4649279447109584,0.3467120533432285
0.455275528228492,0.34557612428578455
0.40600959450198365,0.3273861136459157
0.4436829760330499,0.3421645506832613
0.4736247719616606,0.34974498392660386
0.45043966757077636,0.34254319370240927
