0.6219419813178853,0.18713214769007158
0.5559816098793182,0.17912725615755287
0.6034251462036633,0.18127746082588242
0.5717988766490093,0.1805938023734864
0.6045903680503333,0.1830638246866933
0.30794912691001347,0.1381218458762464
0.46302555499544107,0.17207055582038583
0.5093176427809962,0.1770213896655508
0.507772277636831,0.17564312603516452
0.5424892774798153,0.17773820330841553
0.3357271342429226,0.14690946766545962
0.32454045358257516,0.1438112293086214
0.334953074340052,0.14493582816822456
0.3295539376509899,0.14424122299023437
0.4630310643185932,0.1738458154487595
0.42985667495819807,0.16705388411481278
0.4410406009569695,0.168762833362249
0.44643973764603156,0.1699976870120094
0.4221326038989481,0.16364669608526983
0.40053054781954767,0.15686586898376037
0.5189562036356024,0.177539508425868
0.4807738395299446,0.17523510455816146
0.41364824624470764,0.1608793008523247
0.36388803953490295,0.15210270454212726
0.37314921175359006,0.15580742299825148
0.40670649907305645,0.15946803953831282
0.3696755835061884,0.15363532487873352
0.38201646736690165,0.15625938888447433
0.32299233377683384,0.1411429058799746
0.3457596117029043,0.15151827540087268
0.4047727266466678,0.1575384232037191
0.41635056925081476,0.16145270451456353
0.3642736921555502,0.153480889419092
0.31721029912870063,0.14044837945540595
0.2863470708306131,0.13292868775300035
0.3056324565245537,0.13619230829507428
0.32338074105905723,0.1412311884655219
0.27669473666812666,0.125475148924689
0.27708314395035,0.12911363575329737
0.30332129546224595,0.13598290294719717
0.30872043215130807,0.13914721542470818
0.26704515716721616,0.11781220474850057
0.2913633095606039,0.1359828241937757
0.2840304004451533,0.13170478082883413
0.31682189184647724,0.13952216046466412
