0.3059850532062884,0.110954041787038
0.29517576118185995,0.10466920373439276
0.3113896992185025,0.11517695775690096
0.28823401401020876,0.10391947116132395
0.3549904826442547,0.1295878888578163
0.3897074824872391,0.13800056560707352
0.3472746755697329,0.12888217944738883
0.32990653433272454,0.12034806492211562
0.3584613562300804,0.12972019460600492
0.39858300208527886,0.13932378059580272
0.34032741907492964,0.12310467093630967
0.2866941581891957,0.10384237156163548
0.5424672401872068,0.16449597298316623
0.3978116968439842,0.13886071047714257
0.36926513893135654,0.13329260731394052
0.47805223389280516,0.1526101915905364
0.4934838480418489,0.15631491004666065
0.493486602703425,0.15747266409673258
0.48537963368510373,0.15581860598411026
0.5050534266612676,0.1582112924373641
0.4811347001964074,0.15410957798325245
0.5131631503411649,0.16365819408481477
0.34572380110241563,0.12640121040858773
0.33260885733883166,0.12166017567840758
0.38738805744020316,0.1366001722652343
0.37002818018792305,0.13353493159202168
0.40050851052693925,0.13967651717088414
0.40089416314758647,0.14055855549214155
0.43175739144567404,0.1463251960310481
0.3700336895110752,0.13496840137090807
0.36540310340173165,0.13187016301406987
0.44563813112740036,0.14920276730072884
0.46106699061486806,0.15085666790650806
0.433294492605111,0.14741656094676103
0.39047327840538143,0.13839732534479626
0.34302147809630845,0.12501192129918576
0.5698540855763166,0.16514663375193664
0.5806578682775928,0.1685536642746365
0.5779610545946379,0.16629351982983592
0.401288079752962,0.14355772204468142
0.4244382556381036,0.14405418361407485
0.3025059156357346,0.10707283691324075
0.3013489577737928,0.10495594494222296
