0.2581249215741161,0.2190146951355731
0.43111552977287865,0.30315674685063665
0.4156234013185201,0.3001086705464955
0.4098512562620052,0.2929220260430669
0.40017953494657393,0.2921571671443879
0.31516105056900995,0.26221407719016593
0.3586162295730737,0.2811538010079477
0.556625901294389,0.33308090465390133
0.5653323809615737,0.3330884775142843
0.4620032625167711,0.3084577491187083
0.45232188878485735,0.30731046077069
0.34511249891410317,0.2724487979977357
0.3943687802241291,0.291770951264857
0.31032518991129426,0.2603170756642345
0.3402766382563875,0.27093043949095236
0.5460178955801586,0.3243759016436894
0.49000492273240603,0.322092684238227
0.27847221551915524,0.24517135489831537
0.33061456935743866,0.2694120809841689
0.2958272603546298,0.25614442959322375
0.2910203569463615,0.24933642810894313
0.3083850541983186,0.25614821602341525
0.26008436212005676,0.23227856009632672
0.34607774056234986,0.27282744101688367
0.27845291068619027,0.23948413675071278
0.3876120886864027,0.28760587805422927
0.32093319562552486,0.2625851473489309
0.32290228858794806,0.2648721511845847
0.36442698429551845,0.2819186599066266
0.254273607397612,0.21561069439343278
0.24077952915512396,0.21372505215807586
0.21853070916303896,0.1985603992411994
0.21660987828302813,0.1909913252884313
0.22820243047847025,0.20500490342709793
0.3760195364909605,0.282679732375114
0.2938967770581365,0.252736642420892
0.26876188453779404,0.23265341668528325
0.4098222990125578,0.29291066675249244
0.4416945782376618,0.3073066743404985
0.2716576094825339,0.2337893457427272
0.5662686653603729,0.3353489763385978
0.5479097692107219,0.330419044229291
0.5798013532687908,0.3436866956202362
0.5672532118415845,0.34255076656279226
0.6087972123821199,0.34862420058992577
0.48032354900049234,0.32018810985191265
0.34897346550708974,0.27585658517006745
0.4310769201069488,0.3020056720724268
0.3789249138521829,0.2834408048436015
0.46488933504502855,0.31224039287999666
0.38085539714867617,0.2864699489967853
0.280393046399166,0.24630349752556785
0.2030675379581278,0.18037796146171342
0.20693815696759682,0.18113903393020087
0.18662947268848754,0.16787138253925576
0.20789374619936096,0.18681489278722907
0.20305788554164533,0.17961688899322603
0.19244022741093228,0.17696638785919017
0.19919691894865876,0.17734503087833814
0.5179872781150762,0.32436075592292335
0.4639144409802995,0.31110067739236125
