0.27742747664735656,0.09111865376381106
0.24848424746777734,0.07817419012540772
0.26701210122830366,0.0891009123505132
0.5139344555824595,0.1670540416216558
0.4005222838348195,0.14687654873525555
0.43524203833937986,0.15430803660553538
0.40013387655259613,0.14546520866782214
0.5305257822550211,0.1712660108659246
0.39704865558741786,0.14534392839864924
0.3935777820015922,0.14464932322065902
0.4688048349819984,0.15964468346282895
0.459158010142664,0.15951222020779726
0.43447073309808526,0.15409855250423674
0.44681437162037463,0.15708653607091783
0.4418008875519598,0.15543271421856014
0.45144495772971815,0.15803480601969105
0.6084441395952302,0.18337245934571186
0.5208789574156868,0.1707035539292799
0.6022709430032974,0.17997653305544928
0.5528908795909879,0.17202669016458755
0.6045821040656051,0.18318486869560158
0.5571385677412602,0.17629370805051342
0.5729530798493752,0.17809093988349695
0.5976376022323778,0.1783115282172328
0.5536649394938585,0.1737577691234768
0.5424782588335111,0.17178412962624182
0.2983023020706791,0.13220100613796296
0.311417245834263,0.13320440348181484
0.31643072990267784,0.1350566839564554
0.33186785337487373,0.1420251017080751
0.331091038810427,0.1378793640913222
0.28325358588070665,0.12741571198487686
0.31334550893749946,0.13359029524736493
0.3160450772820306,0.13452746096370094
0.3492249759655778,0.14333721246436706
0.3280030631836726,0.1365562278560145
0.2917434528580991,0.12924609900832906
0.32105580668886924,0.13525506382531677
0.3897185011335432,0.1446051425511746
0.4047644626619397,0.14885010947906896
0.407846928965542,0.15010693533343927
0.41132055721294364,0.15174981046020275
0.39203241685742707,0.14464924446723748
0.38316240658253936,0.14458309159314317
0.4333082659129913,0.1539330128121579
0.423666950396809,0.1519925285053916
0.446040311717504,0.1567887693840719
0.47265585186531905,0.15993118841039447
0.4753581748714262,0.16233482158924248
0.4726586065268951,0.16181662407550373
0.5139289462593073,0.16504724693395212
0.49734312890989774,0.16252233348593123
0.5069871990876561,0.16420931052875756
