0.27322386308230107,0.13166044265250662
0.4985111054181439,0.1783001089711094
0.3268516146448828,0.14966567991254592
0.24930789127901692,0.12930083263629993
0.2932888180022643,0.14085600716530136
0.2828706879216354,0.13748205307964864
0.26859327697295754,0.1302270516270418
0.2998504218764204,0.14370073825819957
0.4090259241200923,0.169071389267846
0.4448971271634424,0.17172868721747708
0.42754275923431434,0.1695125659353178
0.4464424923076076,0.17280926291443893
0.4718983199319048,0.1755877623798213
0.2913605548990279,0.13872808971526784
0.351932808294837,0.15915901111218658
0.33109930279515515,0.15316091426737152
0.31373942554287493,0.1486292848850685
0.30756347428936615,0.14438431795717407
0.23696149809515155,0.1246589484638397
0.2867299687896843,0.13833109371728045
0.24158932954291903,0.12576149636541148
0.3403604750138422,0.15361311641385905
0.28133083210062226,0.13695290884031575
0.27824285647386787,0.13566284904205522
0.34536844975910486,0.1573175198562971
0.3708297867065542,0.16029463545080552
0.44064668435159393,0.17011873102091765
0.46611353062219546,0.17532315088344408
0.4067120083962085,0.16888395612457882
0.4599375793686867,0.17345968742294474
0.4317794287382824,0.16977701992485195
0.4541527900589773,0.17319507592656752
0.5093148881194202,0.179921011893263
0.4059324391701858,0.16501377672979728
0.3237719030028566,0.14937917496498035
0.47228397255255206,0.17822285186457784
0.43563595494475527,0.16995342758910342
0.37584602543654505,0.16306210943717214
0.3947512678329904,0.16481539686093588
0.46148294451285193,0.1741102694382936
0.43717856542734446,0.16996445306811914
0.4425777021164065,0.17043854866579503
0.3924345974475306,0.1647271142753886
