0.25149775728490326,0.2388249401804809
0.3821398325021173,0.29654455932493745
0.2803864370628274,0.25209299241272987
0.3368777641855651,0.2786235708246529
0.33694049747498517,0.27996087554777
0.3620338132429974,0.2907919385945038
0.35823844923308557,0.28636557048203765
0.3117844484175528,0.267792507777919
0.44239515699005677,0.31357032730809403
0.4913584893823908,0.3325854742182017
0.3884131614441203,0.29853393825188856
0.3532197860794831,0.28327098104011367
0.4273391675292494,0.31202303258713204
0.36077914745459677,0.2888025596675527
0.5704651673410496,0.35293239979885177
0.5026818481227063,0.3341382949917386
0.41855650701044506,0.30738114842424613
0.29293309494683356,0.26203988704748543
0.2715724098993131,0.2516453821541659
0.5717511997741601,0.3536010521604103
0.6307832251184091,0.3688640093721853
0.37335717198331303,0.2914605909560624
0.3532511527241931,0.2850448439166451
0.34067312819547696,0.2830499389371191
0.4235438035193375,0.3100281276076061
0.5013958156895957,0.3341327689391637
0.4436498227784574,0.3177701272649908
0.27285844233242373,0.25165090820674074
0.42482983595244816,0.310033653660181
0.3105611492738622,0.2655876128005482
0.40851918070324017,0.3062759379092733
0.5390985226310342,0.345638010400031
0.16103635394121893,0.18177397339758294
0.18111100655562876,0.19216295223832763
0.48759449201718896,0.3290488005702886
0.18747843543176185,0.20787351970866652
0.3318904676766727,0.2746503390233255
0.6282738935416079,0.36665358834223954
0.19873906088265736,0.21361508833395046
0.663404535616825,0.37615839877100604
0.15225369342241463,0.17050082614485995
0.49264452181550145,0.3325910002707766
0.5592045418901541,0.3507275048214809
0.5127505410746214,0.3383436210012103
0.44493585521156803,0.3177756533175657
0.2942191273799442,0.2620454131000603
0.26028041780370753,0.24457203485833967
0.33314513346507324,0.277965970568244
0.29920642388883667,0.2649134343864148
0.6533358426649102,0.3721741148645289
0.6420752172140146,0.3719585988141092
0.5077005112763088,0.33568558971270057
0.39719582196292463,0.29963914876686143
0.5290611963238293,0.34342758937008533
0.4198425394435557,0.307386674476821
0.5227878673818261,0.3398909157221722
0.4763338665662935,0.32684390559291787
0.4185251403657351,0.30649145395969307
0.31683447821586525,0.2742082548173363
0.30802045105235093,0.26558208674797334
0.29167842915843295,0.2602715502235289
0.39845048775132524,0.30229165400279623
0.5114645086415107,0.3383380949486354
0.4650418744706879,0.32352827404799933
0.31303911420595343,0.26978188670487013
0.4072331482701295,0.30627041185669845
0.16354568551802015,0.19172086803233845
0.25024309149650265,0.23661451915053522
0.18490637056554063,0.19658932035079385
0.21755904770866658,0.21958322511480377
0.20755308804617173,0.21693624593144384
0.43486716225965305,0.3133492852050995
0.3770898027038048,0.2945496543454115
0.3858724632226091,0.2985284121993137
0.5215018349487155,0.33988538966959736
0.22386374329537967,0.22445167743325914
0.28415043442802923,0.25474549764866466
0.24393839590978955,0.2348406562740038
0.4562278473071736,0.32109128486248417
0.6810012232991437,0.38124789319245594
0.6747278943571406,0.3799216405744885
0.640789184780904,0.37195307276153433
0.49010382359399013,0.33081713739424523
0.5466265173614379,0.34740634722398755
0.5491672155829491,0.349180210100519
0.5755151971393621,0.3564745994993397
0.5064144788431981,0.3356800636601257
0.4712838367679809,0.3248490006133919
0.42862519996236004,0.3120285586397069
0.7236598601047646,0.3903106194152332
0.6973118785483516,0.386331861561331
0.7651265644114049,0.39695293461021997
0.46999780433487026,0.324843474560817
0.4235751701640475,0.31003365366018093
0.3783758351369155,0.2945551803979864
0.6533672093096201,0.3721796409171038
0.5729744989178508,0.3544796945198137
0.5579185094570435,0.35072197876890604
0.5378124901979235,0.34563248434745614
0.5742291647062514,0.3564690734467648
0.6219691979548948,0.36620597808367555
0.5905711866001694,0.35934814683826904
0.45494181487406293,0.3210857588099093
0.5252971989586275,0.3405540420311559
0.47379316834478225,0.3250700427163864
0.26533044760202007,0.24700902404385477
0.15604905743232647,0.17868491000823383
0.1597503215081083,0.18176844734500808
0.18239703898873938,0.1921684782909025
0.43358112982654246,0.3133437591525246
0.45368714908566227,0.31909637988295825
0.6608952040400239,0.3754952724620223
0.7136539004422697,0.3892109349528352
0.7400332486433926,0.39164792413835026
0.804083937141244,0.4064687971441361
0.3519964869357925,0.283055464989694
0.22389510994008974,0.2299832560606982
0.4888805244502996,0.3290543266228635
0.2402057651892977,0.23307784550262212
0.6784918917223425,0.38058476688347226
0.5818198927260751,0.3571432518608983
0.6144412032244911,0.36576389387768643
0.6546218750980208,0.3741690198440549
0.6131551707913805,0.36575836782511156
0.5667011699758477,0.35271135769585715
0.48006649728678524,0.3286067163642995
0.5277751638907185,0.34143268439055935
0.287883065148521,0.25584518211106266
0.2678397791788213,0.2514298661037461
0.3067657852639503,0.26514000254198417
0.5617138734669553,0.3513906311304646
0.29042376337003234,0.2565138344726212
0.47504783413318286,0.326838379540343
0.5114645086415106,0.3376749686396517
0.7462752109406856,0.39473698752769937
0.6056271760609768,0.36332690469217127
0.6922618487500392,0.38345278816982675
0.7136225337975597,0.3867739457673201
0.6910071829616387,0.38146340924287564
0.19748439509425675,0.21184675150999388
0.5278065305354287,0.3416592525461288
0.595621216398482,0.36222722022977333
0.771431259998118,0.39850575538375677
0.7839779178821241,0.3987267974867513
