0.5672628642580669,0.3304379763802484
0.4822540322969856,0.31223660644980517
0.5827067306300132,0.3342244065717282
0.27846256310267276,0.23077913374050077
0.2764838177237671,0.22129412611084393
0.2340228376173975,0.20993862196659607
0.25524850146234107,0.21069212157470057
0.27552822849200304,0.21864741140699956
0.4252758178009865,0.29367173922097983
0.38857733033464925,0.28230487578615754
0.5459985907471935,0.32664018689819424
0.4774085192227875,0.3080639603787944
0.5392612040424319,0.3243759016436893
0.5286242410787539,0.32285375670671446
0.4658835339427226,0.30127110461527973
0.4900049227324061,0.3141411808361195
0.39537263153830565,0.2876210237749951
0.3238578778197122,0.2561595753139897
0.3093502958465652,0.24403163941067998
0.2658854644260191,0.21675798274145117
0.30453374002181444,0.2364625654579119
0.5151012055868186,0.3175489680084513
0.4735765098792484,0.30391024645874115
0.336396366830436,0.25767036096039014
0.3779693246204187,0.2766290169291294
0.3682976033049874,0.2724563708581186
0.432032509338713,0.29670088337416367
0.5199370662445343,0.3194459695343827
0.5479387264601693,0.32777990238582966
0.31131938880898835,0.24896914438036957
0.3228829837549831,0.24934021453913463
0.3499387071553364,0.2724487979977357
0.2861844962886459,0.23645877902772042
0.37215856989797397,0.27359229991556255
0.4445903031824017,0.3004910999958349
0.4204496095597533,0.2895066660103521
0.5662976226098204,0.3296806903419525
