0.7035538408456448,0.37903194610993535
0.6357705216273016,0.3648797254657081
0.5767071296383426,0.34563248434745614
0.24898842570810203,0.24125640331342113
0.3231078071578684,0.2627140654616188
0.3168344782158653,0.26138781284365137
0.28292713528433866,0.251435392156321
0.26533044760202007,0.2452406872198982
0.2628211160252188,0.24303026618995252
0.20626705561306108,0.20919424627405905
0.1849377372102506,0.20013152005128182
0.5667011699758476,0.3421013367521179
0.40099118597283645,0.28947673808168617
0.47382453498949223,0.31402346361923295
0.4524638499419717,0.30362895872591333
0.6231924970985855,0.362442736280193
0.5867758225902576,0.3509430208719006
0.6219691979548948,0.36222722022977333
0.6545905084533107,0.36930056752559953
0.5617452401116653,0.3410071783422948
0.5880618550233683,0.35094854692447547
0.5039051472663969,0.33037505318825605
0.6922932153947493,0.37881643005951565
0.7086038706439572,0.3790374721625102
0.7613625670462031,0.3927531346533231
0.4587371788839748,0.3102602218157504
0.4499545183651705,0.3031868745199242
0.45873717888397475,0.3093760534037721
0.3908911263762116,0.2876973491525799
0.3469778237821901,0.2773083703118352
0.42232050437564694,0.29853946430446343
0.37332580533860293,0.28438171760766134
0.45491044822935295,0.3042810329297473
0.16486308459584076,0.1988052674333144
0.1547943916439259,0.18973701515796224
0.1283836767980929,0.17226363691624164
0.19626109595056618,0.20787351970866652
0.15099902763401402,0.1833212681185449
0.12587434522129168,0.15701173180961644
0.12712901100969232,0.1711584264012688
0.16106772058592894,0.19238952039389706
0.2062984222577711,0.21008394073861222
0.2904864966594524,0.25917739181370575
0.3256171387346696,0.2651455285945591
0.4386311596248549,0.3027392642613602
0.44619052099996864,0.3027447903139351
0.356983783444685,0.28061847580417887
0.3356544650418745,0.27221887589038524
0.33694049747498517,0.2722244019429601
0.3733571719833129,0.2852714120722145
0.38841316144412047,0.2863766225871873
0.45622784730717353,0.3049552113438807
0.53034722875694,0.33238101027293177
0.4826071955082965,0.317560137267146
0.5680185690536684,0.34321759937224056
0.37213387283962235,0.2835086013008328
0.7550892381042,0.38634291366648066
0.3657978106081993,0.28150817026873204
0.45748251309557414,0.3051762534468754
0.4022144851165272,0.29300788567702446
0.40350051754963767,0.297213211686496
0.3269031711677803,0.2691298125010361
0.48511652708509767,0.3237493161509939
0.29425049402465425,0.2611667707406568
0.7437972460085944,0.38457457684252416
0.7600765346130924,0.39186344018877
0.7274238574699664,0.38168997739844507
0.7475612433737964,0.38590082946049153
0.7864558828142154,0.39319521885931225
0.8116119318716478,0.39851128143633163
0.8567799002540698,0.4024900392902339
0.10702299175057244,0.14484889009234034
0.1485210627019228,0.1822215836561469
0.6583858724632227,0.37372693563806575
0.6533358426649102,0.3681953570106267
0.7110818355760484,0.3803581987279028
0.5943351839653713,0.3589060626322799
0.6445531821461059,0.36510076756870274
0.5779931620714532,0.34696426301799843
0.46501050782597786,0.3109233481247341
0.5390985226310342,0.3390067473101939
0.2151124494212854,0.21075259310017078
0.18873310122016249,0.20721039339968284
0.2201624792195979,0.22667315056835452
0.5818198927260751,0.3487436519471047
0.6659138671936263,0.376158398771006
0.6131865374360904,0.3606799255088114
0.6106772058592892,0.35891158868485484
0.5365578244095229,0.333917252888744
0.6596719048963333,0.3737324616906406
0.5667325366205577,0.34321207331966563
0.5905711866001694,0.3562535573963452
0.5893165208117688,0.3511695890274701
0.1422163671152097,0.175584794513735
0.08936357077883379,0.1149916280303491
0.09190426900034504,0.12671238554163605
0.10953232332737367,0.148606605843248
0.09946363037545873,0.13953835356789587
