0.6968506440740243,0.23411162007164166
0.6470983104980885,0.2280565445288437
0.5356943492485213,0.21598777333185962
0.3179386804785156,0.1509903132947593
0.2845726075988722,0.1377041022170364
0.2981606969990319,0.14903075778009964
0.37676387249948773,0.16933085997753505
0.3417019382282488,0.16240408441279483
0.42202217338769515,0.18584198000589117
0.27043336324644396,0.13038585112713916
0.3982447834596986,0.17760683769990976
0.3400060768366532,0.1602697533159719
0.3733792158054282,0.1691571733398089
0.31966280622663773,0.15639365559192026
0.4197610248655676,0.1843174577938748
0.38299616311360146,0.17678032887210945
0.36603048310851394,0.16880871111991946
0.45085888313395184,0.19529456219261138
0.4429448633065057,0.19015474444924185
0.41976102486556766,0.18440457334884716
0.43333498208746407,0.188281760017336
0.3383314137124526,0.15735301564105342
0.4044912062520757,0.1805273866803583
0.45256887670381074,0.19651526890666166
0.4451989457395016,0.19189651107647057
0.4231527476487588,0.18645178889069772
0.4672663420976392,0.19786556000873334
0.37902502102161517,0.17316394439631916
0.4927042629715731,0.20352807108193707
0.4027812126822168,0.1801342777385455
0.6725220991937592,0.23132228889587023
0.4746292069728168,0.20122059781960655
0.45198945739501556,0.19638350662976597
0.45990347722246167,0.19673196884965544
0.26703457437412115,0.1275976088958049
0.20934702270334438,0.10577298448635308
0.2642081387214618,0.12502770002412011
0.339447855795253,0.1594862577934392
0.25741056097681614,0.12158554665827453
0.669130376410568,0.22857814891424072
0.429377972173741,0.1880204133524189
0.3479342288423626,0.16841614665032523
0.37790857893881474,0.17150983779628137
0.3456801464093668,0.16427870226135646
0.41128878399672125,0.1839695400462039
0.49497954367196384,0.21110821330897003
0.4649981274863801,0.19708097554176346
0.5967736237024894,0.22322054228344027
0.5385207849011807,0.21908037553337859
