0.3928174954066019,0.16236758301260346
0.457623663644803,0.17596247115951266
0.41789317973340395,0.16881772449706295
0.40439533801074884,0.1662928898024636
0.4421975588189113,0.17526786598152244
0.36735891312072866,0.1564908451903829
0.3862614008555979,0.16233450657555631
0.35385005275176923,0.15247725581497548
0.30524129458075433,0.13980850790538663
0.27165921530710346,0.12118560756020247
0.2639461628941576,0.12098714893791956
0.2535335421366808,0.11874897669772885
0.36426818283239815,0.15571890415243958
0.33958090578781946,0.1514298353084823
0.3592546987639834,0.15290740700343156
0.30601535448362494,0.1420688098570303
0.28942678247263937,0.13354595707103742
0.32376088435655237,0.14212409475895194
0.27167298861498373,0.12592695730406878
0.2944375118794781,0.13489098675753344
0.2774632872478452,0.1326306060524682
0.4904151550461269,0.18073681858700455
0.4337104465030949,0.17274295253350155
0.4321678360205058,0.17168450654799267
0.47266687051162326,0.17912686239044517
0.48231094068938163,0.18054922793689426
0.4649565727602536,0.17785901105705915
0.41982144283664036,0.1692918200947388
0.294434757217902,0.13430655761627885
0.29636577498271455,0.13689762393839405
0.2724498031794304,0.1308665294099534
0.36774181107979986,0.15815561376833473
0.35500976527528716,0.15256553840052275
0.3912721302624366,0.1623454533011505
0.3631112249704563,0.15565275127834527
0.37854283911950004,0.16070257817438705
0.3951314111304856,0.1638670481587411
0.3237636390181285,0.1471848683805879
0.32723726726553015,0.15006259715711176
0.36156861448786715,0.15547634361409376
0.39860503937788727,0.1649696748137344
0.3677390564182238,0.15674427370090135
0.4225265205043235,0.16992042990547782
0.40555229587269065,0.1680459409659627
0.3943628605507671,0.1627756044896066
0.4267686993314437,0.17106707972311247
0.39744808151594546,0.1644073753839328
0.4267659446698676,0.17059290537201505
0.41210839042369457,0.1686633677908429
0.4965883516380596,0.18180636880495074
0.5262946220742051,0.19011989499648801
0.5016045903680504,0.18340514201565133
0.46688483586349006,0.177903112973122
0.49118921494899753,0.1812220184171177
0.5000592252238851,0.18287584026947534
0.5093203974425723,0.18667978803674104
0.5104828646276662,0.18815735973169026
0.49735965687935424,0.1826773816471924
0.5540616107608101,0.19068219442628961
