0.062462819750148724,0.19958765248267568
0.049970255800118976,0.15715022049138078
0.025580011897679958,0.12387606666284863
0.05056513979773944,0.1858427352385316
0.3640690065437239,0.4451062367561995
0.2926829268292683,0.4118893534161846
0.1963117192147531,0.37855792909913516
0.6049970255800119,0.5358799610560677
0.3765615704937537,0.45547219517782483
0.30458060678167753,0.4279250902010194
0.2444973230220107,0.3946509363724872
0.2688875669244497,0.3958536166313498
0.2801903628792386,0.39808716568352326
0.16002379535990482,0.33841131664853097
0.0874479476502082,0.2718630089914667
0.12433075550267698,0.32695721894507757
0.5211183819155265,0.5186415440123704
0.03807257584770969,0.15485940095069012
0.06305770374776919,0.23858885516293454
0.09934562760261749,0.2821716969245748
0.06305770374776917,0.22713475745948114
0.09994051160023795,0.3062825725903442
0.06365258774538965,0.26613596013973995
0.17251635930993456,0.3636676020846457
0.38964901844140387,0.4819311608728022
0.29387269482450923,0.4257488116373632
0.2093991671624033,0.3843995189278964
