0.9332765873048666,0.25213057537801065
0.9197759909206354,0.25210844566655766
0.9105175733635243,0.25144683817219304
0.769332903606127,0.23511707995543513
0.011608143881483441,0.026594557933812633
0.1767721426584137,0.10354436861452491
1.3773307880260371e-05,0.008589241920351784
0.8985568328003063,0.25069694809228116
0.7469595422854323,0.2317321003907667
0.07645012272017324,0.06288090568954881
0.8183245597362133,0.2421517293345707
0.91398844694935,0.2518327299377432
8.263984728156224e-06,0.0057445108274535375
0.00040218059010360284,0.010783390997901144
1.1018646304208297e-05,0.007288156643075555
0.1358791915619207,0.09019211975938311
0.8129254230471513,0.24144609867756475
0.7550610019806014,0.23434521767091332
0.09921740064624364,0.07317909685733684
5.509323152104149e-06,0.004068559263642909
0.005432192627974692,0.021456527205645108
0.0011762404929742361,0.013561890463283542
0.9004850959035426,0.2507631009663755
0.9074323523983461,0.2513476088610516
0.1995394205844841,0.11362205020199859
2.7546615760520743e-06,0.0021720981195179254
0.8028957002487456,0.24016706435832
0.26010340999556497,0.1268861739784362
0.08918492318626199,0.06905541019861534
0.9047300293922388,0.2511711224433786
0.5660388792934844,0.20241393412638567
0.903573071530297,0.25113804600633144
0.007365965054363246,0.02518329661980077
0.13934731048617024,0.09042357606529164
0.9016448084270606,0.2510718931322371
0.0007905878723269453,0.012757030495136152
0.3199043581500794,0.14393227331752967
0.04326471471347388,0.04893312346071514
0.5101027213301712,0.18809136436443913
0.8777288366237765,0.24892176721732906
0.7458080937466425,0.23164405406548405
0.9093606155015825,0.2514137617351459
0.4198352161445205,0.1725888320875462
0.8877585594221821,0.249726705938898
0.8298996476787841,0.24318828186889127
0.28403590976830545,0.14180427711407464
0.856126780544376,0.24667241199127957
0.4422058228036396,0.17663526163973614
0.0509832764495718,0.05294655532927948
0.00620074320769322,0.02163285611647505
0.898173934841235,0.250686001366687
0.6435743386746221,0.21603095198474775
0.7361557595841561,0.23120271989116917
0.8603717140330722,0.247146586342377
0.25316441748548985,0.1246039785756042
0.8792714471063655,0.24915330227665913
0.1536219667732721,0.09325728167917414
0.2809424248183989,0.13267494422879572
0.4730607871169987,0.18247884427148803
0.2701386421171227,0.1321345382501825
0.878500141865071,0.2489548436543762
0.023194250470358464,0.03712436291435227
0.5000674892086134,0.18685627445441408
0.8646138928601924,0.24763170741906856
0.8433974894014394,0.24518389357073614
0.8360700896091409,0.24429082977046304
0.3997647519014052,0.16433027578424436
0.0714283746670303,0.0609512106015336
0.5054748898824035,0.1879921350532977
0.02550541153266615,0.037885042213015245
0.2986907093529025,0.14389911812706097
0.0007878332107508932,0.011455945217859925
0.10886147082400194,0.08074265421554072
0.03360962588941136,0.042030779829768175
0.5787654157748451,0.20266752014374712
0.3835618325110669,0.16150759564937764
0.06873156098407532,0.0601684803448392
0.5803217995653144,0.20307585663443642
0.2516245616644767,0.12409688529430273
0.16134052850936995,0.09955298770399205
0.6497502899281308,0.21693519877087974
0.7712639213709397,0.23558022882751684
0.9001021979444713,0.2507521542407813
0.07490751223758409,0.06271552350431304
0.7924803248296928,0.24010083273080415
0.31991262213480764,0.14538787280786905
0.5849413670283539,0.205644556984834
0.8742579630379507,0.24839254422457463
0.6161930026086645,0.21252484965774954
0.5120309844334074,0.19143208450620158
0.8970169769792932,0.25065292492963986
0.4830960192385565,0.18331701693694719
0.5938168866263935,0.2068354662253746
0.5394233391456693,0.19698924094380948
0.7049123879885736,0.2254582878171372
0.029364692400715108,0.04015636964367463
0.8549698226824342,0.246341647620808
0.0035011748631621864,0.019339556481205774
0.5625680057076589,0.20034114407143072
0.24814542409392293,0.12308230496459209
0.38703546075846845,0.1617943368572078
0.266665013869721,0.12788965007570965
0.6358640409232523,0.21490643187856612
0.16828503034259726,0.099927932743948
0.8484137281314302,0.24565806792183356
0.00039942592852755076,0.009261796140310563
0.48811225796854735,0.18570962463677948
0.7859214756171128,0.23778540338408188
0.33495582900162807,0.15209144280284695
0.36350789623740776,0.16116580579989034
0.7195699422347466,0.22770756428976513
0.8572837384063179,0.2470693292358454
0.8704014368314779,0.2478853721898516
0.7404006930728523,0.23120279864459073
0.8881442120428292,0.24973773141791372
0.0015674024367736308,0.01572304185720729
0.2682103790138862,0.13104301582762645
0.7230435704821482,0.22781789783334389
0.3449883064616096,0.15573000838487688
0.45069844444260804,0.17967853010833884
0.5992215326386078,0.21054018468149882
0.4584087421939777,0.18244584658786245
0.008522922916305116,0.02553611194830373
0.05985604138603552,0.057599386227333876
0.40323838014880675,0.1675497944102555
0.8403095137746849,0.24494125427896882
0.5822390440222466,0.20313066901582885
0.38742662270226796,0.16385625893999006
0.70568920255302,0.2274099551097623
0.0038868274838094762,0.019670320851677303
0.25856630883612797,0.12586096193681756
0.6574660970026528,0.2182142330901245
0.6489762300252603,0.21620743840242074
0.39938460860391006,0.16399966892061596
0.6968109282934045,0.22509436825619697
0.4460678583332645,0.17841052126810977
0.7701097181705738,0.23554723114389117
0.4472275708567825,0.17885161918216
0.8912266783464315,0.2501014934720109
0.7635481142964178,0.23481939202201074
0.4020841769484411,0.16661270744734102
0.6732833637723435,0.2213566521164471
0.0011789951545502879,0.014466058495993934
0.021646130664617198,0.03524987397483718
0.8893011699047711,0.2498590116870866
0.6848556970533383,0.22492898607096118
0.7855358229964655,0.23752079188770467
0.03631194889551844,0.04260418349200704
0.8511132964759612,0.24623139283065085
0.2273174279173932,0.11820896448622331
0.6563063844791347,0.21794954284032575
0.32955669231256596,0.1481994487102986
0.22152712928453175,0.11803239931512874
0.48387283380300317,0.1844417733033935
0.8055925139317007,0.24068518311863715
0.6578517496233002,0.21991215685854504
0.41211665440842277,0.16869668048815475
0.564113370851824,0.2017304331808327
0.8611430192743669,0.24727889209056558
0.8827423206921912,0.24953919404220926
0.8568980857856707,0.24689292157159393
0.2697557441580515,0.13137385895151948
0.05638516780020991,0.05477686359931015
0.8507276438553141,0.24614318899852514
0.8923863908699494,0.2504102856378725
0.20726073698215802,0.11446022286745777
0.10037711316976154,0.0787360170346801
0.08918216852468594,0.06769919752626054
0.8707843347905491,0.24795144631052438
0.8765718787618345,0.24878946146914047
0.0015646477751975786,0.014973230530716947
0.8140823809090931,0.24186506688016204
0.831056605540726,0.24392698896294435
0.18256519595285123,0.10642225489789188
0.5224546238371885,0.19240264167327092
0.4425942300858629,0.1768889264105192
0.33341597318061494,0.14849721539714453
0.7654763773996545,0.23499579968626225
0.13047454554970653,0.087380465103532
0.017018299216849712,0.0334527208952752
0.026670633379336183,0.04009037427642341
0.04982080926447781,0.04934106618429672
0.8912294330080076,0.25037720920082535
0.787466840761278,0.2389652083921852
0.03901151724004946,0.04542670612003077
0.09072753366885114,0.07149204106108896
0.7481192548089501,0.23270242129757143
0.8943146539731859,0.2504764385119668
0.5517669776679586,0.2001646576537577
0.6844672897711149,0.22296637205274195
0.003112767580938844,0.018821280214045503
0.23040540354414754,0.12298307565345062
0.15786690026196834,0.09585937348030507
0.013930323590095339,0.031137291548552944
0.001953055057420921,0.016605080178464706
0.8723269452731383,0.24839246547115307
0.01199379650213073,0.026649685328891226
0.4352668302935643,0.17584150590402603
0.8379983527123773,0.2444672374347145
0.0868682528008022,0.06755586629905619
0.22847438577933507,0.12212300953680309
0.001955809718996973,0.017002076176452083
0.6339302684968637,0.213384758267554
0.20918624542381842,0.11745907440631143
0.04287630743125054,0.04613257303730132
0.06448662749537909,0.05786407647713266
0.7253629955291842,0.22890957776274298
0.4352585663088362,0.17273208456132896
0.11773974508361781,0.0838300246002063
0.13355976651488485,0.08792071357530219
0.7562179598425434,0.23464290560433773
0.542894212731495,0.19934869345317302
0.7473451949060798,0.2319967118871439
0.6809964161852894,0.22140075403250994
0.8198671702188025,0.24306684409287527
0.24853107671457023,0.12366665535242512
0.5888006478964027,0.20617385873101002
0.6829219246269499,0.22240399386951873
0.7747347949567654,0.23679303151924574
0.005043785345751347,0.02055235917293472
0.7234264684412195,0.22832499111464535
0.4013183810302985,0.1648818647487164
0.08957057580690926,0.06966181154447981
0.6339302684968637,0.21305399389708243
0.012384958445930126,0.030067741330606787
0.08262331931210594,0.06599016952540272
0.48194181603819064,0.1826224905123785
0.07914693640312823,0.06303518364234734
0.4186727489594266,0.17018512015527665
0.8715556400318436,0.24838143999213735
0.8653851981014872,0.24773093673021002
0.8379955980508011,0.2443789548491672
0.8252690615694407,0.24311102476235968
0.5266968026643087,0.1963166867238507
0.03863137394255429,0.04434636668333351
0.8673134612047235,0.24787426795741435
0.49583081970464526,0.1867131007340529
0.8746408609970221,0.24856887313540457
0.8395382085333905,0.24489715236290593
0.8622999771363087,0.24751042714989566
0.8109971599439149,0.24074046802055885
0.5386547885659507,0.19673573367986955
0.7338445985218484,0.23043101511349048
0.8835136259334857,0.2495832959582721
0.7839904578523003,0.23748763669723597
0.19799130077874283,0.10787761812796659
0.15786414560039227,0.09503238380070471
0.7288311144534336,0.2298135882886103
0.5027698122147204,0.18740762715862155
0.12777497720517547,0.08499896163613699
0.6347070830613106,0.21392516424616725
0.5826274513044701,0.20524763974026813
0.15168819434688352,0.09112920672229756
0.5228347671346837,0.19498244625610578
