0.501588062398594,0.16674517070237266
0.534379553799918,0.17046107214435566
0.582200478760182,0.17169592579411605
0.2855289363425257,0.09940989273705234
0.29055894838039675,0.11001687607070201
0.36811919971571894,0.14428532490629725
0.47766933593373384,0.16557623366644195
0.514700251500602,0.16984333030578933
0.44603755705592796,0.1589386590387153
0.39704039160268967,0.14867338680113132
0.4630090270259848,0.1624999675142136
0.5096867674321872,0.1690605212956734
0.3793003710529143,0.14520036091118027
0.44604031171750397,0.1601515404838658
0.43562493629845106,0.15748329580864054
0.3546130940083357,0.14394329879654535
0.41248302439803763,0.15694296858344883
0.4055302585800822,0.1502722387652535
0.40013663121417226,0.15007393764981367
0.4093922941097072,0.1547707917105094
0.4676423677969044,0.16399959016719434
0.3831596519209633,0.1478686055864055
0.4240526030174563,0.15709732528966888
0.38354530454161057,0.14846398145325423
0.35075381314028664,0.13957713035289965
0.3229730511458015,0.1317706974426638
0.3997399599472207,0.14978696018171878
0.31680260921544484,0.12793383074519404
0.2982830194396467,0.12438339024186833
0.33377683384707774,0.13447209730835769
