0.5316854947785391,0.17999826899979457
0.5062296671542418,0.1784987251002354
0.5220414246007807,0.17956819656476003
0.5363160808878825,0.1824460040947054
0.5162538806294953,0.17934760823102414
0.5251321548891111,0.17961245598766598
0.43718132008892047,0.16974402224122634
0.425991884766997,0.16731825935092534
0.4267686993314436,0.16810122586788437
0.39513967511521375,0.16199295298633373
0.4024643202459362,0.16438540317932293
0.34189757617327926,0.14753791996935547
0.46225700441572254,0.1723242205911689
0.4888752992251138,0.17691105612197208
0.5031472008506396,0.1775726636163367
0.43679842212984926,0.16859745117701322
0.46341671693924047,0.17299685356454922
0.47961963632957877,0.17527928522764585
0.46495932742182966,0.17404427407104237
0.4487564080314913,0.17170671501286716
0.4715154219728335,0.174760930207064
0.3908919869649415,0.16181638781523913
0.35347266411585004,0.1549141229377137
0.3700612361268356,0.15709732528966888
0.3635023869142556,0.15608290246680134
0.346911060241694,0.15105504777536943
0.36003151332843003,0.15509060935538677
0.33996655840846673,0.14742758642577677
0.34459438985623425,0.14814424256179842
0.3770057379600629,0.15901583739182532
0.3716038466094248,0.1585526885197436
0.3480680181036359,0.15191503513859542
0.3688987689417417,0.15642461356286702
0.28517083033763885,0.12283982317966784
0.29597461303891515,0.1281211851350397
0.2874875007230987,0.12662164123548053
0.297131570900857,0.12947731905397297
0.29983389390696413,0.13223376756132396
0.2898041711085585,0.12737145256197088
0.32221551921238706,0.14083403496069144
0.33495031967847594,0.14706366686483655
0.303695929436589,0.13571797643713382
0.30137925905112933,0.13286229861864138
0.3160450772820305,0.14015045526171693
0.3260748000804361,0.14177127943044898
0.31411681417879406,0.13980866541222972
0.3793196536839467,0.16048222610091578
0.39551981841270895,0.16331585296137677
0.38587574823495063,0.1606365828071358
0.42406637632533656,0.16684424250667104
0.3268488599833068,0.14467105916500428
0.40979447469981084,0.1662928898024636
0.3445998991793863,0.150702311200288
0.4040069307285254,0.16499180452518739
0.36928717622396495,0.1564357177953043
0.38857531657948163,0.16143041729626748
