0.5401395739423365,0.2895066660103521
0.36341348056485945,0.22851106205580438
0.28610727695678617,0.19515639849905908
0.320894585959595,0.21031726498574407
0.5855831507417882,0.29370203066251166
0.3943301705581993,0.24934778739951755
0.3865985849557437,0.24177114058636653
0.3720716981496318,0.23001427484182183
0.3296203704597446,0.22434220241498512
0.2127103020241117,0.1534905206720156
0.4571094873601606,0.27813980257552984
0.3440796903504793,0.22622784465034207
0.295769345855735,0.2008398302164702
0.37788245287207656,0.23835199412346034
0.3943494753911642,0.2497340032790485
0.5286049362457892,0.2857391679698297
0.40593237517012387,0.26147193687263587
0.2841478364108455,0.17242645805960594
0.25998783795523217,0.16067716517544423
0.26965955927066343,0.16295659615071506
0.30252603739346146,0.2103059056951696
0.4831999691122673,0.2838308071533239
