0.011878095830300802,0.004922573328157217
0.052048812543721415,0.017469935605270707
0.16064753640802423,0.06660800885965193
0.04864295758226694,0.014419802236800767
7.066089131648307e-06,0.002352664456472441
0.939493078765695,0.3030303690269356
0.8529688173486616,0.2948823422759266
0.19686830929685342,0.08386015557749173
0.4191674733785093,0.16684861113304125
0.4457501006917702,0.17447231113756034
0.07467442994325929,0.024309595615038537
0.7732350675871421,0.27928648004699885
0.8671080617010899,0.2967994289575372
0.7732350675871421,0.2787637867171647
0.5458624515089633,0.21045539111889588
0.20252118060217209,0.08429573335235355
0.11256986595628916,0.04068895336649895
0.12786088283717612,0.05828847335979105
0.9559005377293824,0.3049480001807648
0.9134898707612293,0.2998506512704443
0.30151708933656485,0.12446144891679974
0.020936822097073936,0.01341742888239999
0.0548681821072491,0.01912458667752707
0.8382642858657015,0.2923118889320232
0.8150804474247635,0.2883911444860482
0.836003137343574,0.2918327533796752
0.8529688173486616,0.2940111867262029
0.8196027444690184,0.2891751844807995
0.638046650320447,0.24094910219253518
0.014153376530691559,0.009366555576185003
0.8620204775263031,0.29536202230049313
0.8552370319599207,0.29488288674814517
0.6866966739918454,0.25545656445652687
0.6295744094516007,0.23785704446323477
0.8128192989026359,0.28791200893370017
0.40502116293694945,0.1577439466939919
0.1516029423195144,0.06090194000896201
0.020371534966542065,0.010542615568311936
0.8111234375110404,0.287868451156214
0.5300344118540712,0.209540677791686
0.7879325329809705,0.282901775578352
0.7794532260229926,0.2820741778061145
0.8314808402993191,0.2907873667200068
0.7890631072420343,0.28298889113332437
0.7981147674196759,0.2841654955976699
0.8416560086488927,0.29270390892939885
0.8874654644893686,0.2985858423066893
0.16405339136947872,0.07366545775685067
0.3614799217077325,0.14720187559789852
0.8207333187300822,0.28926230003577186
0.7036694200860646,0.2599876622595271
0.8405254343878289,0.2926167933744265
0.4700574473046404,0.18179001775523904
0.7228962486132796,0.266521873354673
0.5175839628041069,0.20117649556990178
0.8235597543827413,0.2895672044781751
0.8354378502130422,0.2915278489372719
0.415775750595318,0.1648013955911906
0.7409995689685626,0.27310018669952374
0.239872527752065,0.10490182893662944
0.43443022590286967,0.17150929332406278
0.4282261996452824,0.1702907644988868
0.11201164491488896,0.038380935631949845
0.5713215706502922,0.22500532221593658
0.740427215748899,0.2707910800205375
0.6793479412949313,0.2534964644696487
0.801506490202867,0.2856029022547139
0.8190374573384864,0.28878316448342384
0.6397637099794374,0.24530651335780915
0.7370354929657079,0.27066040668807895
0.8320461274298511,0.2914407333822996
0.8105581503805085,0.2873457578263798
0.1567046586725645,0.06547659558944834
0.7935924703754209,0.2840348222652114
0.7709739190650147,0.2787202289396785
0.9197080291970798,0.3017236357023501
0.7636181202789687,0.27680314225806785
0.7771920775008652,0.28150792669879415
0.07805908663731884,0.028795502223896777
0.8105581503805085,0.28721508449392125
0.19685417711859018,0.07736895778761337
0.11259106422368412,0.04674511785373407
0.8461853717822794,0.2933578200639102
0.7930201171557574,0.28307600668829674
0.7019664926053373,0.259638655567419
0.5498335936009497,0.21851466889827678
0.8145151602942315,0.2879555667111864
0.7342161234021803,0.27035604671789426
0.5634004847337144,0.2219992910971714
0.6476847958960152,0.24718004226193357
0.8280820514269963,0.28987210892057835
0.6883996014725727,0.2589417311276401
0.8744567943980041,0.29732212228737137
0.7506094501876044,0.2747989400214848
0.7455218660128174,0.27375355336181645
0.7070682089583875,0.2654329289175184
0.7664445559316281,0.27758718225281914
0.7658722027119645,0.2775430800031144
0.28680549176447306,0.1184058289017832
0.4112393213727999,0.16144635778031743
0.770401565845351,0.27780497114025005
0.6697380600758895,0.2530608866947868
0.7788879388924608,0.2815514844762803
0.7070611428692558,0.2601183355919856
0.8003759159418034,0.28481886225996267
0.8145151602942317,0.2880862400436449
0.6799202945145948,0.25532643559628687
0.8495770945654705,0.2934449356188825
0.31737339334798365,0.13936038670594852
0.4729121473138263,0.1901988466989466
0.9253609005023985,0.30294325347196327
0.8246903286438051,0.28965432003314745
0.8727609330064084,0.29688654451250956
0.3394337236169897,0.1448497556136447
0.7285491199185983,0.2683948577865788
0.31566339977812485,0.12755514006275587
0.5668063396951689,0.2229150933688184
0.3908889846736528,0.15756971558404717
0.0809067205573731,0.03393695338392207
0.6069487920520629,0.23223700222308005
0.4564905561718757,0.17612750668203528
0.7234615357438116,0.26713168223947953
0.7749309289787377,0.2794607111569436
0.832046127429851,0.291310060049841
0.8043329258555263,0.28582069114214487
0.7568276086234548,0.2766719244533907
0.8620134114371714,0.29505657338587127
0.22288564947958253,0.09496847778090545
0.7155475159163655,0.2657378333599217
0.7506094501876042,0.2739277844717612
0.43896665512538785,0.17172817115593084
0.6165657393602361,0.23363139557485646
0.9146204450222931,0.30141873125994684
0.5803732308279337,0.2281420266671603
0.30773524777241545,0.12681356890105358
0.18270786667703023,0.07518997996886707
0.6380607824987103,0.2439992355610051
0.8071593615081857,0.28629982669449283
0.8173415959468908,0.2887396067059377
0.6171310264907681,0.23698534444129254
0.3620452088382643,0.1510349600166826
0.10180114611965715,0.034762917739503796
0.5498194614226863,0.21280751110314974
0.7285491199185984,0.26717524001696574
0.0548681821072491,0.020823339999488197
0.15386409084164188,0.06347184888064679
0.2070576098246903,0.08873971560038135
0.23985839557380173,0.0989768822540714
0.25909229019014846,0.10786375780568984
0.20988404547734962,0.09091760447469047
0.4598822789550669,0.1781311644463997
0.269267458539722,0.11287290221660085
0.7817143745451202,0.2825533133584625
0.6589976045957842,0.252625308919925
0.2924583630697917,0.11892852223161737
0.4977989132354917,0.20117649556990178
0.7862366715893749,0.2828582178008658
0.37674267423209284,0.1570023755322896
0.7296867602687936,0.269005211143604
0.41351460207319074,0.16454004892627355
0.5973389108330213,0.2306689222335775
