0.272427765886822,0.11279513927581977
0.39049807035956596,0.15328243079680906
0.3758294974670887,0.14353551357980687
0.5012051644395228,0.16667909658169988
0.4294627583528226,0.1593688889805929
0.3152599987328557,0.13205735989707243
0.5123973544230224,0.17193848633246184
0.3526903402282513,0.14319372373031966
0.21841987102674504,0.09623439727368255
0.2778296572374601,0.11354495060231012
0.286710686158652,0.12306025400656063
0.3800826949405131,0.14957779109410635
0.5139372102440356,0.17411042694513668
0.2496659972839037,0.10963059053804415
0.37738037193440604,0.14871772497745883
0.4838452871872426,0.16648048045257388
0.30446172535473154,0.12924586274806443
0.5012106737626749,0.170427916953887
0.6057390619275469,0.1825894928287528
0.44836524608769196,0.16326104057998433
0.3283804518195917,0.1360598450400426
0.2820856093724606,0.12011652986278555
0.27938328636635346,0.11863903692125784
0.3071640483608386,0.12943337464475319
0.2978973668189994,0.12315956207112366
0.33686480947383207,0.13900364793723924
0.23231162935477565,0.10400759624002816
0.3866387894915171,0.151661606628077
0.5544445087198813,0.18137661138360234
0.4549213406386958,0.1655543402152536
0.4387129119252054,0.16066973799760448
0.5351536137027887,0.17720874405539647
0.43563044562160325,0.15955624337043858
0.34767410149826045,0.13967651717088414
0.41363998225997944,0.1577919304676591
