0.3054410671711663,0.22167276912999193
0.2871014758544802,0.2095561925172566
0.2513199679539772,0.1781023169166341
0.32185982760784165,0.2307639880197348
0.4677850599897685,0.3027743174012972
0.5662976226098203,0.32324375901643687
0.5237883804210384,0.3077042495106039
0.4899663130664762,0.30693181775154205
0.5701682416192894,0.3266553326189602
0.43491858186697036,0.2910174516567525
0.4310286580245365,0.28229730292577465
0.5517803882201909,0.3111120366829357
0.4049960907713246,0.2789008750440172
0.538286309977703,0.30998368048587477
0.43006341637628986,0.28002544481088676
0.3295914132102972,0.23644741973714598
0.2899778959662552,0.21030590569516963
0.37791141012152396,0.2671402228692811
0.3354311251821894,0.26107814813272195
0.26195693091765526,0.19893525583015584
0.3160780301348443,0.22243762802867081
0.2986940280499223,0.22091926952188742
0.42818119516220887,0.2789084479044002
0.2909720948639492,0.21599691027296372
0.2726228511307806,0.20198333213429706
0.26101099410237355,0.1940204694416151
0.3189834074960667,0.22925698880352588
0.2948330614569357,0.21902605442614753
0.4011254717618556,0.27208151426916216
0.28033513190027126,0.20311547476154954
0.2803351319002713,0.2084164770296212
