0.5373114159129737,0.3103585370748312
0.4696962384532968,0.29405795510051075
0.2919469889286783,0.219029840856339
0.24264244553623995,0.17621288825108575
0.21077981872761845,0.1754518157825983
0.4117045202266388,0.27093043949095236
0.3364253240798834,0.24329328552334142
0.43684906516346367,0.2913960946759005
0.24944739915637879,0.20311547476154954
0.4136639607725794,0.2735922999155626
0.5633729404156331,0.3126303951897191
0.24552851806449744,0.19059753654851738
0.2726325035472631,0.21410369517722386
0.34124187990463417,0.2542701466484413
0.40883775253134624,0.26564079651345507
0.32864547639501546,0.23531906354008503
0.4175056225326011,0.27926437234239926
0.48224437988050317,0.29784438529199053
0.2020636866439513,0.14893544515166543
0.3015994054111447,0.2341755616222581
0.5102556925126206,0.3069393906119249
0.3576316830918621,0.25615578888379825
0.4918967963629695,0.30049488642602634
0.5363075645987974,0.30996474833491733
0.3827376183627571,0.2656256507926891
0.3624675437495778,0.25729550437143367
