0.5980563107919378,0.20184084547783288
0.5749061349067961,0.19687906490707377
0.5035466267791671,0.19052799522691266
0.5440484159318607,0.19485021926133864
0.5509901631035119,0.19522508554787302
0.4260111673980294,0.17950196493724419
0.45108409706325536,0.18354847324285567
0.4927428440778909,0.18890709230475905
0.4653559986887811,0.18589697902662508
0.4607254125794376,0.18432025677395592
0.43873770387939,0.1801414427201558
0.47268339848107965,0.18595210642170365
0.4437539426093807,0.18237969371376808
0.42562551477738203,0.1794358120631499
0.4020924409331692,0.17455128859892233
0.45339801278713904,0.18387923761332722
0.4398946617413318,0.18145347472302623
0.42523986215673476,0.17899479290252118
0.4148244867376819,0.17789216624752785
0.40903694276639646,0.17658005549123593
0.4217662339093331,0.1779031917265436
0.41327912159351665,0.17724158423217898
0.49543965776084586,0.18891803903035329
0.495445167083998,0.18913870611751069
0.46420179548841534,0.18533475835024502
0.478470942452365,0.18720908978291706
0.48271587594106125,0.18853222601822467
0.47384035634302146,0.18667978803674104
0.4865724021475342,0.18879683751460188
0.4634277355855446,0.18440853935950322
0.5108712719098895,0.19147610766884285
0.46419904082683927,0.18444161579655036
0.49582806504306914,0.18975605418896932
0.5170472231633982,0.19390187055914382
0.3997757705477094,0.17414326712191927
0.3824186479570053,0.17075836631067237
0.404409111318629,0.17469469857954817
0.2979304227579121,0.14965473318695177
0.3037179667291975,0.15130863379273096
0.32223755650499564,0.15706417009920023
0.3322672793034012,0.1585306375617122
0.3465446902520791,0.16414284264097712
0.35502904790631956,0.1641979700360557
0.35850267615372117,0.16517931642187614
0.3280223458147049,0.15794620842045765
0.36505877070472514,0.16721903003978392
0.36775833904925614,0.16746159057812968
0.38936314979023257,0.1730407192203475
0.3878205393076434,0.17219175733613723
0.3936080832789288,0.17315105276392617
0.3731602303998942,0.16928087336914466
0.3673726864286088,0.16726313195584677
0.4059517218012182,0.1756980171699785
0.38666358144570157,0.17169561078042994
0.38588952154283085,0.17129861478244254
0.37855936708895627,0.16947933199142756
0.3797190796124742,0.17025119427594937
0.4472275708567824,0.18271053683766114
0.39939287258863815,0.1740441165641993
0.36120224449825217,0.16674493444210806
0.2882835979185777,0.14418593808831268
0.2909831662631088,0.1444946515007528
0.39592199900281255,0.17327233303309905
0.3855038689221836,0.1708355446637824
0.3986188126857675,0.1734927638599919
0.4086512901457492,0.17608390893552864
0.40672302704251273,0.17584134839718285
0.3257084300908211,0.1572405777634517
0.30989391798270627,0.1545833585672422
0.31181942642436666,0.15470456008299355
0.3264797353321158,0.15773672431915897
0.3187639282575939,0.15543232045145247
0.30718884031502314,0.15265374223264852
0.3341955424066376,0.1599749753127712
0.29870448266078276,0.15122042996060522
0.3179953776778754,0.15541034824684258
0.3322645246418251,0.1581777434797877
0.33227003396497723,0.15973249352784696
0.31567870729241565,0.15495822485377664
0.33766917065403934,0.16084606690843445
0.33612656017145015,0.15997505406619275
0.35772861625085056,0.16498077904617167
0.29175998082755544,0.14866244007553717
0.3426854093840302,0.16249996751421367
0.2601226926265974,0.13613710214657418
0.2531781907933701,0.13484704234831368
0.2632079135917757,0.13650094295409287
0.28828635258015384,0.14427422067385998
0.2485503593456026,0.1337996218418205
0.28365576647081026,0.14376696988571544
0.27324039105175735,0.1413523112278517
0.24854760468402654,0.13167162563836543
0.2817275033675738,0.14328184880902384
0.2616653031091865,0.13637966268491997
0.2693838648452844,0.13956618362730544
0.25896298010307944,0.1353542143830367
0.2720834331898155,0.1402277123682485
