0.6544682414623978,0.24678802226455798
0.6584181852869891,0.24935738666402416
0.6878272482529093,0.24975049560583695
0.630153828760396,0.24068938894427383
0.6397495778011744,0.24090608888726758
0.2817673702136078,0.14619950224349776
0.5215621709852247,0.21816566220616876
0.5475795111679537,0.222958106674086
0.5475795111679538,0.2237421466688373
0.5328749796849936,0.22260909998197798
0.43050148034567315,0.1933774755110008
0.24952480550589665,0.13099620448416427
0.3903519618996474,0.1834016555222278
0.2919425385631814,0.15033749110468514
0.4186304506045039,0.19080756663931597
0.5317514715130616,0.21964771558513607
0.5583199666480592,0.22923042663209628
0.4893408045449085,0.21176266891569992
0.5696327753478283,0.23092972442627602
0.5481518643876174,0.22740154444989522
0.5317373393347983,0.21929816442080952
0.44803951357042415,0.20087050218306135
0.565117544392705,0.2301462289037433
0.6420248585015651,0.24443535780808553
0.5323096925544618,0.22121525110242013
0.614318723016372,0.23938211114746977
0.5176051610715018,0.21655402443917995
0.4186375166936356,0.19128724666388258
0.34907186919255806,0.17129150443663188
0.32872153249341085,0.16684861113304122
0.38187972103080103,0.18196479333740237
0.3281491792737473,0.16532354444880626
0.2868549543883946,0.14850806445026546
0.5108217155051193,0.21542152222453925
0.47575978123388046,0.20771070666504776
0.5820761583086609,0.23506825775968193
0.4220221733876951,0.19137381774663637
0.523265098465952,0.2184275533433044
0.31059701387073296,0.15748096661241906
0.17030688025098747,0.08695330225122928
0.36999455911136864,0.1771723488694851
0.43163912069586846,0.1975595666218929
0.44464072469810134,0.19965033994122963
0.49667540506355945,0.21454927773037843
0.4650051935755118,0.20749182883317968
0.3496300902339582,0.1717265377392751
0.39940362207728886,0.1869303799708272
0.4276821107821454,0.1932473466507608
0.3745309883338868,0.18113719556516486
0.2319938383702772,0.12594295782354853
0.40111361564714776,0.18758483557755706
0.4768974215840759,0.20814682891212818
0.48594201567258566,0.2082339444671005
0.294783106394104,0.15260358447840378
0.5945266073586252,0.23842329557055514
0.26988927438330707,0.14275789334987077
0.21218759053426697,0.11648928669239117
0.24611895054444216,0.1288607844429042
0.41185407112725325,0.18932714667700437
0.45427180418453794,0.20178630445470835
0.2450025084616417,0.12738090895281112
0.253474749330488,0.13774711552230404
0.30042891161029095,0.15273371333864372
0.4570982398371973,0.20374640444158654
0.30042891161029106,0.15543429554278712
0.4107164307770578,0.1880198688802003
0.396004833204966,0.18396790662954818
0.3145822881409826,0.16236161557974585
0.2998777566580225,0.15264768672810855
0.3524706580648808,0.17394907333550758
0.41128171790758966,0.18867323554249307
0.36717518954784095,0.17464654224750512
0.2857243801273309,0.14698354223824908
