0.3716833544138326,0.16959275111467073
0.4463365860896969,0.19276821109841283
0.3954466121635658,0.17952555779817614
0.46670105496710734,0.20065325776784904
0.3592470375421316,0.16876515334243328
0.400527130249221,0.1819206910876976
0.37678507076688267,0.17508212002236692
0.3937436846828386,0.17930722443852662
0.4259862493905498,0.18806397112990508
0.3750680111078921,0.17015845774977253
0.4768832894058126,0.20453044443633786
0.3960118992940977,0.18122431112013726
0.28458673977713556,0.14053644669807547
0.25742469315507943,0.12838164889055614
0.3021106408236234,0.14550203333150027
0.25007596045816516,0.1253326044665234
0.3292797535348111,0.15687333561648684
0.3196557401375061,0.1565673422296464
0.38413380346379694,0.17621462223700765
0.4050564933826075,0.18292306444209838
0.4203263119960995,0.18680025111058723
0.38752552624698805,0.1786538577762339
0.4372919920011871,0.189240031122032
0.4107093646879262,0.1838813355467944
0.46217875792285246,0.19355334003760125
0.4655704807060436,0.19381468670251834
0.2189569039223861,0.1152250222008547
0.22574741557790007,0.11618383777776929
0.23989372601946002,0.12297994001005096
0.3428395785784442,0.16432117109440547
0.44294486330650573,0.1909823422214793
0.46272991287512105,0.19363936664813647
0.4565258866175338,0.19294353115279467
0.2585623335052748,0.1319974888941279
0.30269006013241845,0.14641783560314725
0.26761399368291633,0.13513419334535165
0.275535079599494,0.1384886866840063
0.2517859540280241,0.12755514006275587
0.2783615152521534,0.1394469577887023
0.6137322376184453,0.22470150671797048
0.30550942969594613,0.14837739111780693
0.3060888490047413,0.1532569511406965
0.2941966209961772,0.14515357111161084
0.2902466771715858,0.14371670892678534
0.5464277386394952,0.20875663779693474
0.5441736562064994,0.20853939338172242
0.37394450293596004,0.16967986666964313
0.3479342288423626,0.16641248888596083
0.3349184926618664,0.16127158219815416
0.20255651104783035,0.10446570668954902
0.23084206584181854,0.11814448223686609
0.23875608566926462,0.12180333554570544
0.18333674860974697,0.09915165783623474
0.20823058062054392,0.1141807244856235
0.20821644844228065,0.10703616003345237
0.41975395877643595,0.1846653755415457
0.5481306661202224,0.21237247780050647
0.5950636301326304,0.2203010822474289
0.5323026264653302,0.20771179560948494
0.5639657718642462,0.2163367800239677
0.5509571017728817,0.21424546223241234
0.5288967715038757,0.2054021444582801
