0.48139852036093583,0.2032231666395338
0.5317302732456667,0.21424491776019375
0.4429448633065057,0.19485898441774957
0.2794850234240855,0.1427568044054336
0.3682845655415097,0.17394798439107043
0.5057199991520693,0.20701378222526884
0.552094742123077,0.22165082887728194
0.5390860720317125,0.2150295022271636
0.4338932031288642,0.1928112244036804
0.4078758629461352,0.1879316643807908
0.3513259516255538,0.1677192222105463
0.37507507719702377,0.17503747330044359
0.4610340514835254,0.19834360661664416
0.469520424530635,0.20069627107311663
0.48197087358059937,0.20670833331064697
0.41523166173218107,0.18880336440273304
0.4565046883501388,0.1969056554873816
0.4514312363536153,0.19681962887684637
0.3128652284819921,0.15695881775480344
0.4389878533927827,0.19359580887065028
0.4107093646879261,0.18854201773781593
0.4604758304421252,0.19690674443181871
0.40052713024922093,0.1846648310693271
0.42597918330141815,0.1898057377571338
0.3993965559881572,0.18235626886255943
0.29363839995477703,0.15229759109156335
0.2546123896806834,0.13513419334535165
0.3270044728344203,0.16336235551749087
0.37450979006649193,0.1742098755282061
0.3349255587509981,0.16658617552368699
0.3484924498837629,0.16723954218597972
0.14260074476579446,0.07784918228439854
0.16070406512107743,0.08129133565024413
0.24838716515570125,0.12851286669523332
0.2517718218497608,0.1306030955423515
0.23029091088954992,0.12224000226500445
0.2365232015036638,0.12685821562297694
0.16466814112393213,0.09026478228461632
0.22464510567336296,0.12010621564040005
0.2008818479236297,0.11326601115841366
0.18617025035153792,0.09897797119850858
0.19521484444004777,0.10607788892875634
0.25009715872556015,0.12903664896950465
0.23142855123974532,0.12228410451470918
0.5130687318489835,0.2141136999555166
0.22237689106210387,0.11736153118655197
0.2930660467351135,0.1472007866534614
0.3275838921432155,0.16414748445667934
0.29986362447975917,0.1540840044407154
0.3106040799598646,0.15608766220507977
0.3077847103963369,0.1543023378003649
0.2608376142056656,0.13875003334892339
0.3977006945965616,0.1821384799751285
0.2817532380353446,0.14354138887240347
0.28853668360172696,0.14358494664988966
0.25460532359155175,0.1340447044359785
0.31569873022378303,0.15861455777149697
0.4503006620925516,0.19677607109936018
0.5679369139562325,0.23049414665141418
0.4248415429512228,0.18893403773519157
0.47574564905561717,0.20130662443014175
0.5130616657598519,0.20914756884987323
0.3999618431186891,0.18340165552222779
0.46499106139724844,0.19917120438888164
0.33209205700920713,0.16519178217191055
0.37791564502794633,0.18126732442540486
0.4152245956430494,0.18875926215302827
0.42654447043195,0.19224497329636003
0.35133301771468545,0.17386141330831664
