0.46490863987799347,0.3255004714105589
0.4851980193241378,0.3285371884241256
0.49098946921361764,0.33270226163475336
0.49097981679713515,0.33004797407052605
0.5093483653632687,0.33460304959087617
0.4832578836111621,0.3273974729364902
0.49873070723255575,0.3338457635525802
0.47457070877694235,0.32701882991734227
0.4127469812067452,0.306931817751542
0.42820049999517384,0.3122366064498051
0.422409050105694,0.31034339135406525
0.2668507060742657,0.23190370350737027
0.25524850146234107,0.22053684007254798
0.25333732299881273,0.21789391179889508
0.26105925618478587,0.22470948614355868
0.390517466047625,0.29291066675249244
0.37797897703690125,0.2925358101635359
0.3779693246204187,0.2898815225993086
0.36541153077672994,0.28722723503508124
0.39149236011235417,0.29442902525927583
0.29198559859460815,0.24517135489831537
0.3209911101244197,0.273967156504519
0.2919759461781257,0.2451675684681239
0.4600727792202778,0.3232248268654795
0.3924672541770833,0.30314160112987076
0.42337429175394065,0.3107220343732133
0.24461153849866313,0.21295640682920547
0.280393046399166,0.24062385223834817
0.33353925155162606,0.2762390146194069
0.2920145558440556,0.2561633617441812
0.3596200808872501,0.28192623276700957
0.5605351299697879,0.35241063078140555
0.617532649298752,0.3706044278514659
0.5808341618324148,0.3577229923400517
0.5209409175587107,0.3402864813082873
0.5634405073310103,0.35468627532648495
0.5528035443673324,0.34445534094910657
0.5846758235924363,0.3618804926902965
0.5566741633768014,0.345595056436742
0.5663265798592678,0.35543977493458934
0.5991641007326184,0.36264156515878393
0.610766305344543,0.36529963915320274
0.21855001399600388,0.20159711625476612
0.2417254659704057,0.21030969212536108
0.2533180181658478,0.21372126572788436
0.5489329253578633,0.34445155451891507
0.5450719587648767,0.34255833942317515
0.3663767724249766,0.28760587805422927
0.2697657358519705,0.23834820769326887
0.31998725881024315,0.26600050738164566
0.28134863563093016,0.2425132809038966
0.31614559705022155,0.26411486514628874
0.34222642638584577,0.2819186599066266
0.36154091176726094,0.2853302335091499
0.36056601770253194,0.2826759459449225
0.31613594463373906,0.2618392206012094
0.3026032567253212,0.2603170756642345
0.45911718998851364,0.3205781121616351
0.4890589859171244,0.3296731174815695
0.42917539405990296,0.3198132532629561
