0.7007935218094841,0.2287964822738902
0.20365882095236745,0.09383543109404614
0.22632683488669528,0.11261318896833948
0.22463097349509967,0.1103046267615718
0.23141441906148205,0.12097628224568657
0.29080489821298605,0.1427143355723846
0.2376537757647275,0.13008149115695444
0.37960444033041035,0.17329570667321484
0.4061800015545396,0.18353232885468637
0.3530288791062811,0.16907005778483655
0.22405155418630449,0.10681891561824003
0.21386225365846767,0.1009810844906544
0.47011397601769345,0.19947883119237783
0.20479646130256285,0.09836598442482772
0.3298379745762112,0.16157703111277597
0.2783544491630217,0.13670227333485424
0.589968979868712,0.22121525110242013
0.4780138636668763,0.20383351999655894
0.5780838179492795,0.21960252439099423
0.6340755082284606,0.2279242377797294
0.47008571166116686,0.19869261330875224
0.5826414454391927,0.22065063341175548
0.36659577023904577,0.1722062177638417
0.4039259191215438,0.18331508443947403
0.4152387278213127,0.1847965933462228
0.38807668119925665,0.18035152215375785
0.4938560355000317,0.20618672892524995
0.36320404745585466,0.16937496222723986
0.4225733283399637,0.18597156439391258
0.5945054090912301,0.2216083600442329
0.4225945266073586,0.19189705554868913
0.2919354724740498,0.14454376222680423
0.46838985026957125,0.1983005933113766
0.3066541361352732,0.15221156448102813
0.31511931091498785,0.1569582732825849
0.5826202471717977,0.22056188444012736
0.32304039683156566,0.1598771888463777
0.528910903682139,0.2150295022271636
0.4423937083542372,0.19438093780983873
0.3937507507719702,0.18192123555991616
0.4582217480091294,0.19742998223387148
0.3801767935500738,0.17773914444902406
0.28007150882201226,0.14193084004985185
0.5385278509903124,0.21860178445324918
0.505161778110669,0.2070578844749736
0.3914966683389744,0.18135552892481438
0.29647190169656795,0.1513398644590859
0.4344655563485278,0.1920712866586339
0.2676210597720479,0.13557031559243204
0.31964867404837444,0.15722016441972053
0.4876308109750496,0.20496656668341823
0.4565188205284021,0.1947288555575096
0.3349396909292614,0.16606457113828998
0.5130687318489835,0.21006282664930165
0.32700447283442036,0.16013907998351337
0.43842256626225085,0.19372648220310884
0.34398428501777123,0.16663082224561032
0.3281421131846157,0.16088010667299707
0.5221274581157567,0.21167555336072755
0.25122066689749223,0.1319980333663465
0.5967665576133577,0.2226973044813875
0.6041294224885353,0.2260959000697469
0.5509571017728817,0.21894970220092005
