0.7914016273974194,0.4005664499566453
0.5595023214061643,0.29445174384042466
9.652416482466385e-06,0.0022756445450793444
0.47349929054738854,0.26336515196837573
0.016438065269640256,0.016671652133085448
0.6938060443432016,0.36303914032888923
0.8136021853070919,0.40208102203323715
0.4174573604501887,0.23418692091283258
0.0019497881294582098,0.009852291358230372
0.3063194370710708,0.17885203009454712
0.8435536336521852,0.41572353001313883
0.7237961023542246,0.3770754370487047
0.15751778457736892,0.09814048413296429
0.4493392920917752,0.24290706964381048
0.3227961120066409,0.19516018492925052
0.029990058011023057,0.034861662772954286
0.8657831488113054,0.4267155368590046
0.24258453103734512,0.15309294550191024
0.7662570824605942,0.3869163691163607
0.859982046505343,0.42595446439051715
0.8909083889151653,0.4354356855899825
0.20589569598749036,0.13983665340153953
0.0251541973533074,0.02501315784491539
0.8493740407911125,0.4240650357249688
0.13050067084294553,0.09095005319934422
0.6715861816005638,0.35318684897065883
0.011611857028407061,0.01023472080756983
0.39430121330875184,0.2322974922472841
0.3005665968475208,0.17053702939405752
0.28892578256966633,0.16862109571716877
0.10827115568382546,0.0833658335258102
0.08895667030241022,0.06973089840629154
0.16721846314224764,0.12087799743280035
0.8203781816777834,0.40852552621913574
0.14399474908543353,0.09359298147299708
0.3218212179419118,0.18985539623098735
0.023204409223849188,0.020461868754756703
0.7740176253124972,0.38806744389457065
0.43487031978455815,0.2402603549399661
0.8252043899190166,0.41041874131487566
0.5855928031582709,0.3092301808777702
0.8445285277169143,0.4164846024816263
0.5595312786556115,0.295220389169295
0.4773699095568576,0.266398082551751
0.5382283954788083,0.2853491656601073
0.45417515274949105,0.2561633617441812
0.24063474290788697,0.1428620111245319
0.7527533518016238,0.3835123683742205
0.6058918350208977,0.3118920413023805
0.30439860619106,0.1769626014289987
0.6889991409349334,0.35509520978716463
0.6706112875358348,0.34523155913835996
0.8358317004662121,0.414208957936547
0.8261792839837456,0.41042252774506716
0.5160278375691355,0.2747471611239638
0.2782984720224709,0.1546075175785021
0.3498228781575468,0.20121847323561812
0.5624366560168341,0.30771939523136965
0.6879952896207567,0.35394413500895483
0.7546741826816346,0.3842658679823248
0.05703612899489387,0.040170237901408924
0.37108715166842027,0.22281248461762732
0.8899431472669187,0.4346783995516865
0.8145770793718211,0.4035993805400206
0.10537543073908553,0.07314247200881482
0.8783505950714766,0.4327813980257552
0.7392206638932058,0.3831261524946894
0.44356714703526035,0.2406427843893056
0.2840899219119507,0.15574344663594605
0.616538450401058,0.33727248287586936
0.6870686576384402,0.3532019946914249
0.0125770986766537,0.013642507979901628
0.8995955637493851,0.4358143286091305
0.06382177778206774,0.06176424928341808
0.0560515825136823,0.03713352088784215
