0.5392225943765021,0.2955838864676771
0.5527166726189903,0.3004986728562178
0.23578922983368883,0.13149514768970963
0.21454426115578032,0.11672428351274702
0.2638294997152537,0.14855301570232599
0.23288385247246643,0.11786021257019096
0.23772936554666457,0.13793586544541672
0.2415999845561336,0.140968796028792
0.26090481752106637,0.14248336810538392
0.4909025974652754,0.2739785157950936
0.526655148116331,0.28345973699455895
0.4474377660447294,0.2607146508343398
0.4030076929759366,0.2444216417204024
0.43489927703400544,0.2569320070730516
0.46677155625910943,0.2717066576802057
0.5034893485584115,0.28308109397541087
0.4377950019787454,0.25731065009219956
0.5295508730610708,0.28838209624348254
0.453267825600139,0.2686812999572133
0.4194264534126119,0.24518271418888982
0.2812714162990705,0.17470588903487677
0.2802965222343414,0.17053702939405754
0.26387776179766603,0.1701545999447181
0.3537321068329457,0.21865498426738253
0.436791150664569,0.25729550437143367
0.4261831449503384,0.24631864324633376
0.2880377602532794,0.18493303698206365
0.32669568826555734,0.2129715525499714
0.3518112759529348,0.21790148465927806
0.39142479319697693,0.2425284266246625
0.38173376704858064,0.23191127636775322
0.29382921014275926,0.19477775547991108
0.3411646605727744,0.21523962423466775
0.29768052431926334,0.19515261206886758
0.3141089371724211,0.20462626040794996
0.3092730765147054,0.19667097057565094
0.3247169428866517,0.20613704605435038
0.3121688014594454,0.20045740076713073
0.3711161089178676,0.2285034891954214
0.3488865937587476,0.2175114823495556
0.36047914595418973,0.22054441293293092
0.3411550081562919,0.2152358378044763
0.3547070008976747,0.218658770697574
0.4348799722010406,0.2470797157148212
