0.18381915526472337,0.30863066261955213
0.1356335514574658,0.29253765534620013
0.05056513979773944,0.17667945707576885
0.08685306365258774,0.20193574251188365
0.18322427126710292,0.30857339213103485
0.1838191552647234,0.3475745948112937
0.12373587150505651,0.28108355764274673
0.08744794765020822,0.24780940381421454
0.0380725758477097,0.15485940095069012
0.11124330755502677,0.2810262871542294
0.24449732302201072,0.36028864326212695
0.2082093991671624,0.3522135043811923
0.280785246876859,0.40043525571273114
0.25698988697204045,0.39470820686100444
0.4967281380130875,0.5117118149017811
0.3890541344437835,0.48989175877670227
0.5574063057703748,0.5438978294484852
0.37656157049375377,0.4554721951778248
0.4842355740630578,0.5013458564801557
0.5086258179654967,0.5254567321459251
0.364069006543724,0.40730771433480323
0.5211183819155265,0.5358226905675505
0.36406900654372404,0.4451062367561995
0.3045806067816776,0.4061623045644579
