0.2958851748535246,0.2743420130934756
0.26497813727666725,0.25994600550546954
0.26789316705437205,0.2633613655381843
0.30167662474300444,0.27850708630410337
0.31037345199370664,0.2857050900981064
0.1818708313626316,0.20651947550368985
0.38572021505583926,0.3209416094600172
0.42627001669868053,0.3270036841965763
0.3789538711016303,0.31336496264686614
0.25919633980366985,0.2576779338207731
0.2476037876082277,0.2527517881416579
0.23504599376453894,0.24706835642424674
0.5131996795397727,0.3421721235436443
0.4968098763525449,0.3395291952699913
0.48519801932413786,0.33535276276878917
0.2852771691392941,0.2716952983896312
0.2814162025463075,0.2690447972555954
0.28238144419455413,0.27018072631303935
0.33838476462582406,0.29858652560952065
0.358664491655486,0.3042699573269318
0.35867414407196846,0.30692424489115905
0.41663690504917905,0.32625397101866327
0.4204882192256832,0.32662882760761974
0.3499676644047837,0.3035088848584443
0.4272545631798921,0.3345841174399188
0.3693014546191639,0.3122290335894222
0.35868379648845095,0.3114717475511263
0.38090365923108854,0.31867353777532076
0.40117373384426797,0.3251104691008364
0.3325836623198618,0.2966895240835892
0.16151388500111,0.17013566779376071
0.18574145037210063,0.2099310491062131
0.220519106958427,0.23114641746907427
0.18088628488142006,0.20310411547097512
0.17023001708477714,0.1803703886013305
0.1702396695012596,0.19362668070170122
0.16539415642706148,0.17695881499880722
0.1702782791671895,0.20159332982457467
0.25531606837771836,0.2569130749220942
0.2862231059545758,0.27320229760584014
0.3374291753940599,0.2982116690205641
0.23598227816333822,0.24743564015282027
0.26982365035086536,0.2641186515764802
0.3258462756151002,0.2948038818482323
0.27174448123087613,0.26865858137606446
0.2968311116688063,0.27660629834798045
0.2611075182671982,0.2584276469986861
0.2621017171648922,0.25843900628926053
0.22052875937490946,0.2322861329567097
0.5190104342622175,0.3444515545189151
0.5412109921718903,0.34937391376783883
0.22344378915261434,0.24062385223834817
0.20313510487350503,0.22394841367507126
0.30360710803949775,0.27926437234239926
0.3142344185866932,0.28759830519384627
0.28331772859335336,0.27168393909905686
0.2997364890300287,0.27698872779732
0.3151900078184574,0.2879731617828028
0.3200355208926555,0.2910098787963695
0.150896226870397,0.16066959231506125
0.13832878061022574,0.15195323001427477
0.15187112093512609,0.1682462391282123
0.16925512302004805,0.1796093161328431
0.16829953378828388,0.17771988746729467
0.23405179486684494,0.24099870882730468
0.19250779432630954,0.21750769591936414
0.20022972751228268,0.2235659842257318
0.22149400102315608,0.23455799107159753
0.24566365189525197,0.24971885755828258
0.21474696190191214,0.2307753473103093
0.26595303134139636,0.259949791935661
0.22246889508788525,0.23683363561667692
0.20410034652175169,0.2262202717899591
0.20991110124419643,0.23039291786096983
0.25049951255296765,0.25615957531398975
0.3422553836352931,0.299726241097156
0.3229505506703603,0.29215338071419644
0.3036264128724626,0.28230108935596604
0.26690862057316056,0.2618392206012094
0.28911883089931567,0.2743382266632841
0.5180355401974883,0.34293319601213174
0.500641885696084,0.34103240805600893
0.48712850262063107,0.338381906921973
0.4861632609723845,0.33648869182623314
0.5209409175587107,0.3486166277295429
0.4803621586664221,0.33497033331944975
