0.11201028825946488,0.11102392228159659
0.19626109595056615,0.21649416172545466
0.23013707223738278,0.2279883510811722
0.11577428562466673,0.15722172180746127
0.33694049747498517,0.27996087554777
0.36077914745459677,0.2888025596675527
0.31808914400426586,0.2689032443454667
0.24271509676609898,0.232635761296633
0.3770898027038048,0.292781317521455
0.29293309494683356,0.25562966606064297
0.2477337599197014,0.23683556125352978
0.2502744581412127,0.2432513082929471
0.2452557949876102,0.23529379258514266
0.5880618550233682,0.35492730477837775
0.5767384962830526,0.35492177872580283
0.17107368024842382,0.1937102469592896
0.18493773721025064,0.20278402528721662
0.18490637056554063,0.2010101624106852
0.12963834258649357,0.17602135266714927
0.6106772058592893,0.362890346538757
0.6282738935416079,0.37019026199015265
0.5679558357642482,0.3502798945629169
0.4247984693077382,0.3067124960626876
0.7011072425582635,0.3799271666270634
0.59185721903328,0.3586905465818602
0.6847338540196356,0.3759373566680114
0.44615915435525866,0.31600179044103427
0.48759449201718896,0.3279435900553158
0.5717511997741603,0.3502854206154918
0.4763338665662935,0.32684390559291787
0.5127505410746214,0.3383436210012103
0.21636711520968602,0.22003636142594263
0.17235971268153447,0.2003470361017015
0.14852106270192278,0.18001116262620126
0.6684231987704277,0.3708533882991364
0.10319626109595056,0.10770276468410322
0.4562278473071736,0.32109128486248417
0.5039365139111069,0.33214891606478747
0.5114645086415106,0.33458037919772776
0.3808851667137167,0.29278684357402984
0.5454032182177473,0.34630666276158956
0.18747843543176188,0.20367371975176976
0.275430507198645,0.2554196760627981
0.45494181487406293,0.3210857588099093
0.5227878673818261,0.3398909157221722
0.38342586493522784,0.2965500853775123
0.42862519996236004,0.3120285586397069
0.4072331482701296,0.3042810329297474
0.3569837834446849,0.28349202314310823
0.35698378344468495,0.28614452837904303
0.21131708541137356,0.22003083537336776
0.4712838367679809,0.3248490006133919
0.444904488566858,0.315117622029056
0.5064144788431981,0.33369068473317465
0.5077318779210188,0.3337017368383243
0.4134751105674226,0.30560175949513985
0.500141149901195,0.3321433900122126
0.39973652018443584,0.30030780112842
0.41476114300053324,0.3056072855477147
0.5378438568426335,0.3436486314730799
0.4361218280480537,0.31334928520509947
0.4675512060474891,0.32220202143003196
0.36576644396348923,0.29078641254192894
0.26787114582353133,0.25143539215632105
0.3858724632226091,0.2985284121993137
0.3645431448197986,0.28902360177054726
0.23647313446880588,0.23020982421626762
0.2954737931683448,0.2664662551599516
0.3620651798877074,0.28880808572012756
0.34067312819547696,0.2830499389371191
0.1873843354976318,0.203215057388056
0.1924657319406543,0.21582550936389613
0.2087763871898623,0.21825697249683637
0.3205671089363571,0.27530793927973435
0.2540070888617045,0.24832975060924734
0.40346915090492774,0.30229165400279623
0.4700291709795803,0.32308066378943534
0.29801449138985603,0.26647178121252646
0.3331765001097833,0.2753189913848841
0.2238637432953797,0.2275462668751831
