0.43840843408398755,0.17869796002593866
0.4977989132354916,0.19621090893647697
0.28684082221013135,0.11627422016605314
0.3999477109404258,0.16445293337130118
0.34339073353071276,0.14537244894347887
0.2726733135011765,0.11531322670026423
0.2308349997526869,0.09122523127818664
0.5769603097773475,0.20888785560161185
0.587700765257453,0.2132871911277163
0.6250167819616876,0.21707726224123278
0.5356802170702581,0.20400829557872224
0.3450795288331767,0.14580748224612214
0.42426918973155925,0.17773914444902406
0.5062782201934696,0.19812745114586902
0.4661287017474439,0.18558172228541125
0.2059129033853633,0.07737004673205052
0.3185180997873107,0.13666089344624235
0.3909031168519159,0.16179590894464405
0.21495749747387313,0.08181294003564114
0.5277520650645486,0.2024391266447825
0.3303891295284799,0.1420185000770428
0.46725927600850753,0.18732403338485856
0.41578988277358125,0.1716410556009585
0.49271839514983645,0.1942949111993035
0.6617816437136539,0.21895188008979433
0.5458624515089633,0.20753702002732158
0.4780209297560079,0.18976490234074053
0.3190692547395792,0.1387070200436558
0.5826131810826661,0.20945410670893225
0.5108005172377245,0.19973908891285777
0.4644257742667165,0.18540694670324795
0.5848743296047937,0.21132709114083809
0.6261473562227513,0.21812264890090113
0.4819496753132044,0.1909387844439931
0.5899760459578437,0.2154226111689764
0.5662198542972422,0.2088007400466395
0.4542223415606164,0.18239928216782703
0.2879643303820634,0.13269495780612545
0.4135287342514538,0.16963739783659407
0.37166215614643766,0.16022619553848574
0.39370835423718037,0.1618378333054745
0.3546964761413501,0.1536484266658536
0.3903095653648575,0.16131459550342173
0.23647373887974224,0.10429147557960429
0.48929840801011865,0.19111301555393786
0.3965347898898397,0.1628396621876567
0.4480183153030292,0.1795691155756623
0.4118258067707266,0.16806877337487292
0.34508659492230837,0.15347419555590885
0.2879501982038002,0.11792778229387235
0.31340931734512895,0.1339151200479571
0.22399502547325129,0.08586326886963758
0.25399763992623003,0.1125238955244928
