0.4348044289702331,0.2777504545178243
0.5766757629936325,0.31821773752355487
0.5277437972460086,0.30031332718099485
0.6457764812897965,0.3308337155519698
0.3720084062607823,0.24834080271439704
0.4297543991719206,0.26735594962450476
0.1860355697751012,0.14771691137869486
0.2601863178695775,0.19128430987892417
0.2677770458894012,0.1943899514259979
0.3255857720899596,0.23375202391675556
0.5352717919764123,0.31357585336066895
0.5289670963896992,0.3060548958062787
0.5892537875223487,0.3292753687258581
0.461121043881936,0.28503931786407016
0.4574197798061542,0.2793032752913612
0.6520811768765096,0.3421123888572677
0.2903296634359023,0.2213515619387603
0.33308240017565327,0.2447986030139091
0.21125435212195354,0.18575825730405998
0.3820143659232772,0.26712385541636047
0.46501050782597786,0.29832394825404374
0.5778990621373231,0.32506451666381153
0.20118565917003858,0.18376335232453403
0.2702550108214924,0.20079464636026548
0.2903923967253223,0.2264465824127851
