0.5334697541529522,0.34330805260108815
0.610747000511578,0.3671852813885597
0.14502755764905745,0.11444485253747619
0.2021216011428461,0.19780311320290345
0.4996573392148725,0.33155875971692644
0.40985125626200525,0.3103396049238738
0.5547243752473431,0.3508884858444307
0.5160760996515478,0.33648490539604164
0.5643864441462921,0.35467870246610195
0.1837434001602301,0.18567139086940224
0.14601210413026902,0.12051071370422681
0.30455304485477946,0.2595673624863215
0.14602175654675148,0.1265727884407859
0.14989237555622048,0.1299843620433092
0.21853070916303896,0.20916240377734274
0.26783525255547724,0.24289192392304454
0.2591191204718101,0.24136599255587818
0.2359243636644434,0.21409233588664942
0.2146600901535699,0.20347897205993157
0.5083348616326098,0.33420547442077086
0.2513875348693545,0.2334107027235792
0.2533276705823303,0.23530770424951056
0.2378741517939016,0.22962427253209944
0.2697657358519705,0.24667835411452432
0.27073097750021713,0.24857156921026421
0.30066312101234544,0.25955600319574706
0.30548932925357863,0.2656142915021147
0.5035279582243414,0.331562546147118
0.5083445140490922,0.3342092608509623
0.33351994671866103,0.2705517964718044
0.32964932770919203,0.27054801004161283
0.2919855985946082,0.25122964320468305
0.48226368471346803,0.3296579717608036
0.38083609231571125,0.29252066444277003
0.1585698979739578,0.13300971976630152
0.23013291377496356,0.21371369286750144
0.27846256310267276,0.24857535564045571
0.2088782926805726,0.20121090037523523
0.16827057653883648,0.17278616892779655
0.16825127170587154,0.1549823741674586
0.45039140548836404,0.3163978932302414
0.4330074034034421,0.31563682076175403
0.5769442379899807,0.3603621341835131
0.1731160896130346,0.18263846028602693
0.20886864026409005,0.1996925418684518
0.19727608806864796,0.19097996599785683
0.1895445024661924,0.18718974937618557
0.3828148376946169,0.3004910999958349
0.3547938726460169,0.291392308245709
0.45525622339552707,0.3194421831041912
0.3354600824316368,0.2747206561126236
0.2958465651875947,0.251986929242979
0.3518595380353472,0.275852798739876
0.29101070452987904,0.2508472137553436
0.3228829837549831,0.26637915040079363
0.2890705688169033,0.2493288552485602
0.47842202295344644,0.32852961556374266
0.5383152672271503,0.3444515545189151
0.1672860300576249,0.14059393943983553
0.16632078840937828,0.13529293717176383
0.4407486414223802,0.31602303664128495
0.5073985772338104,0.3338381906921973
0.5518479551355682,0.3478669145516298
0.52477292690225,0.33989647899856495
0.5498885145896275,0.3448264111078716
0.4600920840532427,0.32285375670671446
0.4783930657039991,0.3270036841965763
