0.4009518143961927,0.49103716854704765
0.01427721594289114,0.13882366416585534
0.001784651992861392,0.12845770574423
0.026769779892920884,0.1801156863868049
0.026174895895300414,0.16173185957276215
0.038667459845330154,0.18698814500887692
0.0874479476502082,0.2810262871542294
0.2212968471148126,0.4176164022679113
0.05116002379535991,0.2374434453925892
0.14872099940511602,0.3602313727736097
0.20880428316478286,0.407250443846286
0.12373587150505651,0.32117289960483364
0.34146341463414637,0.4646927438291048
0.34027364663890547,0.4622873833113796
0.3890541344437835,0.48989175877670227
0.28138013087447944,0.45089055609644346
0.30517549077929806,0.46005383425920615
0.2575847709696609,0.4348548193116087
0.1969066032123736,0.3935055266021419
0.26888756692444976,0.44281541721550877
0.22070196311719215,0.4095412633869766
0.25698988697204045,0.42677968043067405
0.12433075550267697,0.33382967756714965
0.09994051160023795,0.30971880190138024
0.1124330755502677,0.3200847603230056
0.09934562760261749,0.2821716969245748
0.03926234384295063,0.21453524998568238
0.0761451516954194,0.2765019185613653
0.16061867935752527,0.37397629001775384
0.173111243307555,0.38434224843937914
0.06365258774538965,0.26613596013973995
0.07555026769779893,0.276444648072848
0.06305770374776919,0.24775213332569726
0.0511600237953599,0.2282801672298265
0.11183819155264724,0.3165912605234522
0.13622843545508628,0.34986541435198437
