0.07495538370017847,0.2042265620525743
0.4003569303985723,0.4382910486226447
0.17132659131469363,0.3246091289158697
0.08685306365258774,0.22713475745948114
0.09934562760261749,0.2821716969245748
0.1356335514574658,0.30857339213103485
0.2801903628792386,0.39808716568352326
0.02617489589530042,0.12622415669205658
0.29208804283164785,0.4026688047649046
0.30517549077929806,0.41538285321573787
0.3158834027364664,0.4290132294828474
0.049970255800118976,0.15600481072103545
0.5568114217727543,0.5094782658496078
0.19690660321237358,0.3740335605062711
0.6168947055324212,0.5152625851898517
0.4009518143961927,0.4635473340587595
0.496133254015467,0.4818738903842849
0.2688875669244497,0.3969990264016952
0.35276621058893515,0.4348548193116087
0.3045806067816776,0.4095985338754939
0.6650803093396789,0.5336464120038943
0.6044021415823915,0.5117690853902984
0.23319452706722188,0.3912719775499685
