0.2561847858611403,0.19667097057565094
0.3393017441916584,0.25047993002677005
0.41948436791150673,0.2876134509146122
0.4078532060501347,0.27812844328495534
0.36052740803660205,0.2618354341710179
0.3470429822105965,0.2561671481743727
0.23206339707145685,0.1925096837952147
0.27934093300257723,0.20840511773904677
0.33928243935869346,0.2447927118791674
0.2793602378355422,0.2091699766377257
0.27159969498363923,0.20082468449570426
0.4803138965840099,0.29746574227284256
0.4590592754896189,0.29442902525927583
0.2861458866227161,0.21826876838785159
0.38951361473344853,0.2769925142275114
0.2948620187063832,0.23001806127201332
0.3653922259437651,0.26563701008326357
0.2764452080578373,0.20386140150927107
0.29387747222517163,0.22205898500952284
0.27937954266850706,0.21107076459384852
0.2958272603546298,0.23531906354008503
0.3344369262844953,0.24440649599963649
0.31610698738429166,0.24403163941067998
0.41946506307854176,0.2815475897478616
0.3837414696769336,0.27207772783897066
0.2774297545390489,0.2076554045611338
