0.5482933494205571,0.19708847025495085
0.5718291779263459,0.19994438433370784
0.3114365284652954,0.15686563272349577
0.23967483974756285,0.13447201855493618
0.24662209624236617,0.13740495347996018
0.2570402263229951,0.1411758248101787
0.24122020489172807,0.13629130134595116
0.4888918271945701,0.19225899543238031
0.5251541921817197,0.1954346484025932
0.2709292299894497,0.1455530974862617
0.22076408802796532,0.1283745348921366
0.21960437550444742,0.12605910554541433
0.20571537183799285,0.11953186446126636
0.21806176502185826,0.12479117545860678
0.2006936237848499,0.11519861494782468
0.21497654405667993,0.12420682507077374
0.18641896749774808,0.11115210664221321
0.2292539550053578,0.13000646329330587
0.23234468529368824,0.13216761468722962
0.21922147754537616,0.12547483391100284
0.2747857561959226,0.14666667086684917
0.26089675252946803,0.14277451926745777
0.33613206949460234,0.16306234569743677
0.31220783370658994,0.15738383023723448
0.27748807920202967,0.14754878794152815
0.2809561981262792,0.1478794735585781
0.3280278551378571,0.16137528990118888
0.2975502794604169,0.1535689357443746
0.28249880860886833,0.14865125708967836
0.4634304902471207,0.188146255499253
0.3862751741634782,0.17371319468688468
0.2840414190914575,0.1493017603516057
0.3033405780932784,0.1564136668372729
0.45378642006936243,0.18567646944631072
0.33960294308042793,0.16374592539641128
0.31915233553981726,0.15909285823809224
0.2890631671446005,0.15161734720517106
0.3145245040920498,0.1583541511440392
0.2886747598623772,0.15038241480198913
0.5282394131468978,0.196614374657275
0.486192258850039,0.19037363852069264
0.5031664834816719,0.19336170084079518
0.5081827222116627,0.19464073516004
0.42909914302478375,0.18177329236790354
0.3920682274579157,0.17533417636245982
0.36043369391853364,0.16821140190462003
0.28481547899432824,0.14972080730762452
0.2809589527878553,0.14843082626278553
0.26668154183917736,0.1447150035742241
0.3006327457640192,0.15385551944536172
0.3172240724365808,0.1589164505738408
0.3137531988507552,0.15821081991683486
0.2909886755862609,0.15214649144450396
0.4291018976863598,0.18212618644982806
0.4804047148787536,0.19005382087581524
0.3523322342233645,0.1679687626128527
0.2145881367744566,0.12201267599322438
0.21265987367122013,0.12197959955617724
0.409805493346115,0.17837712981737636
0.39707620220317835,0.17538914625069532
0.38280705523922864,0.17342661098589762
0.36583283060759575,0.17003060594221345
0.36351616022213595,0.1687184951859215
0.38628068348663025,0.1739889891691207
0.3376719253156154,0.16363559185283255
0.38473807300404117,0.17347079165538198
0.3851237256246884,0.1734818171343977
0.3426909187071823,0.16573059037266202
0.36583558526917176,0.17087964657984525
0.34538773239013726,0.1661274288638063
0.4472303255183585,0.18516929741158772
0.38242415728015733,0.17326130755408334
0.41097071519278505,0.17952401589527564
0.39901272929114295,0.176558083286626
0.37432269758498826,0.17258867458070307
0.2960049143162517,0.15271989510674283
0.2882891072417299,0.15022805809576908
0.3230143710694423,0.1608791433454816
0.27440010357527533,0.14653436511866055
0.2095746527060418,0.12040295605692959
0.2342729483969247,0.1328842708232513
0.2500929698281918,0.14020542514995246
0.30333782343170224,0.15459438404625792
0.28173025802914986,0.14858518296900558
0.2844298263736809,0.1495223486853416
0.23581831354108992,0.1342294580165904
0.2589657347646555,0.1420136824619517
0.2632079135917757,0.14279649147206766
0.2713121279485209,0.14561917160693444
0.2473906468220847,0.13879408508251906
0.32146900592527705,0.15995292435473976
0.36081659187760495,0.16829952698332423
0.3087397147823404,0.1567554566867601
0.33150148338525876,0.1622243305388207
0.3314987287236827,0.16152964660740893
0.3978530167676251,0.1761500618096229
0.4233171083766504,0.1816410653731365
0.40209795025632133,0.1776055037931192
0.3870519887279249,0.1746835943471109
0.401709542974098,0.17695492177777028
0.4622735323851789,0.18758395606945144
0.43257001661060934,0.1840555665241571
0.45224380958677324,0.18537878151288634
0.41636985188184716,0.1807037421499574
0.4125133256753742,0.18005323888803007
0.4765481886722807,0.18984433677451662
0.4699893394597007,0.18953554460865496
0.4568743956961169,0.18655858652098967
0.4433737993118856,0.18482750756210048
