0.39541128171790757,0.1541722089401249
0.47344917008783155,0.17482077335744983
0.39936122554249903,0.15465080002025436
0.39765829806177166,0.15465025554803574
0.44348188608051103,0.17055156669158533
0.4163410377258499,0.16632591780320705
0.489291341920987,0.17852427338821247
0.40897817285067234,0.15626298225946167
0.4819355431349411,0.17516978004955783
0.32297680202938084,0.10407477563661052
0.3009164717603748,0.10389945558222864
0.5814755407324708,0.19865123342014035
0.680421986842942,0.21128462230778905
0.6312349403975381,0.20287742678073722
0.6419824619667752,0.20884538676856282
0.65554935309954,0.2098907734282312
0.4038905886758855,0.15569673115214133
0.39144720571505287,0.14816069117481315
0.41125345355106313,0.16053273339754476
0.3484641855272363,0.13722605560912557
0.35581998431328216,0.14014497117291835
0.3297743797740265,0.11409415340286967
0.33941252534959476,0.13147588450873088
0.3331802347354809,0.12428776227907358
0.3235632874273076,0.11248306010809953
0.49380657287611024,0.18070161779030308
0.4955095003568375,0.1810506244824111
0.4983430020986285,0.18928358889951818
0.49719829565930146,0.18344575777193256
0.5735473887267613,0.19799677781341046
0.4530917672995527,0.1742104200004247
0.41068816642053124,0.15739657341853958
0.35695762466347747,0.14502398672358943
0.38692490867079793,0.14707174673765858
0.5712721080263705,0.19176692668844914
0.6244302965637608,0.20082857782223093
0.5978829996961582,0.19982838235670444
