0.4813525297198959,0.3113709583832981
0.20121702581474862,0.18995805726095677
0.18738433549763184,0.1777952155436807
0.40095981932812647,0.2874818331021602
0.3959411561745241,0.2786401489823775
0.4888177911608795,0.31975950619194193
0.15090492769988392,0.1214129011223413
0.26906307832251186,0.23219367709064387
0.33690913083027507,0.2580721812987329
0.35698378344468495,0.272882002199369
0.46002321131708546,0.3107078320743144
0.3381951632633858,0.2618354231022154
0.38969919387723095,0.2782035908289632
0.45494181487406293,0.305391769497295
0.6156958690128917,0.3542697045219689
0.4599918446723754,0.3067235481678373
0.45120918415357114,0.30141853769596766
0.6458392145792164,0.3657694199302613
0.5390671559863242,0.3392222633606137
0.3858410965778991,0.2742082548173364
0.43609046140334373,0.29588143301595377
0.35318841943477314,0.26602417095396247
0.2791317712744268,0.24899840297080586
0.18992503371914307,0.18177949945015776
0.41730184122204445,0.29124507490564266
0.19742166180483678,0.1826581418095612
0.5165145384398231,0.3301650631904113
0.6345158558389009,0.3591326307878494
0.552868479658731,0.34076955808157566
0.5365578244095229,0.3334751686827549
0.4486684859320599,0.297213211686496
0.5566638436686429,0.347185305120993
0.5880618550233682,0.35404313636639945
0.21762178099808663,0.2063317510402794
0.24522442834290015,0.2176048982930024
0.30174712211034793,0.25696144473118515
0.23891973275618705,0.2080945618116611
0.16357705216273016,0.17183260481540222
0.17358301182522506,0.17315333138079475
0.2628524826699288,0.23132056078381527
0.1483642294783727,0.11897591193682619
0.15582949091935636,0.12161736506761128
0.09686019886452746,0.09663960742922509
0.1483328628336627,0.10836036494051204
0.15586085756406637,0.12339122794414267
0.09438223393243625,0.09598200717281624
