0.35578807154371106,0.29897652791924295
0.3422650360517756,0.29480766827842375
0.3258366231986178,0.28684859201593327
0.3364639337458133,0.2925320237333444
0.31907027924440884,0.28192244633681807
0.35190780011775946,0.2963184539248242
0.33453345044932,0.28874559354186463
0.3345431028658025,0.2891280229912041
0.4301599405411145,0.32360725631481896
0.4156716634009324,0.3209529687505916
0.29782531056650036,0.27207394140877916
0.2620438026659974,0.25008614128685613
0.17798090752019766,0.2042362580982275
0.26011331936950416,0.24970749826770816
0.28620380112161076,0.2652432213433497
0.2862038011216108,0.2682723654965335
0.3306628314398509,0.2868485920159333
0.30746807463248427,0.2758565851700675
0.3074391173830368,0.2728160817263092
0.2378934566268665,0.2425057080435136
0.2842733178251175,0.2622140771901659
0.23692821497861988,0.2387192778520338
0.2263202092643893,0.23645120616733745
0.22148434860667368,0.2341755616222581
0.20697676663352668,0.22129033968065245
0.20118531674404685,0.21750390948917267
0.24081813882105385,0.24933264167875166
0.2059922201523151,0.21976819474367756
0.22147469619019117,0.23114263103888283
0.21567359388422888,0.22773105743635955
0.23306724838563328,0.23834063483288587
0.16735359697300217,0.1951450392084846
0.21375276300421808,0.22470569971336718
0.16931303751894286,0.2027292588820186
0.14994063763863283,0.17354724139628397
0.19154255267806294,0.2125853366704404
0.15479580312931338,0.1765877448400422
0.15673593884228915,0.18530032071063718
0.19250779432630957,0.21599312384277222
0.18571249312265325,0.2099196898156387
0.1547958031293134,0.1773450308783382
0.26300904431424404,0.252357999401744
0.312284630457235,0.2796392289313558
0.36642503450738895,0.31185796343065714
0.39247690659356577,0.3148833211536494
0.36061427978494415,0.29973381395753895
0.402167932741962,0.3205781121616351
0.4272642155963745,0.322849970276523
0.26398393837897316,0.25463364394682336
0.2659240740919489,0.2580452175493467
0.2968311116688063,0.27016936702246486
0.2920242082605381,0.2690410108254039
0.27750697387090856,0.25993843264508654
