0.4281908691996242,0.1625783155227396
0.34563068378544515,0.12925443785693555
0.16064753640802423,0.06660800885965193
7.066089131648307e-06,0.002352664456472441
0.9389348577242949,0.30189841128451345
0.6419824619667752,0.2166857867160757
0.0033987888723228353,0.004356322220836843
0.6459748023261563,0.23049632454028848
0.14989294874965556,0.0575469021980888
0.9536323231181233,0.3049474557085462
0.4055793839783495,0.1480300178423546
0.21721157990686893,0.07828421558704177
0.2307996693070286,0.0825980689748296
0.3100034623836745,0.12141294896498553
0.8738844411783405,0.2852996312289664
0.911786943280502,0.29910962458096063
0.00792108591657775,0.005227477770560496
0.8840596095279143,0.28756463565824786
0.2358872534818154,0.08847836893546422
0.04978059793246231,0.022173631101559857
0.8235597543827414,0.2786777601066295
0.78171437454512,0.26016461573056465
0.8377060648243012,0.2798984668206797
0.02603853845012401,0.012765151164544403
0.6691727729453576,0.2363782579175789
0.7330643508737219,0.2482270623382577
0.7268320602596078,0.24430577342006413
0.7969841931586121,0.2682669068152132
0.7076052317323928,0.2419095511861055
0.3755979677927658,0.13901192448605904
0.2534182206174349,0.09366228892853856
0.6097610955264591,0.2098907734282312
0.014146310441559909,0.009627357768883522
0.946848877551741,0.30446832015619824
0.6029847160492082,0.2000472601885725
0.1041046911765745,0.04726726671134968
0.16687276093300643,0.06721836221667707
0.2556793691395623,0.09697268001748843
0.9066993591057154,0.2953200979396627
0.28736371280587336,0.10925815115746626
0.25172235922583924,0.09091814894690906
0.5673292302909109,0.19703850670871442
0.605804085612736,0.20409758902256894
0.10181527829792045,0.042255944411564376
0.7664374898424965,0.2583341001317078
0.6205015510065645,0.21106683342035817
0.08994424855675129,0.03659343333836063
0.5153228142819795,0.19054839786327318
0.023197970619201393,0.011631560005466501
0.19461422686385765,0.07645587787705926
0.9010464878003968,0.2944925001674253
0.499459444181429,0.17974334668560704
0.11202577709315223,0.052276955594479264
0.9349778478105718,0.30137571795467927
0.8970753457084103,0.2920521756837618
0.2381413359148112,0.08873917112816276
0.88181259318405,0.2864332223880443
0.8688109891818173,0.2836455246289286
0.15950282996869725,0.06020392662474593
0.14763886631665973,0.054803306688677854
0.028306753061383114,0.021128788914110054
0.220624500957455,0.08142200898270266
0.25796171592908473,0.10224480450997227
0.643692455536634,0.21720956899034705
0.5843019763851302,0.19721382676309637
0.33994954812360006,0.12489648221944297
0.9434571547685497,0.30268245127926474
0.09787240056246069,0.037465677832521437
0.8416630747380244,0.28033404459554156
0.150465301969319,0.05894129554986521
0.4525476784364159,0.17229551120768838
0.006225224524982157,0.0050096888831295825
0.5662127882081105,0.1946874756688977
0.3020753103779651,0.11418126895784206
0.14198599501134107,0.05410638224889894
0.3795903081521472,0.1435882134832011
0.6227697656178234,0.21655565785583572
0.786801958719907,0.26639337791108875
0.7398407303509724,0.25266941116962977
0.05999109672769412,0.034546762268728624
0.8908571872725599,0.2877399557126298
0.938369570593763,0.30159350684211017
0.8150663152465001,0.27114117565708273
