0.486457840179196,0.17987402001806557
0.41236282954473186,0.1622734110803363
0.40444174362815416,0.15769929997206855
0.39710007702037153,0.15460724224276814
0.3716621561464376,0.1478122289549237
0.5130263353141936,0.1846218177640595
0.5328325831502039,0.18910990226179203
0.5463994742829686,0.19507731777739906
0.5418771772387136,0.19024240447643276
0.46610750348004887,0.1763458400416848
0.31170638986440175,0.12350426675654089
0.3444930434352499,0.13696361999977133
0.6623327986659222,0.21873300225792627
0.5249114972336261,0.1874541622450985
0.56959744490217,0.20906099776711942
0.47458681043802686,0.17795747780867355
0.5571611280304689,0.19969607560759017
0.6187844913475739,0.20984558223408928
0.6278290854360836,0.2106296222288406
0.33602080256640354,0.1339151200479571
0.4016365062428897,0.15504390896206716
0.4921107114845147,0.18392489332428055
0.3100034623836745,0.12341660672934994
0.5317020088891402,0.18754182227228947
0.5565887748108055,0.19808389336838284
0.2896460595953957,0.1145302756499501
0.3099893302054112,0.12054070447082474
0.3145186933387978,0.12620376001624706
0.345072462744045,0.14754924887335083
0.3054811653394196,0.1204982356377757
0.3823955455374114,0.15321284889099174
0.38070675023494754,0.1493367511669401
0.4706156683460405,0.17765148442183312
0.4525406123472841,0.1755618000469335
0.4203121798178362,0.17185884448838942
