0.0010038513141765039,0.017054081582424906
0.8909083889151653,0.43808618672401833
9.652416482466385e-06,0.00606207473655912
2.8957249447399156e-05,0.011749292884161742
0.006804953620138801,0.025766657453019863
0.11417843457109489,0.15005244205815196
0.031988108222893594,0.06707282441187273
0.8628970762830479,0.4369426848061914
0.8590361096900613,0.4358067557487475
0.8030134844258263,0.42556824851098624
0.026177353500448836,0.053055459843014595
0.013600254823795137,0.035626521671633195
1.930483296493277e-05,0.009473648339082397
0.8445478325498792,0.4346670402611121
0.0009941988976940376,0.012885221941605672
0.7779075491549312,0.42404989000420285
0.7267111321319295,0.41494731182388545
0.7701759635524758,0.4229101745165674
0.11902394764529302,0.15914744737808637
0.6764896091736567,0.40736309215035144
0.663931815329968,0.40281558949038426
0.6687580235712013,0.4054660906244202
0.588594704684318,0.3903014377075436
0.6388162276425904,0.39902158643852154
0.5692802193029026,0.38537529202842846
0.5547919421627207,0.3823423614450531
0.5905348403972936,0.3903052241377351
0.002943987027152247,0.022358870280688066
0.5441742840320075,0.37931321729186934
0.560593044468683,0.38348207693268854
0.5760465632571117,0.38727229355435977
0.11998918929353966,0.16066201945467826
0.5605833920522004,0.38347829050249704
0.5837684964430847,0.3884082226118037
0.6030829818244999,0.3933343682909189
0.5461047673285009,0.3796918603110173
0.6030829818244999,0.39257708225262294
0.5596181504039538,0.38309964748334907
0.6195017422611752,0.3963672988742942
0.550930975569734,0.38044914634931326
0.5383635293095628,0.3770337863165985
0.7556876864122936,0.4206345299714881
0.7460352699298272,0.41836267185660025
0.006824258453103734,0.03145387560062248
0.6504087798380326,0.39978265890700904
0.5460951149120183,0.3796880738808258
0.5750813216088649,0.3865150075160639
0.5518962172179807,0.38082778936846123
0.5789422882018516,0.3876509365735078
0.5489908398567583,0.3800667168999738
0.03779886294533836,0.07465325765521524
0.5702454609511494,0.38613257806672435
0.5238849045858631,0.3743832851825627
0.6137102923716954,0.39523136981685025
0.6513740214862793,0.4020545170218969
0.5393384233742919,0.3781735018042339
0.5383731817260452,0.3781735018042339
0.6446173299485528,0.39978265890700904
0.5847337380913313,0.3891655086500997
0.529676354475343,0.3755192142400066
0.529676354475343,0.3755192142400066
0.5316068377718364,0.3758978572591546
0.6301290528083707,0.3986429434193735
0.5403036650225386,0.3785521448233819
0.49393345624076995,0.36452720739414085
0.2417640756363355,0.24402406655029701
0.5992220152315133,0.391819796214327
0.49587359195374575,0.36490963684348027
0.5335373210683296,0.3758978572591546
0.42438779548459965,0.338003263902825
0.5528614588662274,0.3812064323876092
0.5209891796411233,0.3728687131059708
0.5828032547948381,0.3880295795926557
0.14512408181388206,0.18225981726687893
0.5171185606316542,0.3717289976183354
0.540294012606056,0.3785483583931904
0.04359031283481819,0.078818330865843
0.585698979739578,0.38954415166924766
0.6175712589646819,0.3959886558551462
0.4166562098821441,0.3349703333194497
0.6726286425806702,0.40584852007375954
0.5026302834914721,0.36718149495836816
0.5035955251397187,0.36756013797751613
0.515188077335161,0.3717289976183354
0.4755842125076014,0.35732920360013776
0.3934807579077423,0.3243645423531148
0.6050231175374757,0.39333815472111033
0.5760465632571117,0.3868936505352118
0.549956081505005,0.3800667168999738
0.5634887694134229,0.38348207693268854
0.509396627445681,0.36983578252259547
0.5200239379928767,0.3724900700868228
0.5547822897462381,0.3823385750148616
0.5045607667879654,0.36756013797751613
0.0058493643883746295,0.023877228787471456
0.6088744317139797,0.3944702973483628
0.5731411858958892,0.3865112210858724
0.5093869750291986,0.36983199609240397
0.021322188009768244,0.046607169226924546
0.5586529087557072,0.38272100446420115
0.5209891796411232,0.3724900700868228
0.7441047866333339,0.41684809978000836
0.5345025627165763,0.37627650027830256
0.3615988262661558,0.3107220343732132
0.5200142855763942,0.3724862836566313
0.564444358645187,0.383856933521645
0.5499657339214874,0.3800705033301653
0.44950338317197724,0.3478555552610554
0.532572079420083,0.3758978572591546
0.614675534019942,0.3956100128359982
0.4098995183444176,0.3319411891662658
0.60018725687976,0.391819796214327
0.4697831102016391,0.35581084509335437
0.49586393953726327,0.3649058504132888
0.6243376029188908,0.3978856573810776
0.5837684964430847,0.38878686563095166
0.553826700514474,0.38196371842590515
0.6272333278636307,0.3982643004002256
0.5142228356869144,0.37135035459918736
0.5489811874402758,0.3800629304697823
0.5287111128270964,0.3751405712208586
0.28525786430632916,0.26941586741436035
0.3973224196677639,0.3251142555310279
0.5943958069902803,0.3906838671568831
0.5673497360064094,0.3842393629709845
0.009729635814326116,0.034108163164849804
0.4910377312960301,0.3641485643749928
0.564444358645187,0.38385693352164507
0.391550274611249,0.3224713272573749
0.34131909923649395,0.2986016713302864
0.5509213231532516,0.38044535991912176
0.39734172450072885,0.3251218283914108
0.4040887636219728,0.32852582913355116
0.4466076582272373,0.34709826922275944
0.5383635293095628,0.3781697153740424
0.5673400835899269,0.38423557654079304
0.500699800194979,0.36718149495836816
0.45819055800619696,0.35164198545253517
0.4755842125076014,0.35732920360013776
0.12288491423827956,0.1614193054929742
0.60018725687976,0.39257708225262294
0.4958735919537457,0.36490963684348027
0.25628131002596494,0.2546412168072063
0.0194110095462399,0.04131373981923581
0.5673497360064095,0.38461800599013246
0.44370228086601493,0.34557991071597605
0.25821179332245825,0.2572917179412421
0.5180838022799008,0.37210764063748336
0.46109593536741933,0.3524030579210226
0.40602889933494857,0.3289082585828906
0.3983069661489755,0.3251218283914108
0.344195519348269,0.2993513845081994
0.45626007470970364,0.3508846994142392
0.5296860068918254,0.3755230006701981
0.4726884875628614,0.35695056058098984
0.47172324591461484,0.3565719175618418
0.5702358085346668,0.38612879163653285
0.47171359349813236,0.35618948811250234
0.5915000820455404,0.390683867156883
0.553826700514474,0.3815850754067572
0.42051717647513065,0.3357276193577456
0.568314977654656,0.38499664900928043
0.46882752096987496,0.35505734548524986
0.3683651702203648,0.3141336079757364
0.5055260084362122,0.36869606703496005
0.440806555921275,0.34520126769682796
0.4369455893282885,0.3440653386393841
0.3142537234196582,0.2868485920159332
0.6224071196223976,0.3971283713427816
0.4987596644820032,0.36528449343243674
0.4301888977905619,0.33990026542875634
0.08808795281898824,0.12618657256125498
0.14126311522089555,0.17544424292221533
0.11320354050636579,0.14096122316840903
0.4118396540573933,0.3330809046539012
0.5557571838109673,0.3823423614450531
0.5847337380913313,0.3887868656309517
0.05617706392795436,0.10344527283122747
0.5364330460130695,0.37665514329745053
0.4330846227353019,0.3417934805244962
0.1325566355537109,0.17392209798524047
0.5702358085346668,0.38575014861738494
0.4263182787810929,0.3391391929602689
0.49490835030549907,0.3645309938243323
0.41858669317863734,0.3357276193577456
0.46013069371917276,0.35240305792102256
0.30554724375247355,0.28419051802151446
0.4166658622986265,0.33535276276878906
0.30072103551124035,0.2804040878300347
0.3403345527552824,0.29821545545075545
0.5441646316155251,0.37893078784252987
0.3934711054912598,0.3239821129037754
0.4717135934981324,0.35581084509335437
0.15383056148106677,0.19249075164425727
0.5605833920522005,0.38309964748334907
0.5663748419416803,0.384235576540793
0.462061177015666,0.3535389869784665
0.550911670736769,0.38044157348893026
0.4533643497649638,0.34974877035679525
0.28330807617687087,0.26865100851568147
0.2978253105665004,0.2785108727342948
0.4784799374523413,0.3592224186958777
0.10644684896863932,0.13944665109181711
0.35096186330247786,0.30389888716816665
0.10644684896863932,0.13755343599607728
0.5654096002934337,0.383856933521645
0.4475728998754839,0.34709826922275944
0.4543295914132104,0.3497487703567953
0.42245731218810634,0.33762462088367706
0.28622310595457584,0.2701731534526563
0.4543392438296929,0.3497525567869867
0.4504686248202238,0.34823419828020336
0.43114448702232616,0.34065376503686084
0.5943958069902803,0.391441153195179
0.44853814152373056,0.3478555552610554
0.48620187063831444,0.3618729198299135
0.39733207208424637,0.32511804196121924
0.1828457254273607,0.211445621182805
0.4514338664684705,0.3486128412993513
0.3297168946245693,0.2936717392209798
0.3345624076987675,0.29632981321539853
0.46592214360865253,0.35467491603591045
0.5731315334794067,0.3865074346556809
0.41472572658565077,0.3334557612428578
0.2301811758573758,0.23872306428222528
0.2756054478238627,0.26411486514628874
0.48524628140655024,0.36149806324095696
0.5934305653420336,0.390683867156883
0.48717676470304355,0.36225534927925296
0.17800021235316255,0.20272925888201856
0.24272931728458214,0.24705321070348082
0.47751469580409467,0.3588437756767297
0.5856989797395781,0.3895441516692476
0.053281338983214445,0.09738698452485982
0.508421733380952,0.3690747100541081
0.48523662899006775,0.36149427681076557
0.4069941409831952,0.3292869016020386
0.48041042074883455,0.35960106171502565
0.3190799316608914,0.2879845210733772
0.5055163560197297,0.36869228060476855
0.38671441395353334,0.3213316117697395
0.28043165606509596,0.2656294372228806
0.3529019990154536,0.3076891037898379
0.28622310595457573,0.27093043949095225
0.3123039352902,0.2849478040598104
0.19348268839103863,0.22129791254103534
0.2253549676161426,0.23872306428222526
0.26786420980492465,0.26107814813272195
0.40023744944546874,0.32815097254459463
0.14126311522089557,0.180366602171139
0.5180741498634184,0.37210385420729186
0.5151784249186785,0.3717252111881439
0.33261261956930926,0.2959435973358676
0.32583662319861784,0.29328552334144886
0.2881535892510691,0.2716877255292482
0.47461897085935467,0.3569505605809898
0.3123232401231649,0.28609130597763727
0.4997249061302499,0.3664204224898807
0.1306261522572176,0.17013566779376066
0.33743882781054246,0.29745816941245956
0.36545014044265994,0.3137473920962055
0.35288269418248863,0.30540967281456705
0.3983069661489755,0.32587911442970674
0.07359002326232372,0.11406242308813676
0.17122421598247117,0.20158575696419168
0.3934711054912598,0.3232248268654794
0.15867607455526486,0.19704204073441597
0.38767965560177997,0.3220888978080355
0.33066283143985103,0.2940428093797448
0.2127875213559714,0.22432705669421918
0.4272931728458221,0.3395216224096083
0.40893427669617094,0.33194118916626586
0.46301676624743016,0.353913843567423
0.26496848486018476,0.260699505113574
0.40700379339967774,0.33080526010882194
0.39249621142653074,0.3228423974161399
0.46785262690514584,0.3550535590550584
0.18475690389088906,0.21333126341816194
0.2195635177266628,0.2338007050333016
0.0639183019468924,0.11254027815116191
0.18282642059439577,0.20537976001605446
0.47653980173936555,0.3588399892465382
0.01650563218501752,0.041309953389044335
0.5142131832704319,0.37134656816899586
0.4852462814065503,0.36149806324095696
0.5354678043648229,0.37627650027830256
0.5238752521693807,0.3743794987523712
0.5190490439281475,0.37210764063748336
0.34516076099651555,0.2993513845081994
0.4649472495439234,0.35391384356742306
0.40023744944546874,0.3281509725445945
0.2949488904547255,0.2781398025755297
0.23888765552456054,0.242517067334088
0.5354774567813054,0.37628028670849406
0.06102257700215249,0.10837520494053415
0.21763303443016951,0.2319074899375617
0.14900435323983358,0.1871897493761856
0.35386724066370023,0.3092036758664298
0.09293346589318636,0.1333883627854495
0.36062393220142674,0.31071824794302166
0.26788351463788956,0.26297893608884476
0.45432959141321033,0.3497487703567953
0.2784818679356377,0.2652432213433497
0.17993069564965583,0.20424383095861048
0.3751218617580912,0.3182986811863642
0.03779886294533836,0.07806104482754704
0.07648574820706364,0.11974206837535643
0.37222613681335137,0.31640546609062437
0.29106861902877396,0.273967156504519
0.2784818679356377,0.2648645783242017
0.2147373094854296,0.23077156088011777
0.4350151060317952,0.3433080526010881
0.39927220779722217,0.3262577574488547
0.48137566239708124,0.3599797047341736
0.33261261956930926,0.2948076682784237
0.16543276609299137,0.2012071139450437
0.08227719809654348,0.1204993544136524
0.4726884875628615,0.3569505605809898
0.45239910811671713,0.3489914843184993
0.232130963986834,0.24213842431494
0.1306261522572176,0.16862109571716874
0.3384040694587891,0.29783681243160753
0.6243376029188908,0.3978856573810776
0.31326917693844664,0.28684101915555027
0.37898282835107777,0.3190559672246601
0.2437331685987586,0.25350528774976233
0.25628131002596494,0.2550198598263543
0.434040211967066,0.3421683371134528
0.4118300016409109,0.33269847520456175
0.0455401009642764,0.0867774071283335
0.4166465574656616,0.33496654688925825
0.48234090404532787,0.36111563379161754
0.020366598778004077,0.04585366961882007
0.38091331164757103,0.32094918232040004
0.32197565660563127,0.29252823730315286
0.4214824181233773,0.3364849053960416
0.28141620254630745,0.2656370100832635
0.20313510487350503,0.22432705669421918
0.36450420362737823,0.31072582080340466
0.5296667020588606,0.3755154278098151
0.29104931419580904,0.27358094062498806
0.2591770349707049,0.26032086209442595
0.4398509666895108,0.3440691250695756
0.23211165915386905,0.23910170730137323
0.2891381357322806,0.27283122744707505
0.47558421250760136,0.35732920360013776
0.14126311522089555,0.17544424292221533
0.46881786855339247,0.3550535590550584
0.34516076099651555,0.3038951007379751
0.444677174930744,0.34671962620361146
0.3944459995559889,0.3247431853722628
0.2842926226580826,0.26865858137606446
0.42437814306811716,0.3379994774726335
0.5422341483190318,0.3785521448233819
