0.6282738935416079,0.3522858516475927
0.5491672155829491,0.3403385259807363
0.5880932216680783,0.34962782035908296
0.31937517643737656,0.27001398091301443
0.3419591606285876,0.283055464989694
0.3582698158777956,0.2843817176076614
0.48762585866189895,0.3279491161078907
0.4549731815187729,0.3191019059355331
0.5190238700166244,0.33613319997126456
0.5340798594774318,0.33768049469222655
0.5805652269376746,0.34697531512314816
0.5227878673818261,0.337459452589232
0.4763338665662935,0.32684390559291787
0.5717825664188703,0.3445438519902079
0.5027132147674165,0.33038610529340584
0.5504218813713497,0.34299103121667107
0.5077318779210188,0.3337017368383243
0.36331984567610803,0.2907974646470787
0.38715849565571975,0.29853393825188856
0.3620338132429974,0.2907919385945038
0.4562278473071736,0.32109128486248417
0.40851918070324017,0.3062759379092733
0.32185314136946774,0.2753134653323092
0.33443116589818395,0.27576107559087315
0.35704651673410503,0.28350307524825796
0.38342586493522784,0.2965500853775123
0.4499545183651704,0.3135758533606689
0.2929644615915436,0.26027707627610375
0.43486716225965305,0.3133492852050995
0.31307048085066347,0.26801907593348845
0.3783758351369154,0.2925658014710352
0.4712838367679809,0.3228596216864407
0.4072645149148395,0.3042865589823222
0.16486308459584076,0.19283713065246103
0.14350239954832034,0.18244262575914147
0.21260311784448419,0.22003636142594263
0.2502744581412127,0.2414829714689906
0.2452557949876102,0.23750421361508836
0.19500643016216554,0.2120733196655633
0.16360841880744015,0.18819524648957514
0.18245977227815938,0.20035808820685122
0.19626109595056615,0.2136206143865253
0.18371443806656002,0.20499997236973716
0.42862519996236004,0.3120285586397069
0.36077914745459677,0.2888025596675527
0.4059784824817289,0.30428103292974734
0.3858724632226091,0.2985284121993137
0.4273391675292494,0.31202303258713204
0.34067312819547696,0.2830499389371191
0.19372039772905492,0.21206779361298844
0.21636711520968602,0.22246782455888287
0.2779084721307362,0.25386685528926123
0.2716037765440231,0.2498825713827842
0.22891377309369218,0.231088466575671
0.2238951099400897,0.22710970872176878
0.24773375991970142,0.2388249401804809
0.25780245287161635,0.2461248556318765
0.29920642388883667,0.2649134343864148
0.2565164204385057,0.24611932957930163
0.32059847558106713,0.2706715811694233
0.24400112919920955,0.23485170837915353
0.27916313791913683,0.2565193605251961
0.22762774066058156,0.23108294052309614
0.21006241962297292,0.21892562485839492
0.3205984755810672,0.2726609600963744
0.24901979235281205,0.23883046623305576
0.29170979580314294,0.25762457104016895
0.3004924563219473,0.26491896043898966
0.2703804774003325,0.24922497112637534
