0.9332765873048666,0.25213057537801065
0.9197759909206354,0.25210844566655766
0.8329821139823864,0.243607171318067
0.9105175733635243,0.25144683817219304
0.769332903606127,0.23511707995543513
0.22229567986425028,0.11667618664277393
0.011608143881483441,0.026594557933812633
0.1767721426584137,0.10354436861452491
1.3773307880260371e-05,0.008589241920351784
0.8985568328003063,0.25069694809228116
0.7469595422854323,0.2317321003907667
0.8183245597362133,0.2421517293345707
0.91398844694935,0.2518327299377432
8.263984728156224e-06,0.0057445108274535375
0.00040218059010360284,0.010783390997901144
1.1018646304208297e-05,0.007288156643075555
0.7670217425438196,0.2344556299679136
0.0007878332107508932,0.011367741385734181
5.509323152104149e-06,0.004068559263642909
0.9074323523983461,0.2513476088610516
0.48772936000947603,0.185202531355478
0.0011762404929742361,0.013561890463283542
0.005432192627974692,0.021456527205645108
0.07104823136953511,0.05794141233708576
0.6802196016208429,0.2203642014981894
0.8646138928601924,0.24757658002398997
0.10306841752956443,0.07059897726081583
0.8433974894014392,0.24487518015829607
0.1046110280121536,0.07182280543156049
0.8445516926018052,0.2448971523629059
2.7546615760520743e-06,0.0021720981195179254
0.23193975004200856,0.11745907440631144
0.6103999493142271,0.2094595302311154
0.049818054602901764,0.04845894910961776
0.6991275986788642,0.22523777823682284
0.03476933841292928,0.04362955304046879
0.8970169769792932,0.25065292492963986
0.26010340999556497,0.1268861739784362
0.32955669231256585,0.1478245824237642
0.903573071530297,0.25113804600633144
0.700284556540806,0.22660493763477182
0.01508452679046116,0.029957486540449614
0.13934731048617024,0.09042357606529164
0.9016448084270606,0.2510718931322371
0.2550926805887263,0.12364476190123674
0.14975717658207102,0.09077631264037306
0.3912803942471649,0.16262132653680814
0.23695874343357548,0.11856177981472626
0.6408775249916671,0.21380388397699437
0.8484137281314301,0.24619831639360373
0.6836959845298206,0.2229553465737262
0.6686527776630001,0.21948224193035362
0.8541985174411395,0.24644087693194952
0.4140504268348113,0.17177294664038312
0.6366325915029709,0.2128666395072368
0.6308450475316855,0.2126901530895638
0.0042724801044567665,0.018810333488451323
0.9093606155015825,0.2514137617351459
0.1922092661306095,0.11114123867004058
0.22808322383553564,0.11718343743091847
0.7500475179121865,0.2325260136333199
0.5359497108982676,0.195423544170156
0.7357701069635089,0.2285786558854284
0.4379553799917911,0.17246739431153016
0.8700130295492546,0.24773093673021002
0.8071378790758658,0.2403544975015872
0.5567749524132213,0.1982129903611326
0.7851501703758185,0.23739951161853176
0.1736841670316593,0.0978771936470245
0.8403122684362611,0.24411442210621154
0.55870872483961,0.20025286148588345
0.046349935678652206,0.04806211061847346
0.004658132725104057,0.018953664715655655
0.4422058228036396,0.17663526163973614
0.002338707678068211,0.016737385926653317
0.7569892650838379,0.23386009659422174
0.09188173686921698,0.0673133057607104
0.5521498756270299,0.19777204995392542
0.006206252530845322,0.02276863796193706
0.5046980753179569,0.18718711757830717
0.6512929004107201,0.21766288038591705
0.40284997286658353,0.1657635880562877
0.9047300293922388,0.2511711224433786
0.4001531591836285,0.16370190223377
0.490431683015583,0.18589721528688977
0.5887978932348267,0.2053248180933782
0.6165731459061596,0.21113548179492606
0.07683302067924447,0.061436489185068256
0.2809424248183989,0.13267494422879572
0.8140796262475171,0.24165550402544186
0.4730607871169987,0.18247884427148803
0.29097765693995664,0.1392243150243967
0.8923863908699494,0.2504102856378725
0.87580057352054,0.24860202832587325
0.057153718379928435,0.05314501395156239
0.015081772128885104,0.028005898001246036
0.5502216125237934,0.19714359765002953
0.04364761267254512,0.04645231192875713
0.0011789951545502879,0.01430067631075817
0.6678759630985536,0.21944900798646333
0.0007905878723269453,0.012757030495136152
0.0424879001490272,0.045415838147858135
0.49120023359530174,0.18713199018322857
0.9001021979444713,0.2507521542407813
0.8792714471063655,0.24936278637795778
0.2604918172777883,0.12829751404586962
0.6898719357833292,0.2230988353077736
0.9109004713225957,0.25145778489778725
0.12854352778489403,0.08865934191593372
0.18911578118070305,0.10608030754156153
0.0015674024367736308,0.015855347605395902
0.12275047449045648,0.08098537226072959
0.8850589910776511,0.24963850210677227
0.15285341619355355,0.09293762154113988
0.10615914781789486,0.07356498862288695
0.8896868225254185,0.25005747030936953
0.606543423107754,0.20647162541785594
0.7415604055963703,0.23107057164982364
0.7562152051809672,0.23314336170477856
0.5344043457541023,0.1928214523690251
0.0714283746670303,0.0609512106015336
0.8237236964252755,0.24262582493224655
0.5054748898824035,0.1879921350532977
0.8302853002994315,0.24317725638987553
0.5675869990992257,0.20144384947984556
0.160178061324276,0.09412829452141586
0.2986907093529025,0.14389911812706097
0.10383696810928295,0.07075325521361432
0.3249261062032225,0.1463470894822365
0.5355640582776203,0.19419971599941133
0.8136912189652938,0.24037646970619705
0.7963368510361657,0.2393400746787196
0.007360455731211142,0.02302214522587702
0.6470479669220238,0.21492848283659755
0.11233234440982756,0.07634348808826934
0.1111753865478857,0.07632143713023792
0.6956567250930386,0.22358395638446518
0.8410808190159796,0.24431280197507294
0.3835618325110669,0.16150759564937764
0.8966313243586459,0.2504544663073569
0.8734866577966561,0.24814998368622884
0.44104335561854546,0.17565383650049415
0.05406023343002196,0.048933044707293614
0.8302770363147034,0.2431770201296109
0.7724181245713055,0.23574553225933104
0.04249065481060325,0.04561437552356259
0.01663264659620242,0.032835294070395
0.7712639213709397,0.23558022882751684
0.5567832163979495,0.19976781916261338
0.8472567702694883,0.24509576849203196
0.5247630302379203,0.19196146500579914
0.8553554753030814,0.24673856486537388
0.25933485941584644,0.1253426856696573
0.06487228011602636,0.057599464980755424
0.898173934841235,0.250686001366687
0.6026896515628573,0.20639452581816745
0.7361585142457322,0.22909693215258864
0.8248806542872172,0.24263685041126226
0.23696149809515155,0.12140643215420298
0.7149448654485552,0.22777379591728097
0.27900865239201034,0.13126352540794078
0.6489762300252604,0.215534884182462
0.019715112899804692,0.033232132561539306
0.5120309844334074,0.19143208450620158
0.7782056685425911,0.2365063690648371
0.4850270370033691,0.18268864338647287
0.0826205646505299,0.061480669854552666
0.8611430192743669,0.24727889209056558
0.2099520413419609,0.11216668697192388
0.8877585594221821,0.249726705938898
0.023191495808782412,0.03445611823912704
0.7797482790251801,0.23707969397365442
0.7481165001473744,0.23208491571926967
0.5394233391456693,0.19698924094380948
0.7893923492029382,0.23786258173719188
0.7944058332713531,0.23894307868073222
0.118122643042689,0.07988282435915779
0.08262331931210594,0.06601222048343418
0.001953055057420921,0.016682258531574727
0.12815236584109466,0.08139339373773266
0.0015646477751975782,0.014488109454025368
0.026279471435536786,0.035657974205261816
0.18911578118070305,0.10462494431148682
0.8418548789188502,0.2447759508471546
0.4070976610168557,0.16700962469190686
0.2458315083700392,0.12294999921640348
0.8738723104173035,0.24827126395540172
0.24814542409392293,0.12308230496459209
0.8256519595285119,0.24268095232732514
0.877343184003129,0.24903202200748625
0.7384751846311919,0.2301444314125034
0.68060525424149,0.22131239269354114
0.04209949286680385,0.044202956702707644
0.21342291492778648,0.11431665537998882
0.005043785345751347,0.01989083043199166
0.09188724619236908,0.0675119218898364
0.6273741739458599,0.21184119120535352
0.697582233534699,0.2239366929595466
0.8009674371455093,0.24017808983733574
0.7338445985218484,0.22834719957951985
0.001953055057420921,0.01643969799322894
0.6350899810203817,0.21281151211215824
0.4865668928243821,0.18269959011206702
0.006200743207693219,0.02150055036828644
0.05831067624187032,0.05476575936687288
0.6084716862109905,0.20841210972462224
0.7859214756171128,0.23778540338408188
0.2855702562661665,0.13614797011874685
0.33495582900162807,0.15209144280284695
0.36350789623740776,0.16116580579989034
0.027053531338407415,0.04016747387611189
0.5760713567534662,0.20487277345373373
0.09304420405431094,0.06965086481888563
0.6455026017778586,0.21389200905569852
0.8572837384063179,0.2470693292358454
0.8349103770856229,0.24389383377247562
0.00039942592852755076,0.009239745182279126
0.3932086573504013,0.16355849225314414
0.7292167670740809,0.22817079191526832
0.7905520617264563,0.2382816286932107
0.7299880723153755,0.22822591931034694
0.11773699042204172,0.07733593870652704
0.2682103790138862,0.13104301582762645
0.3878040113381869,0.1618714364568962
0.3449883064616096,0.15573000838487688
0.5336275311896556,0.1927661674671034
0.003498420201586134,0.017961292850819523
0.6906404863630478,0.22353977571498077
0.8399238611540377,0.2439489611675542
0.45069844444260804,0.17967853010833884
0.8715556400318437,0.24780811508332004
0.16326603695103037,0.09733678766841124
0.20416174270909943,0.11148294976610627
0.10461653733530571,0.07343268287469834
0.78862379862322,0.23778548213750342
0.4043953380107487,0.16671185800506094
0.4584087421939777,0.18244584658786245
0.008522922916305116,0.02553611194830373
0.6821506193856554,0.22165426129644997
0.16056095928334724,0.09532999298070755
