0.0005864853979268093,0.008887420023836995
0.005695267840108534,0.02121590446908242
0.9445806629404818,0.30446777568397965
0.0028688321874492124,0.019430035592148932
0.0022964789677856995,0.01672890891578703
0.9338402074603764,0.3029432534719632
2.119826739494492e-05,0.008669631136406081
0.0005935514870584577,0.013417973354618569
0.9180051017163525,0.3015053023427006
0.9536323231181233,0.3049474557085462
1.4132178263296614e-05,0.005053791132834343
0.8818125931840499,0.2973662245370761
0.924788547282735,0.30246357344739666
0.9389277916351632,0.3032481579143665
0.031161453070569035,0.034198300048839156
7.066089131648307e-06,0.003615840003571738
0.9298761314575217,0.30276847788979994
0.04248132785946963,0.04413056226012596
0.8744567943980041,0.29732212228737137
0.9016047088417969,0.3005029289882999
0.46388168540357977,0.20823285552266338
0.9033005702333925,0.3009385067631617
0.8280820514269962,0.2903512444729264
0.8529688173486616,0.2948823422759266
0.8885960387504324,0.299239208968982
0.8405254343878289,0.2926167933744265
0.8088552228997812,0.28699675113427175
0.8727609330064084,0.29688654451250956
0.007405261409967424,0.02609546449197203
0.8671080617010899,0.2967994289575372
0.8128192989026359,0.28791200893370017
0.8320461274298511,0.2914407333822996
0.8976476989280738,0.29971888899354854
0.8382642858657015,0.2923118889320232
0.8461853717822794,0.2933578200639102
0.7698362787148193,0.2801135333470177
0.8620134114371714,0.29505657338587127
0.8416560086488927,0.29270390892939885
0.8552370319599207,0.29488288674814517
0.8111234375110404,0.287868451156214
0.47857915079740826,0.211717477721558
0.7811490874145882,0.28229196669354545
0.836003137343574,0.2918327533796752
0.8207333187300822,0.28926230003577186
0.8173415959468909,0.2888702800383962
0.8269514771659325,0.29013345558549547
0.8524035302181298,0.2942289756136338
0.8620204775263031,0.29536202230049313
0.8314808402993191,0.2907873667200068
0.809985797160845,0.2870838666892441
0.8173415959468908,0.2887396067059377
0.82921262568806,0.29043836002789875
0.8258209029048688,0.29004634003052315
0.5226998113354202,0.22522256663114892
0.04475660855986038,0.05001195116519778
0.8869001773588367,0.2988036311941202
0.8354378502130422,0.2915278489372719
0.0730350972647169,0.061381620033528594
0.8235597543827413,0.28956720447817513
0.7981147674196759,0.28512376670236594
0.8150804474247635,0.2883911444860482
0.8258209029048688,0.2900463400305231
0.774365641848206,0.28076744448152907
0.5079882137633284,0.21955896661350804
0.7958536188975484,0.28486242003744877
0.8196027444690183,0.28904451114834095
0.7981147674196758,0.2853415555897968
0.8145151602942317,0.2880862400436449
0.8456200846517474,0.29270445340161744
0.8767250090092632,0.29732266675958996
0.4695345567088984,0.20923468440484558
0.8105581503805085,0.2873457578263798
0.8212986058606139,0.28926230003577186
0.0696433744815257,0.05920373115921946
0.06851280022046198,0.0585939222744129
0.8048982129860582,0.2866047311368961
0.39374368468283866,0.18279184663742123
0.8150804474247634,0.28826047115358966
0.8246903286438051,0.28965432003314745
0.8405254343878289,0.2926167933744265
0.014753994106881664,0.026226137824430583
0.8196027444690184,0.2891751844807995
0.3400131429257849,0.16710886885352116
0.13639671850820725,0.08477595784913872
0.5588923198677227,0.23454501995762916
0.7704086319344828,0.2802447511516949
0.7387384204464351,0.2742762466916507
0.08661612057574494,0.06944089781290955
0.7721044933260784,0.2804189822616396
0.760219331406646,0.27858846666278275
0.03400202090149165,0.041168633391065544
0.8501423816960023,0.2937498400612858
0.47689035549494424,0.20927878665455035
0.786236671589375,0.2833373533532138
0.22802976236742245,0.12585529779635757
0.8003759159418034,0.2858206911421448
0.6804855816451266,0.26347173998620305
0.8495770945654705,0.2934449356188825
0.5492824386486811,0.23358674885293318
0.82921262568806,0.29043836002789875
0.8105581503805085,0.28721508449392125
0.8235597543827413,0.2895672044781751
0.020986284720995476,0.0341111844938668
0.7817143745451202,0.28255331335846257
0.8196027444690184,0.2891751844807995
0.7579581828845185,0.27793510000049
0.601882406144671,0.24591577777039714
0.8088552228997812,0.28699675113427175
0.6742674232092761,0.261555197776811
0.09226899188106358,0.07148811335476013
0.7901936815030981,0.283860046683048
0.7851060973283114,0.28311956446578296
0.8026370644639308,0.2861255955845481
0.7975494802891441,0.2850366511473935
0.7873672458504388,0.2834244689081862
0.3643346217169184,0.17577795551770867
0.7155475159163653,0.2701371688860261
0.5130899301163785,0.22191217554219905
0.7370425590548395,0.273884226694275
0.8343143420411102,0.2914412778545182
0.8037676387249946,0.28621271113952046
0.6177104457995632,0.24913905330437464
0.10302357953943231,0.07418978450334061
0.5181775142911653,0.2228704466468951
0.806028787247122,0.2866918466918685
0.7002847633920052,0.26639120002221445
0.7313826216603893,0.27262050667495713
0.7381731333159033,0.27397134224924735
0.7421301432296263,0.27510384446388814
0.7771920775008652,0.28176927336371127
0.7749309289787377,0.28129013781136325
0.7839755230672476,0.28303244891081053
0.06341108386741191,0.054106382248898945
0.27497685855809384,0.14489222444669372
0.88181259318405,0.2984987267517169
0.7935854042862893,0.28442629779036843
0.5390931381208443,0.229055651049933
0.7794532260229927,0.2822484089160593
0.6352484790243142,0.2524505333377617
0.773800354717674,0.28076744448152907
0.7206351000911523,0.2707905355483189
0.2874273076080581,0.14829082003505314
0.717243377307961,0.270572746660888
0.4995089068053505,0.21807800217897785
0.48481144141152205,0.21542097775232066
0.6991541891309414,0.2658685066923802
0.6188410200606269,0.24974886218918121
0.45314122992347433,0.2030494800018077
0.45483709131507,0.20448688665885167
0.7913242557641619,0.2839471622380204
0.1273309261523025,0.08085412445872656
0.12791034546109764,0.08346868005233467
0.6674839776428938,0.2600742333422808
0.8229944672522095,0.2892623000357718
0.4305156125239365,0.1972987644291944
0.6731368489482124,0.26094538889200447
0.6312914691105912,0.25171005112049655
0.07870210074829884,0.06800349115586551
0.869376276312349,0.2967999734297558
0.632422043371655,0.25184072445295513
0.6951830470389551,0.26547539775056744
0.8196027444690183,0.2890445111483409
0.42260159269649034,0.19516443333237138
0.601882406144671,0.24469616000078404
0.44240077444336895,0.19952130002542684
0.5515435871708086,0.2342836732927121
0.031726740201100896,0.03755224891527523
0.06510694525900748,0.05528244224102587
0.7636110541898372,0.27880625555021366
0.5600228941287865,0.2355032910623252
0.015319281237413527,0.02805556447885025
0.14092608164159381,0.09309603782121818
0.7387384204464351,0.2744069200241092
0.8048982129860582,0.2866047311368961
0.6652228291207664,0.2592901933475295
0.5255262469880795,0.2262679532908173
0.678789720253531,0.2625570266589932
0.739868994707499,0.27440692002410927
0.8642886921375622,0.2953625667727117
0.7455218660128174,0.27575721112618085
0.7330855491411165,0.2730130711445513
0.5736039174398144,0.23785649999101618
0.7788879388924609,0.281943504473656
0.5006394810664142,0.21929761994859093
0.7149822287858335,0.2699629377760814
0.7726697804566103,0.28072388670404286
0.7325202620105846,0.2727081667021481
0.4989436196748187,0.21755530884914365
0.2749909907363571,0.14550312227593742
0.4525759427929425,0.20217832445208397
0.1030235795394323,0.07867623558441741
0.1709004317380459,0.10372522447228393
0.17487157383003232,0.10660112673080913
0.34963715632308995,0.16941852000472601
0.05436648977890207,0.05301743781174437
0.7726697804566103,0.2805932133715843
0.5741692045703464,0.2398601577553806
0.7715392061955466,0.28028830892918105
0.7879325329809707,0.28355514224064476
0.8461853717822793,0.2932271467314516
0.1233739162385794,0.0791989289142516
0.7449565788822857,0.27545230668377757
0.6544682414623977,0.2574161199711865
0.19352604913758378,0.11487710445318382
0.5634146169119777,0.23755050660417576
0.7873672458504388,0.28342446890818623
0.5204386628132928,0.2240900644165082
0.6917913242557637,0.2648655888657609
0.7076334960889195,0.26839485778657884
0.37678507076688267,0.1788280888861786
0.8620134114371714,0.29505657338587127
0.1397813752022668,0.08756311113603582
0.7472177274044131,0.2761492311235565
0.7839755230672476,0.2830324489108106
0.6335526176327186,0.25197139778541366
0.7359119847937758,0.2738406689167888
0.28799259473859,0.15194967334389248
0.6906607499947,0.2645171266458714
0.12791034546109767,0.0841656044921136
0.6380749146769735,0.25449774887961224
0.23255912550080907,0.1292969066899846
0.25632238325054224,0.13936038670594852
0.763052833148437,0.2786761266899737
0.7336508362716484,0.2731437444770099
0.43108089965446833,0.19847482442132128
0.48311558001992644,0.21315597332303918
0.35133301771468545,0.1724240066512726
0.5781262144840694,0.24012150442029773
0.7596611103652458,0.2784147800250566
0.29760247595763173,0.15356131111088123
0.36039174398145857,0.174864331134936
0.30664707004614156,0.1553907377653009
0.17769094339355995,0.110041646679999
0.5119593558553148,0.22082323110504448
0.7115905060026423,0.2691353400038439
0.5357014153376531,0.22857651549758498
0.705372347566792,0.2680028377892032
0.7104599317415787,0.2690917822263578
0.37848093215847833,0.18231271108507324
0.790193681503098,0.28372937335058945
0.7443912917517538,0.2754087489062914
0.5990559704920118,0.24439125555838076
0.2676210597720479,0.1419733088829009
0.5786915016146013,0.2425607399595239
0.14827481433850806,0.09797450889967066
0.35020244345362184,0.17159640887903513
0.7240268228743434,0.2713132288781531
0.16242819086919963,0.10198345784505518
0.7556970343623911,0.27780442666803146
0.7523053115791998,0.27723817556071106
0.648250083026547,0.2566320799764352
0.4045124045194707,0.19006817336648804
0.6657881162512981,0.259638655567419
0.771532140106415,0.28028776445696246
0.6640922548597026,0.2591159622375848
0.5464560029960217,0.23114751331370695
0.7664516220207599,0.2791993644920265
0.5962154026610891,0.24360612661919231
0.6499459444181427,0.2567627533088938
0.5102634944637192,0.22008274888777937
0.588301382833643,0.2433447799542752
0.6114922873637126,0.248747033306999
0.8942489100557509,0.29932632452395436
0.5408031316907033,0.22962299110169054
0.6086658517110534,0.24730962664995498
0.6358137661548461,0.2529296688901097
0.7477830145349449,0.27645413556595977
0.4921601741084363,0.21629213330204433
0.6459889345044195,0.2562836177565458
0.7511747373181361,0.2767590400083631
0.20485299001561602,0.12027990227812618
0.5470212901265536,0.2326284777482371
0.7918966089838253,0.2843397267076146
0.7409995689685626,0.2749731711314296
0.7025459119141326,0.2674365866818828
0.6539029543318657,0.257285446638728
0.7245921100048751,0.27161813332055634
0.7494788759265406,0.2766283666759045
0.7687057044537555,0.28002641779204535
0.6691798390344894,0.26090183111451826
0.7545664601013273,0.2777173111130591
0.4180792956522354,0.19233317779576956
0.23595084828400023,0.13308643333128248
0.17429215452123714,0.10594667112407924
0.7771920775008652,0.28150792669879415
0.6211021685827544,0.2502279977415292
0.20654178531807998,0.1223701311252444
0.3745239222447553,0.17839251111131676
0.2795062216914804,0.1479418133429451
0.3999759752969525,0.18871679331997926
0.49329074836949993,0.21659703774444763
0.5215692370743564,0.22443852663639766
0.33889670084298446,0.16545476225348338
0.6997194762614732,0.2662169689122697
0.393757816861102,0.1877585222152832
0.7981147674196758,0.28521088225733826
0.5441948544738943,0.23062481998387271
0.7766267903703334,0.281464368921308
0.7121557931331743,0.2694838022237334
0.7534358858402636,0.27732529111568344
0.6940524727778913,0.2653447244181089
0.6759632846008717,0.26190365999670046
0.76700984306216,0.2799828600145592
0.05436648977890207,0.05101378004737998
0.4129917114774487,0.19080865558375315
0.5159163657690379,0.22243486887203323
0.19975127366256593,0.11945121556145158
0.4537065170540062,0.20378996221907272
0.6595558256371844,0.25815660218845166
0.7376078461853715,0.2739277844717612
0.3688710509394366,0.17813116444639968
0.36037761180319533,0.1736871821983719
0.7274185456575345,0.2722279422053629
0.3417231364956438,0.16824246001259907
0.7743656418482059,0.28098523336896
0.7828449488061839,0.28264042891343494
0.7749309289787377,0.2812030222563909
0.6086658517110534,0.24818078219967862
0.6895301757336362,0.2643864533134129
0.8026370644639307,0.28599492225208956
0.5436295673433625,0.22988433776660766
0.3140099349213191,0.16366780443211276
0.2280368284565541,0.12890488669260894
0.7257226842659389,0.27183592220798725
0.7986800545502077,0.2856029022547139
0.570763349608892,0.23759406438166192
0.6844425915588496,0.26395087553855107
0.7404342818380308,0.27466826668902633
0.2251962606256315,0.12402532666971934
0.5210039499438246,0.22439496885891144
0.18562616148840103,0.11113222453380928
0.6759632846008717,0.2624263533265347
0.26366404985832487,0.13988253556356411
0.7426954303601582,0.2753651911288052
0.7613569717568412,0.27863256891248755
0.4440966358349645,0.20156851556727745
0.6358137661548461,0.25327813110999914
0.7941577575059529,0.2848188622599626
0.4604899626203886,0.2079715088577463
0.13582436528854375,0.08425272004708596
0.7890631072420344,0.28364225779561714
0.7376078461853715,0.27392778447176125
0.7749309289787377,0.28107234892393235
0.7138516545247698,0.26948380222373347
0.6392054889380373,0.2545848644345846
0.6245080235442089,0.25153582001055186
0.3468107206704306,0.16928784667226746
0.74326071749069,0.2754087489062914
0.3530288791062811,0.17272891109367589
0.7455218660128174,0.27588788445863943
0.22689918810635873,0.12424366002936883
0.7472177274044131,0.2761492311235565
0.4836808671504583,0.21333020443298395
0.6505112315486745,0.25680631108637997
0.22180453784244034,0.12393821111474698
0.24840129733396454,0.13888070668138192
0.10131358596957342,0.07248994223694233
0.5306138311628663,0.22787959105780606
0.605839416058394,0.24713539554001024
0.6375096275464418,0.25441063332463987
0.7183739515690247,0.27065986221586036
0.3123140735297235,0.15735192669661627
0.0713392358731213,0.059987771153970755
0.44012549374297816,0.19938953774853113
0.6239286042354137,0.2503151132965016
0.6561641028539931,0.25789525552353454
0.49216017410843627,0.21572588219472397
0.19578719765971125,0.11526912445055947
0.20541121105701624,0.12180388001792403
0.7342161234021803,0.27344864891941323
0.7115905060026425,0.2691788977813302
0.6018682739664076,0.24469507105634689
0.679355007384063,0.26281837332391034
0.7093293574805148,0.26896110889389924
0.5430642802128306,0.22984077998912142
0.6459889345044197,0.25632717553403195
0.38469909059432883,0.1826176155274765
0.7579581828845185,0.27810933111043473
0.4966824711526912,0.21690194218685088
0.41751400852170356,0.19228962001828337
0.5113870026356513,0.2208226866328259
0.6951971792172184,0.2656507178049493
0.6861384529504452,0.26434289553592666
0.2687516340331117,0.14249600221273512
0.6476847958960151,0.25637073331151816
0.4231668798270223,0.19560001110723324
0.7217656743522158,0.27131322887815307
0.7381731333159033,0.27418913113667825
0.36830576380890473,0.17595327557209056
0.764176341320369,0.27911115999261693
0.21502109227605795,0.12319772889748187
0.1013135859695734,0.07201080668459432
0.42768917687127717,0.1969938599867911
0.7065029218278557,0.26830774223160647
0.6799202945145947,0.26312327776631356
0.6120575744942445,0.2490519377494023
0.5849096600504519,0.24299631773438574
0.5193080885522291,0.22395939108404964
0.3264462517930201,0.16449540220435022
0.4180792956522354,0.19324789112297938
0.7161128030468972,0.2704420733284294
0.6403360631991011,0.2553689044293359
0.7076334960889195,0.26843841556406506
0.6861384529504454,0.2641251066484958
0.7036764861751963,0.26756726001434133
0.701415337653069,0.2672623555719381
0.6635128355509075,0.2582001599659378
0.6635269677291707,0.25872394224020917
0.6623963934681071,0.2581576911328888
