0.18855030356849836,0.17241131233884005
0.3199872588102432,0.2637286492667578
0.2726614607967105,0.23948413675071276
0.2629993918977616,0.23948035032052128
0.22722753641374116,0.21522447851390183
0.3374002181446125,0.27775358669599887
0.46973484811922667,0.32512182839141085
0.570177894035772,0.3489990571788822
0.6358529357824731,0.35393656214857194
0.47360546712869567,0.3292906880322301
0.22333761257130721,0.1996887554382603
0.2533083657493653,0.22583405591042816
0.20884933543112516,0.19817039693147692
0.29970753178058124,0.25993843264508654
0.304543392438297,0.2618354341710179
0.23015221860792848,0.22091548309169595
0.31998725881024315,0.2622140771901659
0.4156330537350026,0.30919988943623844
0.19823167730041213,0.179616888993226
0.297777048484088,0.251229643204683
0.38279553286165197,0.2948038818482323
0.39823939923359813,0.30161945619289593
0.3229119410044305,0.27774980026580737
0.36925319253675165,0.2936565935002139
0.42915608922693804,0.3095823188855778
0.3557494618777811,0.2921458078538135
0.39632822077006985,0.3004910999958349
0.34608739297883234,0.28911287727043816
0.44270808196832073,0.32133539819993107
0.39826835648304554,0.30163081548347037
0.2552774587117885,0.23190748993756172
0.2726614607967105,0.23948413675071276
0.23497842684916165,0.22205141214913987
0.25525815387882356,0.22697755782825504
0.2513875348693545,0.22356598422573182
0.3866661518711209,0.2993513845081995
0.48808409185239526,0.34027133558752143
0.4311058773563962,0.3205705393012521
0.4310672676904663,0.3099533890443429
0.41274698120674513,0.30503860265580207
0.656171272478065,0.3656934278931166
0.5730832713969942,0.3501387726665177
0.3412611847375991,0.27926815877259076
0.27267111321319293,0.25008992771704763
