0.505447343266643,0.1686967592415762
0.2839890805215125,0.09719385020831461
0.31063216728508825,0.12238801480028803
0.3438148206302115,0.13683186483140744
0.3522991782844519,0.1398418206026984
0.3191165249393286,0.12377722515626845
0.4499078565702811,0.1585531610402729
0.5355365116618599,0.17131003402856596
0.45992380606080646,0.1594900117429227
0.48114847350428763,0.16662389043319975
0.3885615432716014,0.1483427799375029
0.5787406238206605,0.17364775059358428
0.5717933673258572,0.17317349748906533
0.32297580580737756,0.12698571830326386
0.37621239542616,0.1444284986266585
0.2840083631525449,0.12020457618806824
0.38046008357643224,0.1470306691812109
0.4367874034835451,0.15793549795512807
0.4132515749777561,0.15377857735251635
0.36271455370350475,0.1425210907569393
0.386636034829941,0.14819952746372012
0.44951669462648175,0.1580017295826439
0.31988232085747104,0.12525448183753154
0.473440930414494,0.16482689486048085
0.3904980703595659,0.15252167274472453
0.3252897215312613,0.12787878210353698
0.33300828326735915,0.13383269827886765
0.5559733458945902,0.17164071964561592
