0.2958783502095096,0.10825904463637695
0.27719561054543135,0.09941463791780758
0.26078108549261236,0.08804442457725815
0.29357480515259216,0.1059472155962978
0.6561146402300717,0.20605768900944713
0.6159509896057829,0.2018739644818993
0.34394188848298135,0.13043104232128108
0.34902947265776807,0.13896836670857288
0.41012287928999935,0.16301552671425718
0.35244239370835423,0.1390135579027148
0.5469859596808954,0.19372866009198314
0.3688074561372517,0.14219109777033181
0.37277859822923803,0.1446314222539952
0.3642922251821284,0.13962173337086564
0.31054755124681144,0.11574880447512603
0.4994877085379555,0.19359689781508743
0.3003723828972379,0.11526966892277804
0.324700927777503,0.12389574228169793
0.3410942545629271,0.1266834400408136
0.3869178425816663,0.1565232399799416
0.37561209997102896,0.14554668005342358
0.57920026003208,0.19760475781603482
0.6114216264723964,0.1999133200228025
0.5871001476812627,0.19895395997366933
0.5684527384628429,0.19446805336481107
0.5543134941104145,0.194119046672703
0.4870513916662545,0.18972025561881717
0.4395390083450512,0.1668066867722108
0.42879148677581413,0.16606566008272713
0.47065099879169875,0.17486650902381032
0.4831085139307947,0.18314412016284073
0.45991054331159326,0.17329842903430775
0.4474671603507606,0.17290586456471352
0.471209219833099,0.17700029564841468
0.6187774252584421,0.20492300890593207
0.6600645840546633,0.20954176673612318
0.7160421421555812,0.21394219120666477
0.34336953526331787,0.12855751341715663
0.32808558447156255,0.12668289556859505
0.37785911631489316,0.1512081021821902
