0.011878095830300802,0.004922573328157217
7.066089131648307e-06,0.002352664456472441
0.01866154139668318,0.005358151103019044
0.9253609005023985,0.30202854014475344
0.8529688173486616,0.2948823422759266
0.8552370319599207,0.29488288674814517
0.8461853717822794,0.2933578200639102
0.8524035302181298,0.2942289756136338
0.8495770945654705,0.2934449356188825
0.869376276312349,0.2967999734297558
0.9146204450222931,0.300504017932737
0.8744567943980041,0.29732212228737137
0.88181259318405,0.2984987267517169
0.8501423816960023,0.2937498400612858
0.8484535863935385,0.2933583645361288
0.8320461274298511,0.2914407333822996
0.8246903286438051,0.28965432003314745
0.8461853717822793,0.2932271467314516
0.3558270504024139,0.1549116022129529
0.8280820514269962,0.2903512444729264
0.8671080617010899,0.2967994289575372
0.8869001773588367,0.2988036311941202
0.8885960387504324,0.299239208968982
0.8207333187300822,0.28926230003577186
0.8105581503805085,0.28721508449392125
0.8840808077953092,0.2984992712239355
0.7704086319344828,0.2802447511516949
0.8314808402993191,0.2907873667200068
0.8908642533616915,0.2992397534412006
0.03450371322983868,0.012023580002842146
0.18895428946940737,0.08708343111146925
0.8145151602942317,0.2880862400436449
0.82921262568806,0.29043836002789875
0.8150804474247634,0.28826047115358966
0.8767250090092632,0.29732266675958996
0.8173415959468909,0.2888702800383962
0.8343143420411102,0.2914412778545182
0.8128192989026359,0.28791200893370017
0.8111234375110404,0.287868451156214
0.8258209029048688,0.29004634003052315
0.034517845408101974,0.01694669780321794
0.8196027444690183,0.2890445111483409
0.6595558256371844,0.2567191955314076
0.8642886921375622,0.2953625667727117
0.42539976399262314,0.18074463109557065
0.8060358533362536,0.2860390245017943
0.79075896863363,0.2836422577956171
0.8105581503805085,0.2873457578263798
0.08430550942969593,0.04086318447644369
0.23307495000741937,0.10337621778017586
0.8145151602942315,0.2879555667111864
0.8405254343878289,0.2926167933744265
0.7749309289787377,0.2812030222563909
0.5679369139562326,0.22966654887917673
0.8439242232601518,0.29270445340161744
0.48876845132524516,0.20592538226033288
0.5543700228234679,0.22600769557033742
0.8269514771659325,0.29013345558549547
0.7771920775008652,0.28176927336371127
0.19743359642738534,0.08926131998577838
0.7641904734986323,0.27850244005224756
0.8037747048141262,0.28569056228190487
0.7421301432296263,0.2747118244665125
0.43502377738992803,0.18832477332260358
0.7726697804566103,0.2805932133715843
0.8009482691614669,0.2856034467269325
0.3354767137032667,0.15269015556115756
0.36262462814705954,0.1649745377566982
0.3349114265727348,0.14872639780991492
0.7941648235950844,0.2843402711798332
0.6182757329300951,0.24591577777039714
0.8727609330064084,0.29688654451250956
0.7958465528084167,0.2844262977903684
0.37619151927982425,0.16562790441899095
0.62279802997435,0.2460464511028557
0.7873672458504388,0.28342446890818623
0.3909031168519161,0.17207554443138312
0.8382642858657015,0.2923118889320232
0.7794532260229926,0.28207417780611455
0.8258209029048688,0.2900463400305231
0.6770938588619355,0.26212144888413136
0.8620204775263031,0.29536202230049313
0.5249609598575476,0.21598831780407823
0.5549353099539998,0.22705308223000578
0.8196027444690184,0.2891751844807995
0.8456200846517474,0.29270445340161744
0.4378643452208507,0.19154913780101826
0.5911278184863024,0.23724669110620963
0.5990418383137484,0.24090554441504897
0.5373972767292488,0.21847111112079062
0.8196027444690184,0.2891751844807995
0.8082970018583812,0.2867359489415732
0.11429399170441136,0.0551523133807859
0.21272461330827228,0.10076275113100491
0.2811526204591545,0.12132419999335742
0.8235597543827413,0.28956720447817513
0.7935854042862892,0.28429562445790985
0.7958606849866802,0.2845145022897779
0.836003137343574,0.2918327533796752
0.8003829820309349,0.2850807533970983
0.6437277859822922,0.25558669331676687
0.7517400244486678,0.27658480889841836
0.20705760982469032,0.09662367332538041
0.7805838002840564,0.2821612933610869
0.5164816528995697,0.2156398555841888
0.7421301432296263,0.2747118244665125
0.029981416185583767,0.011718675560438867
0.04301128454434324,0.024483282252764697
0.2817320397679496,0.12633443334870562
0.06846333759654044,0.030756691155212148
0.5266568212491434,0.21755639779358082
0.5475865772570856,0.2239169222510006
0.08146494159877332,0.03855353332523885
0.7918895428946936,0.28368581557310324
0.42597918330141826,0.18536284445354315
0.21837748461359088,0.10089342446346346
0.4299361932151413,0.18662602000064246
0.6097964259721171,0.242779617791392
0.40109241737975293,0.17969924443590224
0.43558906452046003,0.19050266219691273
0.7065029218278557,0.26830774223160647
0.7924548300252254,0.283860046683048
0.58434437291992,0.2353737066743038
0.4316320546067369,0.18662602000064246
0.7387384204464351,0.27401490002673357
0.6244938913659456,0.2480501088672201
0.4321973417372688,0.1870180399980181
0.5255262469880796,0.21659812668888476
0.773800354717674,0.2807238867040429
0.5221345242048884,0.21568341336167496
0.7602334635849093,0.2777619578349825
0.8212986058606139,0.28926230003577186
0.13520961553409033,0.06403809998796715
0.14200719327873598,0.07336055331444741
0.6618311063375752,0.25789634446797166
0.5521088743013405,0.22413471113843153
0.6437277859822923,0.2531039000000544
0.24722126044897927,0.11374405776632451
0.7387384204464351,0.27423268891416447
0.8150804474247635,0.2883911444860482
0.7607846185371777,0.27793510000049
0.2031005999109673,0.09170164446944176
0.7551317472318592,0.2771510600057387
0.08939309360448272,0.04617723332975797
0.8416560086488927,0.29270390892939885
0.7059376346973238,0.26804639556668935
0.7115905060026423,0.26917889778133014
0.7138516545247697,0.26935312889127483
0.7336508362716484,0.2731437444770099
0.7455218660128174,0.27575721112618085
0.7019806247836008,0.2675237022368552
0.5877360957031111,0.2365933244439169
0.7426954303601582,0.2749731711314296
0.54078899951244,0.21969072889040372
0.7545664601013272,0.2770639444507664
0.8620134114371714,0.29505657338587127
0.7981218335088075,0.28464517562223646
0.47744857653634454,0.20348505777666945
0.10693112682923381,0.0520150644573436
0.8405254343878289,0.2926167933744265
0.2574105609768162,0.11483409114791622
0.5849096600504519,0.23576572667167944
0.6804855816451266,0.26268769999145175
0.1674592463309332,0.08063579109907706
0.09223366143540533,0.051927948902371235
0.7466524402738812,0.27588788445863943
0.7325202620105846,0.27231614670477244
0.7053723475667918,0.2676979333467999
0.8235597543827413,0.2895672044781751
0.3858155326771293,0.16981054000210163
0.8003829820309349,0.28495008006463973
0.74326071749069,0.2751909600188605
0.16463281067827387,0.07976463554935341
0.4536923848757429,0.19342212223292413
0.8043399919446581,0.2858212356143634
0.6459889345044195,0.2560658288691149
0.7890631072420343,0.28351158446315855
0.7449565788822856,0.27523451779634667
0.8009482691614668,0.2851243111745845
0.8229944672522095,0.2892623000357718
0.5888666699641749,0.23685467110883404
0.6058394160583942,0.24234404001653018
0.30380650221521893,0.1339156645201757
0.5045964909801373,0.21154433555605043
0.7856713844588431,0.28307600668829674
0.7828449488061838,0.2822919666935454
0.7008500505225369,0.2666961044646177
0.7494788759265405,0.27645413556595977
0.47518742801421715,0.2014378422348189
0.640336063199101,0.25284255333513733
0.7896283943725663,0.2835551422406447
0.7443912917517538,0.27519096001886045
0.4932907483695001,0.2065351911451394
0.7811490874145883,0.2822484089160593
0.5786915016146014,0.23441543556960776
0.3620593410165277,0.15896356446360502
0.6652228291207662,0.2593337511250157
0.8071664275973173,0.28647460227665617
0.7240268228743434,0.27096476665826363
0.6731368489482124,0.26090183111451826
0.7364772719243077,0.27379711113930266
0.804339991944658,0.28569056228190487
0.791903675072957,0.28377402007251284
0.7364772719243079,0.27392778447176125
0.4011065495580162,0.18000523782274272
0.541368418821235,0.22086787782696785
0.2325096628768875,0.1018081377906733
0.6838773044283177,0.2636459710961478
0.7721044933260784,0.2804189822616396
0.5385419831685757,0.21951758672489619
0.8196027444690183,0.28904451114834095
0.5588781876894595,0.22722622439551335
0.6799202945145947,0.26225212221658994
0.0644921955045541,0.028621271113952046
0.7155475159163653,0.2701371688860261
0.7743656418482059,0.28098523336896
0.7398689947074989,0.27436336224662305
0.6171451586690313,0.24391212000603274
0.7426954303601582,0.27475538224399865
0.7766267903703333,0.2812465800338771
0.6341179047632506,0.2505775489058558
0.6934871856473594,0.2643864533134129
0.27549974915383585,0.11975612000385488
0.45483709131507,0.1983887978107861
0.7607846185371777,0.2778479844455176
0.7087640703499831,0.26865620445149596
0.32583856812769835,0.13883660443167717
0.6539029543318656,0.25615294442408726
0.721765674352216,0.2702678422184847
0.7924548300252254,0.2842085089029375
0.7834102359367157,0.28250975558097635
0.5045964909801374,0.2113701044461057
0.6991541891309414,0.26565071780494937
0.29587835020950953,0.13008149115695444
0.2415683891436606,0.1117404000019601
0.09108895499607832,0.04748396665434345
0.4078899951243986,0.18022302671017362
0.12051215014026187,0.06277492444086787
0.7788879388924609,0.281943504473656
0.6985889020004095,0.26504090892014276
0.7155475159163655,0.2694402444462472
0.832046127429851,0.291310060049841
0.5594576069982546,0.22814202666716035
0.592823679877898,0.23746447999364056
0.7834102359367157,0.2823790822485178
0.5939542541389615,0.2385534244307951
0.7477830145349449,0.2760621155685841
0.7155475159163655,0.2696580333336781
0.7540011729707954,0.2769332711183078
0.26702044219585785,0.11858006001172793
0.5526741614318724,0.22504942446564138
0.4514312363536155,0.19233317779576953
0.786236671589375,0.2833373533532138
0.691791324255764,0.2639944333160372
0.7839755230672476,0.28303244891081053
0.6951971792172185,0.26495379336517044
0.26700631001759456,0.11648819774795402
0.02263268348866953,0.011544444450494136
0.7279979649663298,0.2720548000398553
0.8354378502130422,0.2915278489372719
0.7472177274044131,0.27588788445863943
0.7749309289787377,0.28107234892393235
0.8229944672522095,0.28926230003577186
0.7223309614827478,0.270572746660888
0.23929310844326987,0.10359400666760679
0.2856890496816727,0.12960126666016927
0.4621858240119842,0.20061024446258144
0.571908056048219,0.23293447113507756
0.755697034362391,0.27745596444814197
0.6335384854544555,0.24874703330699904
0.6154492972774358,0.24321519556625384
0.6544682414623975,0.25654496442146285
0.19856417068844906,0.08939199331823694
0.5413542866429718,0.21982140222286228
0.5447460094261629,0.2209974622149892
0.740434281838031,0.2744504778015954
0.7975565463782757,0.2845580600672641
0.5458765836872267,0.22138948221236485
0.8942489100557509,0.29932632452395436
0.7647557606291642,0.27893801782710936
0.7726697804566103,0.2805932133715843
0.49498660976109565,0.2103247177864373
0.29983536012323253,0.13156245559148466
0.30548823142855125,0.13787833332698116
0.6708757004260849,0.2604226955621703
0.7641763413203689,0.2781528888879209
0.7540011729707954,0.2770639444507663
0.32585270030596164,0.14524068666658319
0.48820316419471327,0.20422662893837173
0.1787791211198338,0.08516688890207721
0.3971354074660298,0.177260008896676
0.7692780576734191,0.27933003782448507
0.6414666374601647,0.2529296688901097
0.7771920775008652,0.28155148447628037
