0.10445092688435118,0.09974524897629877
0.1296383425864935,0.14728587927785544
0.15353972585552522,0.18310575206812518
0.13343370659640538,0.16232226833406094
0.8090712336501364,0.39629533435381115
0.281641102851228,0.24833527666182217
0.30049245632194727,0.25872978155514176
0.18995640036385308,0.20742590945010253
0.22765910730529157,0.2105315509971762
0.24901979235281205,0.23728317151209377
0.41984253944355576,0.3069445902708319
0.7412251811423732,0.38168997739844507
0.8304319186976569,0.3976271130243534
0.7425112135754838,0.3850111349959384
0.7638718986230044,0.3945214714772797
0.7463065775853958,0.38722708207845896
0.12204761456666982,0.11080288017860201
0.5189925033719143,0.3323699581677821
0.5466265173614379,0.34740634722398755
0.5817885260813651,0.3538220942634049
0.608167874282488,0.3611220097148005
0.5591731752454441,0.34961676825393323
0.5039365139111069,0.32949641082885267
0.4976631849691039,0.3290543266228635
0.6646592014052257,0.37439006194704944
0.6144412032244911,0.3637745149507353
0.5277751638907185,0.34143268439055935
0.461215143816066,0.3184332535739745
0.5968445155421725,0.36089544155923103
0.5189611367272043,0.331480263703229
0.45745114645086415,0.3111388641751538
0.33941846240707635,0.26006156022568405
0.35572911765628434,0.27774492846524945
0.3833631316458078,0.283055464989694
0.39092249302092164,0.2854924541752091
0.3921457921646122,0.2892446438735419
0.35074182114739194,0.27399273876691665
0.34694645713748,0.2686822022424722
0.3947178570308334,0.28969778018468073
0.4549731815187729,0.3102602218157504
0.5152285060067124,0.33060162134382554
0.4109971456353314,0.30140748559081804
0.40095981932812647,0.2899132962351004
0.5792791945045639,0.35050646271848634
0.37834446849220543,0.28128712816573737
0.477557165709984,0.3221964953774571
0.6596405382516233,0.37262172512309294
0.5265518647470281,0.3337017368383243
0.4398544587685455,0.30914395919562787
0.5880618550233682,0.3553693889843669
0.389636460587811,0.28438171760766134
0.5981305479752832,0.3609009676118059
0.6885292180295474,0.3805847668834722
0.8492832721683763,0.4097899547416295
0.67344186192403,0.37637944087400055
0.6835105548759449,0.37793226164753746
0.6483485461560178,0.3697481777841635
0.6106458392145793,0.362442736280193
0.6307518584736992,0.36775327280463754
