0.26080228376000736,0.12149843110330218
0.2919354724740498,0.14197385335511944
0.2749697924689622,0.13800955113165828
0.2806297298634125,0.13827144226879395
0.28684788829926305,0.13970884892583796
0.4763250683644123,0.21041128886919108
0.5447530755152944,0.22578936221068788
0.5357084814267846,0.22287099111911363
0.5306138311628663,0.22243486887203323
0.2687233696765851,0.1278584110885034
0.5639869701316412,0.227924782251948
0.43729905809031866,0.19912819108361404
0.4610552497509203,0.20679544886561935
0.4435242826153009,0.20344095552696473
0.4706651309699621,0.20766660441534301
0.43503084347905957,0.19912764661139545
0.4067594208633348,0.18919592887232728
0.31173465422092833,0.15103496001668262
0.2738392182078984,0.1367028178070728
0.31456108987358766,0.1533435222234503
0.28854374969085855,0.140187984478186
0.3207933804877015,0.15774394669399192
0.34906480310342636,0.16588979555612665
0.3281421131846157,0.15996539334578724
0.5832137986588563,0.23519947556435905
0.6216674557132863,0.24277961779139198
0.5645522572621731,0.23101738445346698
0.5498477257792129,0.2258770222378788
0.5685092671758961,0.23171430889324587
0.5532394485624041,0.22731442889492284
0.4797167911476035,0.2118486955262351
0.4938560355000318,0.21376578220784573
0.46218582401198405,0.20683900664310556
0.5012118342860776,0.21773008443130695
0.44465485687636463,0.20426855329920218
0.44238664226510555,0.20309194883485665
0.33209912309833883,0.1603138555656767
0.30721235717667345,0.15086072890673788
0.31965574013750614,0.15343118225064126
0.4197751570438309,0.1941626044501892
0.4734915666226214,0.2089297799624423
0.3038277004826138,0.1502950222716361
0.2891019707322588,0.1404923444483707
0.2925078256937133,0.14454430669902282
0.3038135683043506,0.14689642668327668
0.3038206343934822,0.14959755335963856
0.3202139611789063,0.15373554222082594
0.46388168540357966,0.2069261221980779
0.39375781686110184,0.18675669333310105
0.42486274121861767,0.19808280442394566
0.41298464538831686,0.19316023109578845
0.43843669844051414,0.20143729776260033
0.4316461867850001,0.19851838219880746
0.516474586810438,0.22043066663545027
0.5803802969170653,0.23428421776493066
0.6041294224885352,0.2378564999910162
0.39714953964429306,0.1880198688802003
0.3654722620671137,0.1756478266574687
0.4214568862571632,0.19620873104760264
0.48368086715045816,0.21319953110052536
0.6075211452717265,0.23868409776325367
0.5645451911730414,0.2289260666619116
0.5741621384812148,0.23184498222570443
0.5950848284000254,0.2365933244439169
0.5662410525646369,0.23162664886605494
0.3485065820620261,0.1656289933634281
0.349071869192558,0.17055102221936674
0.3841408695529285,0.18388133554679442
0.45766352696772916,0.2046175599913102
0.2970301227379682,0.14676575335081815
0.33718670727312555,0.16144635778031743
0.3230474629206973,0.15952927109870682
0.34567308032023514,0.1649315244514306
0.33322969735940244,0.1612721266703727
0.32022102726803797,0.15560907112495037
0.3140028688321874,0.15321339336321033
0.5504059468206131,0.2264862866504668
0.6476635976286205,0.24338888220397997
0.6171239604016365,0.23881422662349366
0.5899831120469752,0.23550329106232518
0.36999455911136864,0.17799994664172258
0.3581235293701995,0.17203253112611555
0.36377640067551814,0.17556071110249633
0.3745239222447552,0.17882808888617863
0.3513400838038171,0.17133560668633663
0.37622684972548237,0.18213902444734711
0.3632111135449863,0.17529936443757926
0.3818797210308011,0.18279239110963982
0.41749987634344016,0.19333391773351458
0.4090135032963305,0.19268000659900328
0.37282806085315956,0.17869741555372007
0.3920548893803746,0.18510095331640755
0.3892284537277153,0.1841426822117115
0.36321111354498625,0.1734263800056734
0.3615152521533907,0.17238099334600498
0.397149539644293,0.18719227110796285
0.33775906049278903,0.16362479112684514
0.4078899951243984,0.19106891330423312
