0.5139738402183119,0.3244124424599776
0.39970515353972585,0.29079746464707873
0.34572315799378944,0.27554003348787864
0.34192779398387757,0.2711136653754124
0.44117185784636614,0.3080498007858047
0.40472381669332835,0.2956603909129592
0.4085191807032401,0.30008675902542536
0.4537185157303723,0.31556523228762
0.2703491107556225,0.2383883820270666
0.2804178037075374,0.25121435005332643
0.40095981932812647,0.2945551803979864
0.4486684859320598,0.30937052735119724
0.35576048430099433,0.2779714966208189
0.3218217747247577,0.2633716657180277
0.3004610896772372,0.25562966606064297
0.3205671089363571,0.26337166571802767
0.363257112386688,0.28216577052514086
0.39343182459772286,0.2903553804410896
0.29672845895674543,0.25452998159824497
0.5277751638907187,0.33568558971270057
0.48132116307518585,0.3226385795834462
0.5239797998808068,0.33125922160023435
0.48006649728678524,0.32087024275948967
0.3670524763965999,0.2865921386376071
0.27536777390922496,0.24678798194086018
0.34067312819547696,0.2691242864484613
0.32436247294626896,0.2677980338304939
0.4310717982497413,0.30295478031177997
0.34315109312756814,0.2744237708677561
0.3908597597315015,0.289239117820967
0.3042564536871491,0.2600560341731092
0.3833631316458079,0.2879183912555745
0.19497506351745553,0.2034471515962003
0.21131708541137356,0.22003083537336776
0.25278378971801385,0.23551483468813725
0.23142310467049343,0.22777283503075252
0.248988425708102,0.22909908764871992
0.1911796995075437,0.19703140455678297
0.22888240644898217,0.2233464669182863
0.22762774066058156,0.22334646691828625
0.24898842570810203,0.231088466575671
0.23270913710360405,0.22777836108332739
0.24396976255449956,0.22799387713374708
0.26407578181361946,0.2357358767911318
0.2075217214014617,0.21560446726090152
