0.8543019353219786,0.4126635020805588
0.9510053009629561,0.42262697487303896
0.4336124964712525,0.29544487486253956
3.136664471001537e-05,0.022330778455026224
0.7400332486433926,0.3892164610054101
0.8593205984755812,0.41531600731649365
0.6835105548759448,0.3792585142655047
0.7726545591418087,0.39496355568326885
0.9170979580314295,0.422179364614475
0.895737272983909,0.42128967014992186
0.3318591010319626,0.25475102370123953
0.8593205984755812,0.4157580915224828
0.03284087701138609,0.0864661446389001
0.3745804711270036,0.27355065456092753
0.20504375646937048,0.21406269859251442
0.04033750509707977,0.08690270279231438
0.2464477274865908,0.23263023524405813
0.18362033813242998,0.18597377335447973
0.30042972303252724,0.2516453821541659
0.5390671559863242,0.325738695077945
0.7362692512781909,0.3865639557694752
0.28794579843794116,0.2485618448173916
0.8907186098303065,0.418637164913987
0.005112763087732505,0.04245666193268163
0.44487312192214806,0.29676560142793207
0.7475612433737963,0.3931952188593123
0.6332925566952102,0.3624537883853428
0.9183839904645401,0.42218489066704984
0.5516138138703303,0.33502246340371694
0.807816567861736,0.404031807958621
0.37708980270380477,0.2821712965777157
0.1246510460776011,0.15701725786219128
0.02399548320316176,0.0731925663540763
0.6722185627803393,0.3730693353816569
0.8128352310153384,0.40447389216461005
0.029014146356764216,0.07385569266306
0.5629058059659359,0.34563248434745614
0.1434082996141903,0.16474267936185144
0.4851165270850977,0.3168970109581623
0.5503905147266398,0.33436486314730807
0.830431918697657,0.4084581760710872
0.4474451867883693,0.30760771657981567
0.33189046767667263,0.26359823387359715
0.00887676045293435,0.04577229347760015
0.5340798594774318,0.3255231790275253
0.04667356732850288,0.1048181652400241
0.015212822684357455,0.06280358751333161
0.7826918854490136,0.4007106503611276
0.22759637401587157,0.21825697249683637
0.15099902763401402,0.1700587419388708
0.738778582854992,0.38722708207845896
0.012672124462846211,0.057272008885892546
0.6872745522411468,0.3827951879134178
0.042878203318591004,0.08933969197782948
0.6810012232991437,0.37417454589662974
0.8178852608136508,0.4071319234531197
0.7299959223361876,0.3834693663275513
0.5478498165051284,0.33325412657976033
0.7814685863053229,0.3991688816927405
0.17232834603682448,0.18553168914849055
0.11075562247106427,0.1448433640397655
0.7915059126125279,0.4029265974436481
0.781437219660613,0.39916335564016564
0.1873843354976318,0.19172086803233848
0.6106772058592892,0.3593536728908439
0.07430758131802642,0.12449643845911551
0.873121922147988,0.41686330203745564
0.575515197139362,0.3485170837915353
0.07437031460744645,0.14064356408286868
0.20121702581474862,0.1945999414238427
0.5943351839653712,0.357358767911318
0.7651265644114049,0.39474251358027423
0.8329412502744582,0.4122158918219948
0.7324738872682789,0.38412696658396017
0.3369091308302752,0.26890324434546675
0.7249458925378752,0.38280071396599274
0.09322166807816569,0.14462784798934578
0.48633982622878835,0.318659821729544
0.0025720648662212603,0.03405153596631319
0.18863900128603248,0.19326816275330044
0.7739092249302093,0.3967318925072254
0.4135064772121327,0.2925658014710353
0.6696778645588282,0.37284276722608745
0.6382798532041027,0.3712899464525506
0.16351431887331014,0.1724846790192362
0.3218217747247577,0.2518774763623101
0.3519964869357925,0.2695718967070253
0.015181456039647441,0.0603665983278165
0.06172955678931025,0.11564922828675792
0.5152285060067125,0.3226441056360211
0.0189768200495593,0.06987693480915778
0.5215018349487156,0.3235282740479994
0.6822558890875443,0.3743955879996243
