0.5587114795011859,0.19784938581387843
0.4807821035146727,0.18435341196442462
0.43642378815550625,0.17723071626000636
0.3357326435660747,0.15327132656437178
0.33920351715190034,0.15417541584366062
0.45300960550491576,0.17932563602641427
0.28403866442988146,0.1396654129384469
0.22152712928453175,0.1173818960532014
0.22654336801452257,0.12233241488468019
0.3164445032105581,0.1517055510372968
0.3569462923632517,0.1592251639862809
0.32377190300285663,0.15204734088678404
0.2273119185942411,0.12257489666960444
0.3719977632148003,0.16463898919668443
0.24391150925153093,0.1290032234562971
0.28480721500959993,0.14026071005187415
0.34229149277865467,0.15758236761293895
0.33997482239319493,0.15555360072062535
0.3608110825544528,0.1610997316792175
0.30718884031502314,0.14904841059450882
0.5139592475366439,0.19014210346136254
0.4807848581762488,0.18515835068599354
0.469207015572102,0.18176226688888786
0.5228320124731076,0.193152137986075
0.5023869142556492,0.1887197379149134
0.48965762311271255,0.18723121949437
0.4989160406698235,0.18827871875428467
0.5316992680864194,0.19331744141788923
0.4776968825494945,0.1836588067864344
0.3955280823974371,0.1673183381043469
0.3210750893199016,0.15190408841300126
0.3797108156277461,0.16473821850782588
0.31451624010732165,0.15033839163934778
0.40517215257519545,0.1695455636189434
0.3349585836632041,0.15309484014669877
0.3588800647896403,0.1602617165206014
0.37122370331192966,0.16225740697586785
0.3662102192435148,0.16175023494114485
0.3372724993870878,0.1535689357443746
0.37045515273221113,0.16178339013161355
0.3808677734896879,0.16527846697959606
0.38125618077191126,0.1663921191136051
0.25161905234132464,0.13011663933004153
0.24043512634255318,0.12689719945745193
0.29098041160153265,0.1442189357719383
0.2080237782387245,0.1151876682222305
0.4051693979136194,0.16904933830981458
0.45648047909074135,0.18067074446633183
0.42676869933144357,0.17259962130629722
0.5463623316557445,0.19643788823960195
0.5201269348054246,0.19104611398722984
0.30409535536511667,0.14536566434299447
0.3314877100773785,0.15259869359099149
0.23734990537737488,0.12632387454863464
0.2871266400566359,0.14238878500875068
0.2658992179515786,0.13645660477776536
0.2693728461989803,0.13730564541539717
0.22461510491128617,0.12106448479787266
0.39822489608039213,0.1679026097387584
0.4182898510003554,0.1720485048623544
0.3920572088116115,0.16727423618828405
0.38087052815126404,0.16544392791825335
0.4109596965464808,0.1712545916198012
0.2589547161183513,0.1339537422877759
0.22809148782026384,0.12605918429883586
0.2778516945300685,0.13732753886658552
0.27862850909451525,0.13831998948484317
0.2527815195264186,0.13102088611617344
0.25740935097418605,0.13332521123045843
0.2543213753474317,0.13127439338011343
0.278245611135444,0.13773571785043168
0.2631968949454715,0.13581704824143218
0.2496935438996642,0.12998441233527444
0.28287344258321145,0.13877211287790917
0.262428344365753,0.13397587199922886
0.42754551389589035,0.1745292376408909
0.5216695452880137,0.19105713946624556
0.3500072998531766,0.15800141456895775
