9.652416482466385e-06,0.0022756445450793444
0.0019497881294582098,0.009852291358230372
0.8870474223221788,0.4354356855899825
0.828129072113204,0.428983608543701
0.8088049343153061,0.4248109624726903
0.8165365199177618,0.42708660701776957
0.7218752714742139,0.40699202199158646
0.6600708487369815,0.4031942325095323
0.7759674134419554,0.42253153149741945
0.7585834113570334,0.4176053858183043
0.5557571838109673,0.3823423614450531
0.7643748612465133,0.4187413148757482
0.7392689259756182,0.4160870273115209
0.8725494927655143,0.4342921836721556
0.553826700514474,0.38196371842590515
0.7711412052007223,0.42101695942082756
0.6880821613690989,0.40623094952309907
0.585698979739578,0.38954415166924766
0.5547919421627207,0.3823423614450531
0.60018725687976,0.39257708225262294
0.5663748419416803,0.384235576540793
0.7411994092721115,0.4160870273115209
0.5760465632571117,0.38727229355435977
0.8580708680418148,0.4331562546147117
0.5856989797395781,0.3895441516692476
0.5702454609511494,0.38613257806672435
0.5692802193029027,0.3853752920284284
0.5702358085346668,0.38612879163653285
0.5827936023783556,0.38802579316246427
0.5741064275441359,0.3865112210858724
0.5837684964430847,0.38878686563095166
0.6407467109390836,0.4005361585151135
0.5943958069902803,0.391441153195179
0.5847337380913313,0.3891655086500997
0.6562098821439949,0.4020583034520884
0.6871169197208523,0.4050950204656551
0.5721759442476426,0.38613257806672435
0.588594704684318,0.3903014377075436
0.6040482234727466,0.39371301131006686
0.5547822897462381,0.3823385750148616
0.5489908398567583,0.3800667168999738
0.6069439484174863,0.3940916543292149
0.5383731817260452,0.3781735018042339
0.7489213424580846,0.41722295636896484
0.5915000820455403,0.3906838671568831
0.5596181504039538,0.38309964748334907
0.7276860261966587,0.4081355239094134
0.7556876864122936,0.4176053858183043
0.560593044468683,0.38348207693268854
0.8909083889151654,0.4369502576665744
0.5509213231532516,0.38044535991912176
0.5827936023783556,0.3880257931624642
0.5383635293095628,0.3781697153740424
0.564444358645187,0.38385693352164507
0.6030829818244999,0.3933343682909189
0.5489811874402758,0.3800629304697823
0.529676354475343,0.3755192142400066
0.5316068377718364,0.3758978572591546
0.568314977654656,0.38499664900928043
0.5789422882018516,0.3876509365735078
0.550911670736769,0.38044157348893026
0.5605833920522004,0.38347829050249704
0.5460951149120183,0.3796880738808258
0.8542099014488281,0.43202032555726777
0.5441742840320075,0.37931321729186934
0.5992220152315134,0.3921984392334749
0.5238849045858631,0.3743832851825627
0.5992220152315133,0.39219843923347497
0.5586529087557072,0.38272100446420115
0.5731411858958892,0.3865112210858724
0.540294012606056,0.3785483583931904
0.7073966467505143,0.40699202199158646
0.5692802193029026,0.38537529202842846
0.5403036650225386,0.3785521448233819
0.8580708680418146,0.4342921836721556
0.5528614588662274,0.3812064323876092
0.5943861545737977,0.3914373667649875
0.6098493257787089,0.3948527267977023
0.564444358645187,0.383856933521645
0.5093869750291986,0.36945335307325605
0.5692705668864202,0.38537150559823696
0.5287111128270964,0.3751405712208586
0.5460854624955359,0.3796842874506343
0.5799075298500982,0.3876509365735078
0.5731315334794067,0.3865074346556809
0.5982567735832667,0.391819796214327
0.5876294630360712,0.38954415166924766
0.5461047673285009,0.3796918603110173
0.7392689259756182,0.415329741273225
0.8561403847453215,0.43202032555726777
0.5441646316155251,0.37893078784252987
0.5885850522678354,0.3902976512773521
0.7498962365228138,0.4176053858183043
0.5538170480979915,0.38195993199571365
0.49393345624076995,0.36452720739414085
0.5151784249186785,0.3717252111881439
0.8542099014488281,0.4312630395189718
0.5663651895251978,0.3842317901106015
0.8590361096900614,0.4342921836721556
0.7479657532263205,0.4164694567608604
0.016467022519087653,0.024255871806619433
0.5345025627165763,0.37627650027830256
0.515188077335161,0.3717289976183354
0.5914904296290578,0.3906800807266916
0.5692802193029027,0.3853752920284284
0.5827839499618731,0.3880220067322728
0.5393384233742919,0.3781735018042339
0.632059536104864,0.3994002294576695
0.5142228356869144,0.37135035459918736
0.6011524985280067,0.3929557252717709
0.5683053252381736,0.38499286257908893
0.509396627445681,0.36983578252259547
0.5518962172179807,0.38082778936846123
0.6175616065481994,0.3963635124441027
0.5315971853553538,0.3758940708289631
0.7363732010308783,0.4100287390051533
0.02999971042750553,0.0375159503371816
0.5296860068918254,0.3755230006701981
0.6127450507234486,0.3952313698168503
0.4697831102016391,0.3550535590550585
0.6098493257787089,0.3948527267977023
0.6059883591857224,0.39371679774025836
0.5180838022799008,0.37210764063748336
0.6166060173164353,0.3959886558551462
0.5760369108406291,0.38726850712416827
0.6079188424822156,0.39409544075940633
0.532572079420083,0.3758978572591546
0.5644347062287045,0.3838531470914535
0.500699800194979,0.36718149495836816
0.024198608121543227,0.03561894881125024
0.6330247777531106,0.3997788724768175
0.5663844943581628,0.3842393629709845
0.5345025627165763,0.37627650027830256
0.6233723612706442,0.3975070143619296
0.5596278028204363,0.38310343391354057
0.5856893273230955,0.3895403652390561
0.6146658816034595,0.3956062264058067
0.5683149776546561,0.38499664900928043
0.6088840841304622,0.3944740837785543
0.5905348403972936,0.3903052241377351
0.5238752521693806,0.3736222127140752
0.7460352699298272,0.4164694567608604
0.5915000820455404,0.390683867156883
0.6359205026978505,0.40015751549596545
0.5856893273230955,0.38954036523905616
0.03580081273346782,0.04698581224607252
0.5460951149120183,0.3796880738808258
0.5615582861169296,0.38348207693268854
0.60018725687976,0.39257708225262294
0.632059536104864,0.3990215864385215
0.5171185606316542,0.3717289976183354
0.5982471211667842,0.3918160097841355
0.007760542851902974,0.02084051177390468
0.6166060173164353,0.3956100128359983
0.5847240856748489,0.3891617222199082
0.5045607667879654,0.36756013797751613
0.01743226416733429,0.031450089170431
0.49489869788901664,0.3649058504132888
0.037740948446443566,0.05418381604007557
0.5518962172179807,0.38082778936846123
0.575081321608865,0.3865150075160638
0.5374079400777987,0.37703757274679
0.5837588440266023,0.38878307920076016
0.5644540110616695,0.38386071995183657
0.6378509859943438,0.40015751549596545
0.5093773226127162,0.36944956664306455
0.5914904296290578,0.3906800807266915
0.5296667020588606,0.3755154278098151
0.07353210876342892,0.08715605014748146
0.5093869750291986,0.36983199609240397
0.606953600833969,0.39409544075940633
0.5673400835899269,0.38461421955994096
0.6030733294080174,0.3933305818607274
0.5035955251397187,0.36756013797751613
0.6214322255576684,0.3971245849125902
0.5499657339214874,0.3800705033301653
0.49007248964778344,0.36263399229840093
0.5238752521693807,0.3743794987523712
0.035829769982915226,0.04926902965153482
0.5673497360064094,0.38461800599013246
0.5200142855763942,0.3724862836566313
0.5287014604106139,0.3751367847906671
0.5702358085346668,0.3857501486173849
0.6098493257787089,0.39447408377855436
0.5625235277651762,0.38348207693268854
0.5180741498634184,0.37210385420729186
0.12476713545236051,0.12694385859955093
0.7392689259756183,0.4104073820243012
0.07353210876342893,0.0882919792049254
0.4813853148135637,0.3596048481452171
0.604038571056264,0.39370922487987536
0.07837762183762706,0.09814427056315578
0.508421733380952,0.369074710054108
0.5702358085346668,0.38575014861738494
0.5209891796411233,0.3728687131059708
0.7354079593826317,0.40965009598600527
0.5518865648014982,0.38082400293826973
0.5441646316155251,0.37930943086167784
0.5373982876613161,0.3770337863165985
0.5354774567813053,0.37665892972764203
0.4369552417447709,0.34066133789724373
0.4958735919537457,0.36490963684348027
0.5634887694134229,0.38348207693268854
0.4852462814065503,0.36149806324095696
0.49875966448200315,0.3652844934324368
0.5885850522678354,0.38991900825820414
0.40023744944546874,0.322471327257375
0.5344929103000937,0.37627271384811106
0.48717676470304355,0.36225534927925296
0.59729153193502,0.3914411531951791
0.4968291811855099,0.3652844934324368
0.4997345585467323,0.36680285193922013
0.6175712589646819,0.39636729887429417
0.59729153193502,0.391441153195179
0.6127353983069662,0.3952275833866588
0.462061177015666,0.3524030579210226
0.5335373210683296,0.3758978572591546
0.5673497360064095,0.38461800599013246
0.6262680862153841,0.3978856573810776
0.47557456009111887,0.3573254171699463
0.08804934315305837,0.10913249097883009
0.5190490439281475,0.37210764063748336
0.5035858727232363,0.36755635154732463
0.2871690427698574,0.2538839307689103
0.5760369108406291,0.3868898641050203
0.04067528305711335,0.05912132100976519
0.42052682889161314,0.33345954767304925
0.49876931689848575,0.3652882798626283
0.5345122151330587,0.376280286708494
0.4862115230547969,0.36187670626010493
0.14411057808322314,0.1447552262202718
0.4118396540573934,0.3308090465390134
0.046486037779558106,0.07010954142543951
0.550930975569734,0.38044914634931326
0.11994092721112733,0.12618657256125498
0.578932635785369,0.3876471501433163
0.15474754104690105,0.16066580588486978
0.622397467205915,0.39750322793173815
0.46398200789567684,0.35315655752912706
0.5200142855763942,0.37248628365663133
0.6272333278636307,0.3982643004002256
0.5055260084362122,0.36869606703496005
0.508421733380952,0.3690747100541081
0.5200046331599117,0.3724824972264398
0.49102807887954764,0.36300884888735735
0.5084120809644695,0.3690709236239166
0.12669761874885377,0.13224486086762263
0.5779770465536049,0.38727229355435977
0.5663748419416803,0.384235576540793
0.5934305653420335,0.3906838671568831
0.6195017422611752,0.3971245849125902
0.00969102614839625,0.021219154793052655
0.5828032547948382,0.3880295795926557
0.44274669163425073,0.34444776808872357
0.0319301937239988,0.04205966656695733
0.13445816160075674,0.14172608206708795
0.4668873852568992,0.35467491603591045
0.4012026910937154,0.32247132725737493
0.4997249061302499,0.3664204224898807
0.46688738525689916,0.3539176299976145
0.2397949826739124,0.21636798043172872
0.41570062065037994,0.33156633257730933
0.6088744317139797,0.3944702973483628
0.4195615872433665,0.3330809046539012
0.3316280730880977,0.28381944786274943
0.5238655997528983,0.3732397832647358
0.44950338317197724,0.3478555552610553
0.4842810397583036,0.36074077720266107
0.24851111475757948,0.22660270123929854
0.44178144998600416,0.34369048205042757
0.3074584222160018,0.2701731534526563
0.3876700031852976,0.3175413951480682
0.5528518064497449,0.3812026459574177
0.14801015434213954,0.16029473572610473
0.35386724066370023,0.29746574227284245
0.39444599955598897,0.32095675518078304
0.21853070916303893,0.19893904226034734
0.34709124429300886,0.291399881106092
0.4398509666895108,0.3429331960121317
0.13735388654549666,0.1443765832011238
0.2581924884894934,0.2311577767596487
0.07254756228221734,0.08336204709561873
0.4205268288916132,0.33497411974964114
0.6253028445671375,0.39750701436192964
0.14412988291618806,0.15309294550191022
0.44274669163425073,0.34406912506957554
0.5055163560197296,0.3679349945664726
0.5006998001949788,0.3668028519392202
0.3480757907742204,0.29595117019625056
0.575081321608865,0.3865150075160638
0.6117798090752021,0.3948527267977023
0.007750890435420508,0.01591436609478949
0.6301290528083706,0.39864294341937356
0.333558556384591,0.2876058780542292
0.5055260084362121,0.368317424015812
0.25525815387882356,0.22735620084740304
0.373172073628633,0.3095823188855778
0.2620534550824799,0.23418692091283252
0.09191030974604494,0.110647063055422
0.16829953378828386,0.17431210029496286
0.4804104207488346,0.35884377567672965
0.3645042036273782,0.304288889477889
0.5142131832704319,0.37134656816899586
0.07837762183762706,0.09890155660145172
0.4678622793216283,0.35467870246610195
0.36546944527562486,0.3069393906119249
0.46979276261812153,0.35543598850439784
0.4012026910937155,0.3251218283914107
0.18378200982615991,0.18114282036039234
0.37224544164631623,0.30770424951060377
0.2745822916767214,0.24023763635881723
0.549956081505005,0.3800667168999738
0.6059883591857224,0.39371679774025836
0.4755842125076014,0.35732920360013776
0.405063657686702,0.3270150434871506
0.28429262265808247,0.2504837164569615
0.18472794664144168,0.18492167769148918
0.07839692667059199,0.09966641550013064
0.13156243665601686,0.13869693791390417
0.6040385710562641,0.39370922487987536
0.4379204833930176,0.3425545529929837
0.529676354475343,0.3755192142400066
0.4485381415237306,0.3467196262036114
0.4610959353674194,0.3520244149018746
0.31519966023493995,0.27320987046622314
0.33259331473634435,0.2853340199393413
0.49875966448200315,0.3652844934324368
0.426318278781093,0.33611004880708506
0.29877124738178207,0.2663867232611766
0.32388683506915966,0.2800254448108867
0.3393693111070357,0.29102123808694397
0.3219756566056313,0.2792757316329737
0.5750813216088649,0.3865150075160639
0.6185365006129285,0.3967459418934422
0.4079593826314419,0.32928690160203844
0.34803718110829057,0.29177095126485697
0.26396463354600824,0.23720849220563342
0.3209911101244198,0.2785108727342947
0.028069227131012245,0.036001378260589696
0.13445816160075677,0.14134743904793998
0.42052682889161314,0.3334595476730492
0.03483557108522119,0.04509259715033263
0.19439966795687297,0.1940166830114236
0.37610640823930275,0.3114906797020835
0.43405951680003096,0.34028269487809576
0.4224573121881064,0.3357314057879371
0.2823621393615892,0.2455613572080377
0.4746189708593549,0.3569505605809898
0.11221899402515421,0.12353607142721915
0.2204901497089796,0.2091737630679172
0.3905657281300375,0.31754139514806823
0.45820021042267944,0.35164577188272655
0.4639820078956768,0.35391384356742306
0.3905657281300375,0.3194346102438081
0.23496877443267916,0.21371747929769294
0.4427466916342508,0.34406912506957554
0.09868630611673634,0.11936342535620843
0.5422341483190318,0.3785521448233819
0.4997249061302498,0.36566313645158477
0.4282487620775863,0.33724597786452903
0.45239910811671713,0.3482341982802033
0.12961264852655863,0.13755343599607725
0.21951525564425045,0.20159711625476612
0.45046862482022393,0.3482341982802033
0.3364735861622958,0.289506666010352
0.5026302834914721,0.36718149495836816
0.15575139236107757,0.1682538119885952
0.4456424165789907,0.34558369714616743
0.49972490613024984,0.36604177947073274
0.4862115230547969,0.361876706260105
0.21756546751479228,0.19818175622205136
0.3615891738496734,0.3012521724643223
0.3712608951651047,0.3069393906119249
0.04164052470535999,0.05987860704806115
0.48137566239708124,0.35960106171502565
0.08418837656007182,0.10534606078735032
0.29587552243704207,0.26222165005054876
0.6281985695118774,0.3986429434193736
0.2755861429908978,0.24214599717532295
0.0725668671151823,0.08602012109003754
0.035810465149950295,0.048125527733707936
0.056157759094989435,0.08261233391770574
0.3567629656084401,0.30011624340687826
0.3915309697782841,0.320570539301252
0.4717232459146148,0.3565719175618418
0.18279746334494834,0.1799993184425655
0.07355141359639386,0.09511512640997197
0.2823428345286243,0.24252464019447098
0.31809538517967983,0.2743457995236671
0.3722261368133513,0.30769667665022077
0.07550120172585206,0.09663727134694682
0.23981428750687728,0.2178901253687036
0.48621152305479687,0.36187670626010493
0.11123444754394264,0.11974206837535642
0.47654945415584804,0.3584651326575817
0.4543392438296929,0.3493739137678388
0.2253067055337303,0.2114418347526135
0.6349552610496039,0.3997788724768174
0.40701344581616017,0.3281585454049775
0.42149207053985976,0.3353527627687891
0.0561384542620245,0.07086682746373547
0.49102807887954775,0.3633874919065054
0.36062393220142674,0.3012521724643223
0.1934151214756614,0.18908675090211693
0.29491028078879544,0.2603284349548089
0.17893649675196183,0.1796206754234175
0.4292140037258329,0.3391391929602689
0.6175712589646819,0.39636729887429417
0.47268848756286147,0.3565719175618418
0.44467717493074405,0.34444776808872357
0.1586471173058175,0.17128295614177905
0.5113271107421745,0.36983578252259547
0.3480564859412555,0.2951863112975717
0.3983262709819404,0.3217216140794619
0.205017326087586,0.19742447018375542
0.4920029729442767,0.3641485643749929
0.4369552417447709,0.3410399809163917
0.3818785532958177,0.31640546609062425
0.24656132662812127,0.22205141214913984
0.4504686248202239,0.34823419828020336
0.44757289987548393,0.3467196262036114
0.23594366849740822,0.21447855176618033
0.3268018648468645,0.2815475897478616
0.4823409040453279,0.36035834775332154
0.31326917693844664,0.27018072631303924
0.5200239379928767,0.3724900700868228
0.2552774587117884,0.227742416726934
0.29199525101109075,0.25956357605613006
0.5364426984295521,0.37665892972764203
0.4176311039468732,0.33232361861560533
0.45530448547793956,0.3497525567869867
