0.25853600755879136,0.10042431555991992
0.22881871847634158,0.0821654922825191
0.4437208866704681,0.15785808334175339
0.37814616785254845,0.14486967529413028
0.43485638571873253,0.15642492857655318
0.38432211910605724,0.14528880100357064
0.2600813727029566,0.10236487862010775
0.2631776123144391,0.11232120118498701
0.3333884265648544,0.13029336200797917
0.29789461215742336,0.11783417695311046
0.5891504899165614,0.181563965773448
0.530523027593445,0.17391204707627533
0.2886279306155843,0.11641157514639672
0.32220174590450695,0.12946637232837882
0.2951922891513163,0.117635639577406
0.27359023307191604,0.11319221402722868
0.5444092765983236,0.1740664825359169
0.4988857393924869,0.16939120691272339
0.30715027505295833,0.11916825991401231
0.46918773294106964,0.16293019745609125
0.4294462303833663,0.1538997788682677
0.4298429016503178,0.15506879465761994
0.44797132948231655,0.16255517366271377
0.43871566658678157,0.15777011576989228
0.3762179047493121,0.1440096879309043
0.3885642979331774,0.14890515812072605
0.41595114332228716,0.15310602313255758
0.4475856768616692,0.1617723646525978
0.4194220169081128,0.1532934562758248
0.5285865005054804,0.17082467669160972
0.5648488654926299,0.1760731197167775
0.563314518994769,0.1757977190016492
0.4730552777938467,0.16737378051311164
0.44450045589649095,0.15849779738492967
0.31486608212748024,0.12688617397843624
0.34380931130705933,0.13525506382531674
0.24387569865104225,0.09937673754658365
0.2751328435545052,0.11480193396352346
0.3492084479961215,0.13684273280358009
0.21570652937433374,0.07785452998737348
0.33763336005355066,0.13389877239954037
0.31487985543536057,0.12845218576577586
0.5471033356197026,0.1753232296368656
0.5093011148115398,0.17067024123196814
0.2292153897432931,0.09653200645368538
0.23693119681781494,0.09798744843718166
0.5652427820980054,0.178851776689003
0.3565413571115721,0.14015053401513847
0.5737243850906697,0.18014167898042044
0.31024100534128884,0.12543088950178302
0.25235730164370657,0.099575117415445
0.3982056134493597,0.15226792922051993
0.3847022624035525,0.14722912780349387
0.42289289049393836,0.15358011873023342
