0.27098451819871255,0.11666406227455445
0.28115968654828616,0.1181450267090847
0.3077564460398103,0.13095319117889667
0.27210802637064463,0.11670707557982209
0.37164802396817437,0.1489000844476411
0.4915666226213778,0.1856252800628974
0.28682669003186806,0.12672699781829982
0.40106415302322634,0.16584569330642188
0.4870231273097278,0.18449114443160095
0.5441595240282361,0.2013077133745789
0.6832696207629962,0.22805600005662507
0.27097745210958096,0.10699369120040336
0.5475512468114273,0.20400829557872224
0.5232156358420306,0.19899697327893692
0.5108005172377243,0.19529619560926714
0.37846679998021493,0.15892109563055598
0.5209756855872979,0.19599312004904604
0.4033606319910119,0.1665017823298075
0.3269762084778937,0.14105859555569109
0.3875043279795931,0.1601837267054367
0.3886490344189201,0.1606203934247357
0.489291341920987,0.18449168890381948
0.46612163565831216,0.18292415338653553
0.37393037075769675,0.15012133563390995
0.3371584429165989,0.14197385335511947
0.40673115650680813,0.16697928446549978
0.5034588506299418,0.19237836898991148
0.6250238480508191,0.21494347561662838
0.6351990164003929,0.21882011781289867
0.6504829671921482,0.2236131067530345
0.2670063100175945,0.09714854454408893
0.6187915574367053,0.21302584446279918
0.5503776824640866,0.20605551112057285
0.5509571017728817,0.21163199558324136
0.6476494654503572,0.22112976896410352
0.3162569512651832,0.1355719490090878
0.34226015926964903,0.14781168448270515
0.4135287342514538,0.17673731556684186
0.4497141766946248,0.1803095977929274
0.37449565788822864,0.1577875044714781
0.39994064485129416,0.16401681112422078
0.3914542718041846,0.16349357332216802
0.4802538139216089,0.18388242449123154
0.45935232227019307,0.1805731223467188
0.3716621561464376,0.1497723289418019
