0.13067344186192403,0.06126181884494449
0.9158746588877389,0.41710092229817475
0.9522913333960668,0.42263250092561383
0.7123678680091591,0.3892054089002603
0.7274552241146764,0.39208448229176457
0.6659138671936262,0.37947403031592447
0.7663812301998055,0.40048960825813296
0.8329412502744582,0.4117738076160057
0.6646592014052257,0.3783688198009516
0.6985979109814623,0.3863373876139058
0.7638718986230043,0.39761606091920365
0.6583858724632226,0.37704256718298423
0.6973118785483516,0.3863318615613309
0.7199272293842727,0.39075822967379714
0.696057212759951,0.3852266510463581
0.6194598663780935,0.3664270201866701
0.6671998996267369,0.37947955636849934
0.6458078479345064,0.3737214095854908
0.7337285530566795,0.39230552439475913
0.6445531821461058,0.3717320306585397
0.6269878611084971,0.3701847359375778
0.6772058592892318,0.3805792408308973
0.3871271290110097,0.2859290123286234
0.5792791945045639,0.35603251529335056
0.7739092249302093,0.4018158608761004
0.6885292180295473,0.3839003984283907
0.6810012232991436,0.38146893529545045
0.7437658793638845,0.39606324014566674
0.5792791945045638,0.3553693889843669
0.6571312066748219,0.3759373566680114
0.5805338602929644,0.3571377258083234
0.5868071892349676,0.3584639784262908
0.6131551707913804,0.36575836782511156
0.6332611900505003,0.37151098855554515
0.6068818418493773,0.36443211520714414
0.5365578244095228,0.3436431054205051
0.67344186192403,0.3799161145219136
0.634547222483611,0.37151651460812
0.7136539004422697,0.38921093495283515
0.7425112135754839,0.39495802963069393
0.2916156958690129,0.2204729195793569
0.271478309965183,0.19857869927774496
0.5943351839653712,0.36222169417719846
0.6207458988112041,0.366432546239245
0.5905711866001693,0.3593481468382691
0.7412565477870833,0.39385281911572106
0.6282738935416078,0.37019026199015265
0.5742605313509613,0.3544852205723886
0.6056271760609767,0.362442736280193
0.6458078479345064,0.3717320306585397
0.4800978639314953,0.32662286348992337
0.6898152504626579,0.38390592448096555
0.7186725635958721,0.38965301915882433
0.6558765408864213,0.37593735666801137
0.48762585866189895,0.3268439055929179
0.8103258994385372,0.40734743950353947
0.5491672155829491,0.349180210100519
0.7500705749505975,0.3965108504042308
0.559204541890154,0.35139063113046465
0.7952699099777297,0.4027055553406535
0.679715190866033,0.38124236713988097
0.44992315172046055,0.311580948381143
0.29541105987892474,0.23462514022358413
0.40594711583701887,0.29322340172744416
0.5114645086415106,0.3383380949486354
0.14576079796744143,0.08337155519697614
0.5277751638907185,0.3434220633175105
0.51020984285311,0.3365697581246789
0.5001725165459051,0.3343593370947332
0.5265204981023179,0.3414326843905594
0.29164706251372285,0.22136261404391006
0.4147925096452432,0.2978763379954798
0.6470938803676171,0.3737269356380657
0.2852796336375898,0.19924182558672865
0.7965245757661303,0.4062422289885666
0.5378124901979234,0.3456324843474562
0.38085380006900654,0.284602759710656
0.7212132618173833,0.390763755726372
0.2915529625795929,0.21250435176640273
0.09554279978670682,0.053746387343129184
0.4562592139518837,0.3188863898851135
0.4964085191807032,0.3308226634468201
0.5479125497945485,0.3474118732765624
0.32056710893635704,0.2487828869203862
0.663404535616825,0.3772636092859788
0.3996737868950158,0.2879183912555745
0.6496032119444182,0.374611104050044
0.1709795803142938,0.1499273324086405
0.3582698158777955,0.27023502301600905
0.14836422947837272,0.09289294378346717
0.4699978043348703,0.3248434745608171
0.5227565007371161,0.33855913705163004
0.77519525736332,0.40182138692867525
0.7349832188450801,0.3936317770127265
0.4963457858912832,0.33014848503268673
0.5454032182177472,0.34564353645260587
0.6872745522411468,0.3827951879134178
0.41855650701044506,0.3080442747332299
0.216273015275556,0.19371577301186443
0.40851918070324017,0.2965500853775124
0.4361218280480537,0.3089284431452081
0.5704965339857595,0.35161167323345927
0.36956180797340116,0.2821712965777157
0.4938991876039021,0.3281701582108853
0.5240111665255167,0.34054851597858116
