0.9053966660553474,0.43808997315420983
0.585698979739578,0.38954415166924766
0.6552446404957483,0.4039515185478282
0.8686885261725277,0.4369426848061914
0.5760465632571117,0.38727229355435977
0.5702454609511494,0.38613257806672435
0.6697232652194478,0.4062233766627161
0.588594704684318,0.3903014377075436
0.8909083889151653,0.43808618672401833
0.7315373403731626,0.41721916993877334
0.6030829818244999,0.3933343682909189
0.7798283800349421,0.42556067565060324
0.6069439484174863,0.3940916543292149
0.6021177401762533,0.3929557252717709
0.8435825909016327,0.43353111120366816
0.7740369301454623,0.42404610357401135
0.6755243675254102,0.4081203781886475
0.8628970762830478,0.4369426848061914
0.5847337380913313,0.3891655086500997
0.6504087798380327,0.40319044607934085
0.6117798090752021,0.3948527267977023
0.8088049343153062,0.42973332172161394
0.6716634009324236,0.4073630921503515
0.8445478325498792,0.4346670402611121
0.8252236947519815,0.4304943941901014
0.6648970569782147,0.4058447336435681
0.6040482234727466,0.39371301131006686
0.5905348403972936,0.3903052241377351
0.5547919421627207,0.3823423614450531
0.6011524985280067,0.3929557252717709
0.5934305653420336,0.390683867156883
0.7218849238906963,0.4149473118238855
0.60018725687976,0.39257708225262294
0.6195017422611752,0.3971245849125902
0.5837684964430847,0.38878686563095166
0.6156407756681886,0.39523136981685025
0.8261889364002282,0.4327662523049892
0.6339900194013572,0.4001575154959655
0.7315469927896452,0.4172229563689648
0.8764201117749832,0.4369464712363829
0.7016051968610344,0.4119143812405102
0.7527919614675537,0.42101317299063606
0.5789422882018516,0.38727229355435977
0.6455825715967994,0.4012972309836009
0.754722444764047,0.42139181600978404
0.7972220345363465,0.4270828205875781
0.7035356801575277,0.4122930242596582
0.7885252072856443,0.42707903415738663
0.891873630563412,0.43808618672401833
0.5692802193029026,0.38537529202842846
0.6156407756681886,0.3959886558551462
0.7634192720147491,0.4229101745165674
0.6175712589646819,0.39636729887429417
0.806874451018813,0.42935467870246596
0.7643845136629959,0.4229101745165674
0.7141533382882407,0.41418623935539806
0.8773853534232299,0.43808240029382683
0.727676373780176,0.41684052691962536
0.737338442679125,0.41987345750300065
0.6040482234727466,0.39371301131006686
0.6281985695118774,0.3986429434193736
0.670698159284177,0.4073630921503515
0.6562098821439949,0.4043301615669762
0.6330247777531106,0.39940022945766945
0.8493740407911125,0.43504568328026005
0.6253028445671375,0.3982643004002256
0.6890474030173456,0.41039602273372683
0.7122228549917474,0.4138075963362501
0.622397467205915,0.39750322793173815
0.6948388529068255,0.4107746657528748
0.8542002490323456,0.435802969318556
0.6484782965415393,0.4028118030601928
0.8445478325498793,0.4342883972419641
0.8068744510188128,0.428976035683318
0.7991525178328398,0.4278401066258741
0.6842115423596299,0.4096349502652394
0.6620013320334748,0.40508744760527216
0.8416521076051393,0.4331524681845202
0.7045009218057743,0.41267166727880616
0.7576181697087868,0.42214910204808
0.8252333471684641,0.43087682363944085
0.6958040945550721,0.41153195179117075
0.6359205026978505,0.40015751549596545
0.8126755533247751,0.4304943941901014
0.6542697464310191,0.40394773211763674
0.6397911217073196,0.4009185879644529
0.7093271300470074,0.41380759633625
0.8406772135404101,0.4331486817543287
0.6822907114796191,0.4085028076379869
0.656209882143995,0.40433016156697626
0.7054661634540209,0.4134289533171021
0.7605235470700092,0.4221528884782715
0.5943958069902803,0.391441153195179
0.6214322255576685,0.3971245849125901
0.6185365006129285,0.3967459418934422
0.6832463007113834,0.40925630724609136
0.8609665929865545,0.4358067557487475
0.7508518257545779,0.4202521005221486
0.8397119718921636,0.4327700387351807
0.6677927819229545,0.40622337666271613
0.6484782965415392,0.4020545170218968
0.7006303027963052,0.4119105948103188
0.6697232652194479,0.4069806627010121
0.624337602918891,0.3975070143619296
0.7634096195982667,0.42252774506722796
0.8001177594810864,0.42859739266417
0.7750021717937088,0.4248033896123073
0.6600708487369814,0.40470880458612424
0.6446173299485527,0.40129723098360087
0.6368857443460971,0.4005361585151135
0.60018725687976,0.39257708225262294
0.560593044468683,0.38348207693268854
0.8764201117749834,0.4369464712363829
0.68131581741489,0.40849902120779547
0.622397467205915,0.3975032279317382
0.5992220152315133,0.391441153195179
0.663931815329968,0.40546609062442013
0.7663053445430066,0.42404231714381985
0.7160934740012165,0.41456866880473753
