0.8543019353219786,0.4126635020805588
0.03400144286565666,0.050861787899050076
0.9510053009629561,0.42262697487303896
3.136664471001537e-05,0.022330778455026224
0.8593205984755812,0.41531600731649365
0.7500705749505975,0.3965108504042308
0.6659138671936262,0.37947403031592447
0.663404535616825,0.3772636092859788
0.6772058592892318,0.3805792408308973
0.6583858724632226,0.37704256718298423
0.6332611900505003,0.37151098855554515
0.6445531821461058,0.3717320306585397
0.6973118785483516,0.3863318615613309
0.5868071892349676,0.3584639784262908
0.7425112135754839,0.39495802963069393
0.7123678680091591,0.3892054089002603
0.7274552241146764,0.39208448229176457
0.6269878611084971,0.3701847359375778
0.4134751105674226,0.3056017594951399
0.4662338069696685,0.321306800912904
0.39841912110661526,0.2987494543023083
0.5742291647062513,0.3564690734467649
0.696057212759951,0.3852266510463581
0.5579185094570434,0.35072197876890604
0.6056271760609767,0.362442736280193
0.7199272293842727,0.39075822967379714
0.5805338602929644,0.3571377258083234
0.608167874282488,0.364437641259719
0.5905711866001693,0.3593481468382691
0.1207929487782692,0.15191671133559165
0.6671998996267369,0.37947955636849934
0.6458078479345064,0.3737214095854908
0.7349832188450801,0.3936317770127265
0.679715190866033,0.38124236713988097
0.7337285530566795,0.39230552439475913
0.6068818418493773,0.36443211520714414
0.7437658793638845,0.39606324014566674
0.6885292180295473,0.3839003984283907
0.1610363539412189,0.17978459447063183
0.6496032119444182,0.374611104050044
0.7186725635958721,0.38965301915882433
0.5943351839653712,0.36222169417719846
0.6131551707913804,0.36575836782511156
0.6470938803676171,0.3737269356380657
0.5215018349487155,0.33988538966959736
0.5717511997741601,0.3529379258514266
0.07051221730811455,0.08094561811661076
0.07810294532793827,0.09598753322539111
0.6898152504626579,0.38390592448096555
0.5365578244095228,0.3436431054205051
0.634547222483611,0.37151651460812
0.6282738935416078,0.37019026199015265
0.3556977510115743,0.28171816026657687
0.5240111665255167,0.34054851597858116
0.48756312537247887,0.3281591061057356
0.34691509049277003,0.2797287813396257
0.67344186192403,0.3799161145219136
0.4687431385464697,0.3230751377368606
0.1749004109030457,0.1932792148584502
0.45368714908566227,0.31931742198595287
0.5076691446315987,0.33568006366012576
0.15598632414290642,0.1773476052851167
0.5277751638907185,0.3434220633175105
0.21260311784448419,0.2209205298379209
0.36705247639659977,0.2837185912986777
0.51020984285311,0.3365697581246789
0.43988582541325555,0.31423345361707783
0.6985979109814623,0.3863373876139058
0.5114645086415106,0.3383380949486354
0.5579185094570434,0.3513851050778898
0.6646592014052257,0.3783688198009516
0.581819892726075,0.3571432518608983
0.6558765408864213,0.37593735666801137
0.7136539004422697,0.38921093495283515
0.2866911326495405,0.25254060267129386
0.6169505348012922,0.3666480622896647
0.5378124901979234,0.34496935803847245
0.1434396662589003,0.1585590265305784
0.4373764938364543,0.311580948381143
0.5667011699758476,0.3527113576958572
0.5704651673410495,0.3529323997988517
0.5729744989178507,0.35447969451981376
0.2879457984379411,0.25718248683417977
0.4800351306420752,0.32639076928177907
0.20253442489256926,0.22025187747636232
0.22009974593017786,0.22157813009432975
0.4461591543552586,0.3160017904410344
0.6810012232991436,0.38146893529545045
0.37458047112700354,0.28681318074060164
0.5918572190332799,0.35935367289084397
0.444904488566858,0.3151176220290561
0.5478811831498385,0.3491746840479441
0.6257331953200966,0.3690795254226049
0.44364982277845744,0.315117622029056
0.6244785295316959,0.3679743149076321
0.6747278943571406,0.37992164057448846
0.17863304162353755,0.1981366150717558
0.08936357077883379,0.10570785970457725
0.4461591543552586,0.3171070009560072
0.6810012232991437,0.38124789319245583
0.5378124901979234,0.3456324843474562
0.5265204981023179,0.34165372649355397
0.3205671089363571,0.27530793927973435
0.7048398732787554,0.38677394576732005
0.09193563564505505,0.14307502721580892
0.43863115962485494,0.3122440746901267
0.5001725165459051,0.3343593370947332
0.42859383331764994,0.30959156945419186
0.23270913710360402,0.23529379258514269
0.5454032182177472,0.3463066627615896
0.38587246322260904,0.29653903327236264
0.4926445218155014,0.3325910002707767
0.3582384492330856,0.2823868126281354
0.3821398325021173,0.29543934880996464
0.51020984285311,0.33590663181569513
0.4699978043348703,0.3248434745608171
0.4311031648944513,0.3102546957631756
0.3770898027038048,0.2945496543454115
0.5466265173614379,0.34740634722398755
0.5956212163984819,0.36222722022977333
0.5441171857846365,0.34630113670901475
0.0806122769047395,0.10416609103619012
0.17364574511464506,0.1800166886787761
0.4110285122800414,0.3045076010853168
0.14971299520090336,0.17469510004918185
0.25152912392961324,0.24303026618995255
0.7362692512781908,0.39363730306530137
0.4549418148740629,0.3210857588099094
0.42984849910605066,0.31025469576317555
0.19629246259527616,0.2052265405253066
0.41855650701044506,0.3080442747332299
0.7801825538722124,0.40203690297909495
0.27662243969762557,0.25076673979476244
0.37586650356011414,0.28925016992611674
0.2665851133904207,0.2467879819408602
0.5491672155829491,0.349180210100519
0.39845048775132524,0.3022916540027963
0.559204541890154,0.35139063113046465
0.575515197139362,0.35647459949933974
0.7450519117969951,0.3960687661982416
0.30679715190866036,0.2609457286376623
0.1936890310843449,0.2049889202645874
0.12581161193187165,0.1552323428805102
0.30554248612025975,0.2587353076077166
0.37329443869389295,0.2859234862760485
0.04786549982748345,0.07540851343659685
0.7663812301998055,0.40048960825813296
0.31808914400426586,0.26890324434546675
0.1748063109689157,0.18044219472704065
0.31802641071484583,0.2629240554594637
0.3406731281954769,0.2773028442592604
0.444904488566858,0.3153386641320507
0.49010382359399013,0.3308171373942453
0.4662651736143784,0.32285962168644083
