0.26576963542822946,0.15688694855377297
0.26577928784471194,0.16067716517544423
0.44071003175645024,0.2629978682398022
0.313134043107692,0.19742825661394695
0.2783563865213657,0.18113524750000945
0.3015511433287324,0.19742825661394692
0.29284466366154777,0.1811390339302009
0.2967152826710167,0.187579751685908
0.32282506925608834,0.20577354875596832
0.4851207999922781,0.274360945244433
0.4329591413210298,0.25806414970030406
0.42522755571857423,0.250487502887153
0.431019005608054,0.25465257609778075
0.48802617735350046,0.281937592057584
0.5063754210866691,0.2826986645260714
0.4368201079140164,0.259957364796044
0.4580747290084073,0.2641300108670546
0.4599569502224882,0.2656256507926892
0.46190673835194646,0.2690410108254039
0.37112576133435005,0.2338082778936846
0.41459059275489624,0.250101287007622
0.27740079728960154,0.16258552599195
0.39528575978996344,0.2425284266246625
0.3324871381550372,0.21562205368400725
0.3402187237574928,0.21979091332482645
0.3788669993532881,0.2394954960412872
0.3295721083773323,0.20614840534492482
0.36147334485188365,0.22472084543413312
0.3518209283694173,0.2232062733575412
0.43102865802453655,0.2554136485662682
0.4687116919720853,0.273982302225285
0.543093213385971,0.28271381024683734
0.5527552822849199,0.2955914593280601
0.2783370816884007,0.16371009575881953
