0.4272764342398294,0.26338271782317735
0.44358708948903736,0.27686628610584607
0.24892569241868198,0.19195296224048275
0.18114237320033877,0.1437602577350921
0.31423104670493396,0.2277728350307525
0.16222828644019952,0.14064909013544355
0.20244032495843917,0.167406236702936
0.26523634766788995,0.195931720094385
0.28286440199491864,0.21937323511695894
0.3205357422916471,0.2516509082067407
0.31928107650324644,0.2321992031432187
0.27910040462971675,0.21229988782113274
0.46372447539286726,0.2806350539619034
0.4348044289702331,0.27001398091301443
0.40212038518239707,0.2589508236581363
0.7349832188450801,0.34743397748686183
0.5993538471189737,0.3191184840932577
0.5502650481477996,0.31356480125551917
0.5127191744299112,0.30341344267549364
0.4624698096044666,0.27731942241698493
0.48006649728678524,0.2967766535330818
0.6369624541262822,0.3325965263233515
0.5854897901571469,0.3142445057222275
0.6520498102317995,0.3427699891136765
0.5077005112763088,0.29700322168865123
0.6332298234057905,0.31978161040224146
0.40967974655751077,0.2622719812556297
0.3971644553182147,0.25653041263034576
0.20491828989053046,0.1731478053282199
0.2601863178695775,0.19261056249689162
0.43232646403814184,0.2653776228027034
0.2400802986104576,0.1817739733975829
0.1948809635833255,0.15966423704555124
0.18867036793074243,0.158127994429739
0.2940936608011041,0.22024635142378746
