0.442650167469426,0.28382702072313243
0.39436878022412913,0.27927573163297376
0.3470236773776315,0.2618392206012094
0.3624771961660602,0.2682799383569165
0.3344755359504252,0.250858573045918
0.36346174264727177,0.2698020832938913
0.45517900406366735,0.2883631640925252
0.5218192874586152,0.29860167133028653
0.4638951361473345,0.2917823105554314
0.21656161620061581,0.17847717350559064
0.23007499927606875,0.18339953275451434
0.2532697560834355,0.2031003290407836
0.23106919817376279,0.1860613931791246
0.21753651026534493,0.180374175031522
0.2368703004797251,0.1981817562220514
0.3876024362699202,0.27056315576237877
0.41175278230905105,0.2800368041014612
0.41754423219853093,0.2823086622163491
0.4136736131890619,0.2804116606904176
0.39435912780764665,0.2728350138772666
0.41560409648555513,0.2811689467287136
0.39919498846536233,0.2800330176712697
0.24266175036920493,0.2012109003752352
0.5189525197633228,0.296341172505973
0.48902037625119454,0.2959587430566336
0.5257381685504966,0.31944975596457414
0.47549734075925915,0.2929258124732583
0.31997760639376066,0.2444140688600194
0.21460217565467515,0.1614268783533572
0.25715967992586947,0.2103059056951696
0.2677966428895474,0.22545919932147165
0.2900068532157025,0.23076398801973483
0.3469850677117016,0.2512220703443001
0.32576905628324054,0.2447927118791674
0.2600457524541269,0.21181669134157002
0.32963002287622706,0.24782185603235124
0.2996882269476163,0.24137735184645268
