0.4009518143961927,0.5036366760208464
0.036882807852468766,0.0825840444418991
0.03747769185008923,0.13074852528492067
0.08804283164782867,0.2902468358055094
0.12433075550267697,0.33382967756714965
0.05056513979773944,0.21333256972681977
0.03807257584770969,0.17204054750587022
0.173111243307555,0.38434224843937914
0.16061867935752527,0.37397629001775384
0.06305770374776919,0.24202508447397056
0.2082093991671624,0.3991753049653513
0.24509220701963116,0.4336521390527461
0.16002379535990482,0.334975087337495
0.2325996430696014,0.4232861806311207
0.19690660321237358,0.39121470706145123
0.20880428316478286,0.407250443846286
0.09994051160023795,0.3062825725903442
0.3771564544913742,0.49676421739877435
0.2212968471148126,0.4176164022679113
0.4973230220107079,0.5312410514861692
0.31707317073170727,0.47379875150335027
0.4497323022010708,0.5220777733234065
0.3646638905413444,0.486398258977149
0.32956573468173705,0.4841647099249756
0.28078524687685896,0.4565603344596529
0.5336109458655561,0.5393161903671039
0.4134443783462225,0.5140026344424717
0.0874479476502082,0.26613596013974
0.06365258774538965,0.26613596013973995
0.6412849494348603,0.5611362464921826
0.7489589530041643,0.5657751560620813
