9.652416482466385e-06,0.0022756445450793444
0.8909083889151654,0.4369502576665744
0.047393364928909956,0.048504170752855916
0.007750890435420508,0.01591436609478949
0.13050067084294553,0.09095005319934422
0.7914209322303842,0.40360316697021215
0.7266725224659997,0.37971836532235764
0.8184573507977726,0.4179953881280267
0.5575911429426359,0.31149825256246655
0.7073676895010669,0.3785824362649137
0.02708468064980068,0.0348578763427628
0.14500825281609248,0.10459256117924583
0.07926564415401396,0.06441475041745391
0.24354977268559183,0.15233565946361427
0.7991332129998749,0.41041495488468416
0.21457321840522772,0.14361929716282784
0.7605138946535268,0.3967800197651655
0.6039806565573692,0.3285599070052744
0.48417486317699643,0.2921647400047708
0.029990058011023057,0.03978402202187799
0.6233047943552671,0.3467423447847603
0.27837569135433055,0.1853078935710201
0.10729626161909635,0.08336204709561872
0.6947905908244132,0.366454500361604
0.02418895570506076,0.03447923332361483
0.43192633275740594,0.24062006580815673
0.8522601133193698,0.42519717835222115
0.0009748940647291049,0.005304788698263164
0.5459889383307114,0.2982381740319044
0.008716132083667146,0.018564867228825336
0.8146060366212685,0.41156224323270246
0.6532658951168427,0.3626604973097413
0.44549763033175366,0.2489729308105611
0.25421569289871715,0.17355860068685838
0.4184419069314004,0.23873821000299117
0.5315103136070116,0.29520902987872055
0.7459966602638973,0.3884347276231442
0.6039613517244043,0.3281736911257435
0.8542099014488281,0.428233895365788
0.7431009353191574,0.38464829743166434
0.4503238385729868,0.25124478892544894
0.8889779056186721,0.4358143286091305
0.24648410729626155,0.1697683840651871
0.550824798988427,0.3031643197110196
0.7295778998272219,0.382372652886585
0.7759577610254731,0.40170237901408923
0.1768805320411965,0.12807600122680338
0.1546413644655939,0.1057209173763068
0.3421299022210211,0.2144823381963718
0.5779094796382277,0.3240124043453072
0.03484522350170365,0.04320316848478422
0.8426076968369034,0.42481853533307323
0.38078783023329893,0.22813241903665638
0.007741238018938041,0.013638721549710148
0.06284688371733864,0.05456624548941503
0.8909083889151653,0.4369502576665744
0.8909083889151653,0.43808618672401833
0.2831922471790813,0.20310032904078357
0.616538450401058,0.3391656979716092
0.43874093879402715,0.2467010726956732
0.433895425719829,0.2466934998352902
0.45229293153541,0.26034736710576634
0.7604752849875969,0.39373572989121575
0.020308684279109274,0.020461868754756703
0.45711913977664326,0.27511444485253744
0.08219032634820128,0.07729997235905961
0.6126871362245541,0.3361403402486169
0.24646480246329666,0.1610520217644007
0.7353790021331843,0.38389101139336834
0.13336743853823804,0.09283190900450963
0.6406791440237063,0.3486355598805002
0.5556220499802127,0.3035316034395933
0.680302313684231,0.3664507139314125
0.8725591451819968,0.43391732708319913
0.3614540400189189,0.22433462955460218
0.12277873765697245,0.09019276716104825
0.6097624540303669,0.3357503379388946
0.7952722464068883,0.4070071677123524
0.58946342216774,0.3258942601504726
0.1633478441327786,0.11216542156220535
0.7614598314688086,0.3986656620005225
0.45228327911892746,0.2520134342543193
0.3952664549569985,0.2357052794196159
0.07541432997750987,0.05722431948383383
0.08894701788592775,0.0791931874547995
0.09281763689539677,0.08298340407647076
0.020318336695591743,0.028038515567907728
0.0009941988976940378,0.011749292884161742
0.8735243868302434,0.43505325614064305
0.017412959334369357,0.020083225735608723
0.7063831430198553,0.3702447169832753
0.34018976650804533,0.21069212157470052
0.18558701170838116,0.13414186239355397
0.1334157006206504,0.10193827361501852
0.8860725282574496,0.435810542178939
0.0657329562455961,0.05494110207837153
0.8271541780484748,0.4191351036156621
0.8290943137614506,0.4202748191032975
0.8561403847453214,0.43239896857641574
