0.49769789866893177,0.30769289022002944
0.5112402389938322,0.31035475064463974
0.4880647870194303,0.30429267590808057
0.4948311309736393,0.30581103441486396
0.4706614801015435,0.3042813166175061
0.1586181600563701,0.16445602250654104
0.17506587774249283,0.1781023169166341
0.42912713197749064,0.29972624109715595
0.42622175461626816,0.29934381164781654
0.43202285692223047,0.3031340282694878
0.357650987924827,0.276231441759024
0.35958147122132034,0.27850329987391187
0.37893456626866534,0.2982116690205641
0.3566760938600979,0.26903343796502094
0.3663574675920117,0.28154001688747865
0.35764133550834454,0.2701693670224648
0.3653825735272826,0.27888572932325134
0.3760098840744781,0.2849478040598104
0.3547552629800871,0.2686585813760644
0.20118531674404688,0.21106697816365708
0.19633980366984874,0.20500111699690649
0.17509483499194023,0.19477396904971958
0.18280711576143086,0.19628475469611997
0.2204998021254621,0.2182649819576601
0.19053870136388645,0.1962885411263115
0.30646422331830775,0.25236557226212697
0.3093599482630477,0.25501607339616283
0.32288298375498303,0.25767036096039014
0.3093696006795301,0.2550198598263543
0.3064642233183078,0.2531228583004229
0.2823331821121418,0.24933642810894313
0.29391608189110147,0.25122964320468305
0.31709153386550326,0.2553985028455023
0.21856931882896882,0.21637176686192025
0.21374311058773562,0.2152358378044763
0.22533566278317774,0.22281248461762734
0.2311464175056225,0.22849970276522996
0.21470835223598228,0.21637176686192022
0.26301869673072653,0.24403163941067998
0.2388683506915956,0.23796577824392937
0.2610882134342333,0.24175978129579212
0.22050945454194454,0.22281248461762732
0.20891690234650248,0.2133426227087364
0.22631055684790685,0.22622405822015057
0.25529676354475345,0.24100249525749615
0.2272757984961535,0.22735998727759454
0.27460159650968624,0.24592485450641985
0.35765098792482697,0.2747168696824321
0.3479792666093957,0.26865100851568147
0.34603913089641997,0.26448214887486227
0.3267342979314871,0.2637248628365663
0.34700437254466654,0.26486079189401024
