0.09322166807816568,0.15943766888998182
0.13343370659640538,0.1819950155005775
0.10579969260688184,0.1689480053713231
0.13722907060631725,0.18841076253999484
0.4059784824817289,0.30428103292974734
0.3205671089363571,0.27530793927973435
0.21131708541137356,0.22953564580213418
0.34067312819547696,0.2830499389371191
0.3858724632226091,0.2985284121993137
0.36077914745459677,0.2888025596675527
0.3419591606285876,0.283055464989694
0.32185314136946774,0.2753134653323092
0.27536777390922496,0.2587242555025669
0.4072331482701295,0.30627041185669845
0.2954737931683448,0.2664662551599516
0.20002509331576804,0.222462298506308
0.43358112982654246,0.3133437591525246
0.35698378344468495,0.28680765468802677
0.22013111257488788,0.23020429816369276
0.23267777045889404,0.23993015069545376
0.17866440826824753,0.21206779361298847
0.23142310467049343,0.2372776454595189
0.17740974247984692,0.21052049889202648
0.2075217214014617,0.22510927768966796
0.1975157617389668,0.2182624985494112
0.14475706533672095,0.19305264670288075
0.2527837897180139,0.2476721503528385
0.19124243279696373,0.2151679091074873
0.38715849565571975,0.29853393825188856
0.46375584203757725,0.32352274799542446
0.5064144788431981,0.3356800636601257
0.4273391675292494,0.31202303258713204
0.1987704275273674,0.22091500378534606
0.42228913773093696,0.3100281276076061
0.4913584893823908,0.3325854742182017
0.5704965339857595,0.3536010521604103
0.39719582196292463,0.3003022750758451
0.4185251403657351,0.30649145395969307
0.4411718578463662,0.3142389796696526
0.4235751701640475,0.31003365366018093
0.4562278473071736,0.32109128486248417
0.7274238574699665,0.38743707207630385
0.6445531821461058,0.37173203065853977
0.3770898027038048,0.2945496543454115
0.373325805338603,0.2910129806974984
0.4423951569900567,0.3157807483380397
0.3406731281954769,0.28106056001016794
0.48759449201718896,0.3290488005702886
0.2502117248517926,0.2439033824967811
0.1924657319406543,0.2173728040848581
0.6056271760609768,0.362442736280193
0.7023305417019541,0.38544769314935273
0.16988174774944326,0.20587861472914054
0.2464790941313008,0.2436878664463614
0.5855525234465669,0.3566956416023343
0.41855650701044506,0.3080442747332298
0.3117844484175528,0.2702239709108593
0.25278378971801385,0.24568277142588735
0.39845048775132524,0.30229165400279623
0.3997365201844359,0.30229718005537104
0.27411310812082434,0.2560717502666321
0.3620338132429974,0.2907919385945038
0.4650418744706879,0.32352827404799933
0.44493585521156803,0.3177756533175657
0.5466265173614379,0.34740634722398755
0.47379316834478225,0.3250700427163864
0.5102098428531101,0.3365697581246788
0.395972522819234,0.298760506407458
0.43486716225965305,0.3133492852050995
0.40851918070324017,0.3062759379092733
0.45494181487406293,0.3210857588099093
0.4888805244502996,0.3290543266228635
0.36331984567610803,0.2907974646470787
0.5868385558796776,0.35670116765490917
0.6646592014052257,0.37836881980095166
0.2967598256014555,0.26647178121252646
0.3181205106489759,0.27421378086991116
0.3318904676766727,0.277965970568244
0.28920046422634177,0.2591718657611309
0.33317650010978334,0.2779714966208189
0.31307048085066347,0.2702294969634342
0.30930648348546164,0.266692823315521
0.23396380289200466,0.23993567674802863
0.2766538063423356,0.25872978155514176
0.29547379316834477,0.2644768762330005
0.2715724098993131,0.2542978873901007
0.308020451052351,0.26668729726294615
0.27285844233242373,0.25430341344267554
0.3582698158777956,0.28681318074060164
0.3368777641855651,0.2786235708246529
0.48006649728678524,0.3286067163642995
0.45368714908566227,0.3193174219859528
0.2916784291584329,0.2620398870474854
0.22888240644898217,0.23550378258298751
0.5077005112763088,0.33568558971270057
0.46999780433487026,0.324843474560817
0.29042376337003234,0.25982946601753976
0.3519964869357925,0.2837185912986776
0.31557981242746463,0.2722188758903852
0.37708980270380477,0.29256027541846036
0.21260311784448419,0.22954117185470904
0.19375176437376493,0.21737833013743296
0.2540070888617045,0.24832975060924734
0.2665851133904207,0.2514298661037462
0.26410714845832944,0.24900392902338075
0.2628211160252188,0.2489984029708059
0.2214171450079985,0.23020982421626762
0.24271509676609893,0.24125640331342116
0.20131112574887866,0.22246782455888287
0.49264452181550145,0.3325910002707766
0.526520498102318,0.3416537264935539
0.5227878673818261,0.3398909157221722
0.3532511527241931,0.2857079702256287
0.49010382359399013,0.33081713739424523
0.5943351839653713,0.36222169417719846
0.6822245224428343,0.3788109040069408
0.4436498227784574,0.3177701272649908
0.31683447821586525,0.2742082548173363
0.3821398325021173,0.29654455932493745
0.16611775038424142,0.2034471515962003
0.16740378281735205,0.20345267764877517
0.5390985226310342,0.345638010400031
0.5454032182177473,0.34630666276158956
0.33694049747498517,0.27996087554777
0.38342586493522784,0.2965500853775123
0.20378909068096987,0.2248937616392483
0.13471973902951603,0.18398992048010349
0.1485210627019228,0.195484109835821
0.1660863837395314,0.20145224661667432
0.17486904425833572,0.2076414255005222
0.14977572849032342,0.19703140455678295
0.118377717135598,0.1762479208227187
0.11207302154888492,0.173589889534209
0.1409617013268091,0.1886262785904145
0.13468837238480602,0.1839843944275286
0.16232238637432955,0.19902078348373411
0.42862519996236004,0.3120285586397069
0.569210501552649,0.35160614718088434
0.5127505410746214,0.3383436210012103
0.5378124901979235,0.34563248434745614
0.5114645086415107,0.3383380949486354
0.3783758351369155,0.2945551803979864
0.4712838367679809,0.3248490006133919
0.17995044070135816,0.21207331966556334
0.25529312129481513,0.2483352766618222
0.15106176092343404,0.19703693060935784
0.29293309494683356,0.26203988704748543
0.2703177441109125,0.2516453821541658
0.29296446159154355,0.26204541310006024
0.5114645086415106,0.3376749686396517
0.5491672155829491,0.349180210100519
0.5905398199554595,0.35779532606473224
0.630751858473699,0.3681953570106267
0.5692418681973589,0.35183271533645377
0.5478811831498385,0.3491746840479441
0.17113641353784387,0.20742590945010253
0.19622972930585614,0.21803593039384178
0.4763338665662935,0.32684390559291787
0.2301684388820928,0.23550930863556238
0.2088077538345723,0.22511480374224282
0.42482983595244816,0.310033653660181
0.12844641008751292,0.17934803631721755
0.16360841880744018,0.19902630953630893
0.51020984285311,0.33590663181569513
0.5001725165459051,0.3343593370947332
0.5742291647062514,0.3564690734467648
0.5290611963238293,0.34342758937008533
0.5215018349487155,0.33988538966959736
0.559204541890154,0.35139063113046465
0.5579185094570434,0.3513851050778898
0.47504783413318286,0.326838379540343
0.25149775728490326,0.24390890854935596
0.2226404441516891,0.23086742447267647
0.1761550766914463,0.2076469515530971
0.19751576173896676,0.21804145644641665
0.3105297826291522,0.2675714656749245
0.18371443806656002,0.21450478279850357
0.4198425394435557,0.3080498007858047
0.5277751638907187,0.34342206331751046
0.16486308459584076,0.2007946463602655
0.1271603776544023,0.17934251026464268
0.11966374956870862,0.17625344687529357
0.2226090775069791,0.23086189842010157
0.13597440481791664,0.18575825730405998
0.09074370314607447,0.1523698476467305
0.6294971926852984,0.3679743149076321
0.6068818418493774,0.3644321152071442
0.6521125435212194,0.3724006830200983
0.6383112198488128,0.36908505147517984
0.5755151971393621,0.3564745994993397
0.6320378909068096,0.3682008830632016
0.2050751231140805,0.22489928769182316
0.2238951099400897,0.232635761296633
0.05928295850192905,0.11919695403982075
0.05291552962579593,0.10613889180541664
0.07189234967535524,0.1402070059294544
0.0869169724914526,0.1426329430098198
0.14604309776983154,0.19305817275545561
0.37335717198331303,0.2914605909560624
0.5905711866001694,0.35934814683826904
0.3746432044164235,0.2914661170086372
0.26787114582353133,0.25143539215632105
0.22511840908378034,0.23329336155304187
0.1824284056334494,0.2144992567459287
0.6621812364731344,0.3739535037936352
0.5014585489790158,0.33436486314730807
0.7011072425582635,0.3832427981719818
0.595621216398482,0.36222722022977333
0.5240111665255168,0.34054851597858105
0.663404535616825,0.37726360928597885
0.6182052005896929,0.3653218096716973
0.618236567234403,0.3666535883422396
0.35453718515730376,0.2857134962782036
