0.2738250860296352,0.11209158458294244
0.6329449339673969,0.22252307337144275
0.5509571017728817,0.2050112134053416
0.3886419683297885,0.162492833384423
0.53624550420079,0.1990862667227836
0.31623575299778833,0.13500406448511165
0.3643063573603917,0.15469381332552198
0.259664643409812,0.11073911559199646
0.20649232269415846,0.09326972445894435
0.3801414631044156,0.15539128223751947
0.23930724062153322,0.10250615117488938
0.2545699931458935,0.10694904447848001
0.38638081980766104,0.16210081338704732
0.2800291122872223,0.12006156891847673
0.42031217981783625,0.17469010002499127
0.45820761583086606,0.17961376229758563
0.32471505995576627,0.14057946000334304
0.4429165989499791,0.17569138443495488
0.34057136396718507,0.14964165560934337
0.5022929459232198,0.18771496443779703
0.4044770740738124,0.16946262225443076
0.28513082864027245,0.12102092896760991
0.4655351502603854,0.1866249310562053
0.5927883494322397,0.2058388111775791
0.5113587382791247,0.195644113356938
0.6012747224793492,0.2087141689638857
0.5101998996615343,0.18889047995770536
0.36374107022985985,0.15068649779679316
0.5481024017636957,0.19947719777572206
0.28907370637573226,0.12589831110162517
0.4915595565322461,0.18732348891263995
0.3038065022152189,0.13064883120871199
0.33151263770041195,0.14484921114142613
0.5254909165424213,0.19599257557682748
0.4559252690413436,0.17647596890192477
0.4644116420884533,0.18348931554941875
0.38240261162654304,0.15748205555685624
