0.3331873008246126,0.12206686009949685
0.4265232721645551,0.16179645341686263
0.2788773397587637,0.10289817117226502
0.29866945541651063,0.10930170893495245
0.39993357876216257,0.15190720451084344
0.41972569441990937,0.16166469113996693
0.43499551303340145,0.16497562670113539
0.44404717321104287,0.16676204005028744
0.3388543043081945,0.13173777564586656
0.3784526678019516,0.151079606738606
0.3705245157962423,0.140624651197485
0.37559796779276566,0.14358549112210825
0.4078264003222137,0.15626134884280599
0.3541241229216865,0.14049343339280784
0.31167812550787516,0.10969427340454668
0.26358632287787676,0.08943664004016028
0.31506278220193473,0.11069555781451029
0.3190339242939211,0.11339722896309078
0.2703768345333908,0.08987276228724068
0.5758226694271521,0.20122114229182514
0.31960627751358456,0.1198007667257782
0.2958500858529829,0.10372685788893965
0.353551769702023,0.13352364452280005
0.3348902283053398,0.12664097120776463
0.32978851195228975,0.12197920007230591
0.405007030758686,0.15308217555853318
0.4446124603415747,0.17464599777528653
0.4434606878131161,0.1658021355289357
0.4112393213727998,0.15804885113639516
0.5356590188028632,0.1951644333323714
0.49719829565930146,0.1848396066514904
0.5322743621088036,0.19486007336218675
0.5503706163749549,0.1996519733578854
0.498915355318292,0.18566883784038357
0.46779629878251283,0.17895876221863719
0.5842949102959984,0.20544570223576625
0.4909801372234509,0.18353287332690493
0.4660933713017856,0.17569138443495488
0.5656333688993154,0.2001746666877196
0.5639375075077196,0.19986976224531633
0.5119098932313932,0.19259397998846808
0.5407607351559133,0.1963415822689355
0.5831714021240663,0.2051413422655816
0.5973106464764946,0.21328719112771632
0.4740215233074951,0.18187767778242997
0.5288755732364808,0.19285587112560373
0.5825990489044028,0.20291935114156767
0.5045682266236107,0.18806451560212364
