0.3303820634393482,0.143629593371813
0.34396308675037623,0.15086127337895647
0.3315197037895436,0.14772456892773278
0.3303820634393482,0.143629593371813
0.32699034065615706,0.14275843782208936
0.5628281315140509,0.21468104000727417
0.5074017283654015,0.19904162000086026
0.5599946297722599,0.21398357109527663
0.596759491524226,0.2235243577814064
0.5328537814175989,0.20736224444515827
0.5051335137541425,0.1990410755286417
0.6125875311791182,0.22609426665309115
0.5662198542972421,0.21855768220354443
0.5334190685481306,0.21019349998176018
0.48082616714127235,0.19712453331924962
0.389214321549452,0.16558598005816053
0.4310667674762049,0.17943898671542233
0.34508659492230837,0.1560876622050798
0.3897654765017206,0.1677627799880325
0.4638463549579214,0.18814999774044028
0.44632245391143366,0.18479604887400422
0.4067311565068082,0.17185775554395225
0.3399919446583899,0.14872585333769636
0.4259650511231548,0.17908943555109572
0.44575716678090177,0.1843604710991424
0.36996629475484205,0.16157648664055738
0.39824478345969855,0.17133451774189945
0.37279979649663303,0.1632757844347371
0.4983642003660234,0.1976918733710072
0.5300414779432028,0.20666640894981655
0.4774485765363444,0.19459927116948822
0.42088453303749973,0.1766071867066019
0.3790179549324835,0.16327578443473711
0.47516622974682193,0.19002407111678332
0.4384084340839875,0.1838377777693082
0.44689480713109714,0.1876278488828247
0.49721949392669645,0.19734232220668058
0.22176214130765043,0.09597085113530626
0.21497162965213643,0.0913531822495523
0.23816960027133782,0.10246204892518462
0.2868337561209997,0.13008149115695444
0.3139746044756609,0.1416684044404976
0.2653457790716572,0.12467978227644921
0.27099158428784426,0.1252890466890372
0.27891267020442195,0.12755459559053728
0.2500618282799019,0.11422428226310967
0.26476635976286206,0.12149897557552075
0.25232297680202936,0.12071439110855088
0.2755209474212308,0.12738036448059256
0.2483589007991747,0.11208940669406814
0.27381801994050353,0.1257681822413852
0.2494894750602384,0.11296056224379179
0.3451007271005716,0.1562629822594617
0.3400060768366532,0.1492931933894539
0.38243087598306963,0.1651504022832987
0.3309473505698801,0.14471853780896757
0.412963447120922,0.17355759781035054
0.36094289893372716,0.16079408006246185
0.39769362850743,0.16998531558426497
0.38130030172200596,0.16345164896133757
0.39430897181337043,0.16907114672927373
0.35527589545014515,0.15787462002645045
0.3926131104217748,0.16902758895178754
0.410129945379131,0.17325214889572865
0.2896531256845274,0.1343496088783818
0.3252732809971665,0.14188564885570995
0.30944524134227436,0.13787833332698116
0.30491587820888777,0.1347416288757574
0.31340225125599736,0.13892371998664954
0.5108005172377243,0.20095870668247087
0.5266285568926167,0.20588073553840952
0.6414383731036383,0.22674926673203963
0.549826527511818,0.21228536224553413
0.5944983430020986,0.22165137334950052
0.5532182502950093,0.2135485377926334
0.5074017283654016,0.20060969999036282
0.577532662997011,0.2193422666705143
0.5147645932405791,0.20453098890855642
0.46725927600850764,0.18832586226704076
0.4723397940941627,0.18858666445973926
0.4169204570346451,0.17499500446739455
0.24609068618791555,0.10629567781618726
0.2449671780159835,0.10533795118370982
