0.21220172271253027,0.12502770002412011
0.1924025409656517,0.11736044224211481
0.17713978844129136,0.11444207115054059
0.1935401813158471,0.11814502670908467
0.20598356427667974,0.12324183114718662
0.23369676585100443,0.13426303779562798
0.6063764388323992,0.22735798667240903
0.2732880632556299,0.14824671778534834
0.2704545615138389,0.14689588221105812
0.26820047908084316,0.1463737333534425
0.32757682605408384,0.163972708874516
0.30269712622155015,0.15865811554898315
0.24218313889811408,0.13962118889864705
0.22805096063481745,0.13234704005845455
0.32079338048770156,0.1623175133300411
0.2919566707414447,0.15395387558047546
0.3010012648299546,0.15643666889718788
0.2693310533419069,0.1466350800183596
0.31344464779078723,0.15996539334578724
0.2749839246472255,0.15003258666228184
0.2359720465513952,0.1357015333971092
0.21843401332664408,0.12881831560985518
0.2353996933317317,0.13535252670500114
0.1929678280961836,0.11779602001697666
0.14544131259671705,0.08756365560825441
0.504038269938737,0.21237247780050647
0.5272079762014118,0.21624857552455815
0.1912860988828513,0.11688239563420395
0.2065488514072116,0.12380808225450698
0.268765766211375,0.14654796446338725
0.2399219903759866,0.13779176224422737
0.21107114845146654,0.12450500669428592
0.23143561732887696,0.13391457557573855
0.2438860663788413,0.13966529114835183
0.21220878880166194,0.12585584226857616
0.2133393630627257,0.12668344004081364
0.2540683008175465,0.14437007558907813
0.2653740434281838,0.1456332511361774
0.21955752149857616,0.12929690668998461
0.23087739628747675,0.13326175338566437
0.3988454010358886,0.18984929553462
0.3807350145914741,0.18335755327252304
0.43503084347905957,0.19681908440462778
0.49497247758283225,0.20853775996506668
0.1658199136523908,0.10385644227696103
0.17090749782717757,0.10694904447848
0.20146126723242483,0.12289336892729717
0.18506087435786914,0.1148346356201348
0.19693897018816992,0.11840691784622037
0.17147985104684108,0.10782074450042223
0.11317048353247927,0.05641603340010378
0.11032991570155665,0.054585517801246944
0.12277329866238934,0.060335688901641635
0.24671250203150064,0.14058000447556163
0.5362737685573166,0.2176440578207717
0.49555189689162743,0.21097808444873006
0.5119593558553147,0.2139411022622276
0.5130828640272468,0.21585709999940106
0.4565258866175338,0.20078393110030757
0.567364560736569,0.22143358446206962
0.5351361282071212,0.21629322224648148
0.5187286692434337,0.21598722885964103
0.5029006295885415,0.21193635555342605
0.3004359776994227,0.15552195556997803
0.28403558482486696,0.1530821755585332
0.3315479681460702,0.1657161089184005
0.2953413274355043,0.15425823555066015
0.30156655196048643,0.15752561333434245
0.29986362447975917,0.15495515999043907
0.2761144989082892,0.15103441554446406
0.13296966527935783,0.07052984225006412
0.12786794892630773,0.06904778887109675
0.1397531108457402,0.07070407336000883
0.3236198161403608,0.1633628999897095
0.31287936066025535,0.1597476044583563
0.32643918570388847,0.16392860662481124
0.32022102726803797,0.16231696885782249
0.33888256866472116,0.16667329107865933
0.2987259841295638,0.15430124885592772
0.28855788186912185,0.15369198444333976
0.32927268744567945,0.16541011553156004
0.317387525526247,0.16100969106101842
0.3417160704065121,0.16815479998540814
0.3501953773644901,0.1712909599644133
0.3354979119706616,0.16654316221841936
0.41581108104097625,0.1954687933025561
0.39148960224984275,0.18697393774831333
0.3801767935500738,0.18248694219501796
0.3937507507719702,0.18758374663311989
0.42768211078214535,0.1964270644072521
0.36151525215339064,0.176911002204568
0.42203630556595845,0.19560001110723324
0.3643487538951816,0.1804397266531674
0.3965842525137611,0.1890652555398687
0.39997597529695234,0.19045910441942654
0.351905370934349,0.1739490733355076
0.34680365458129886,0.17116028663195476
0.38074208068060567,0.18370655996463106
0.36773341058924114,0.18148456884061717
0.35925410363126314,0.17503801777266217
0.43616848382925505,0.1999122310783653
0.38187972103080103,0.18649480219596531
0.41071643077705783,0.19337747551100076
0.24895951837536479,0.14066603108609682
0.2529235943782195,0.14253955999022128
0.2178545940178489,0.1283816488905562
0.23991492428685496,0.1371814088872022
0.45878703513966124,0.20431211107668837
0.4746221408836851,0.20775371997031536
0.4683969163587029,0.20452989996411927
0.46840398244783454,0.2054451577635477
0.48705845775538614,0.20779727774780155
0.47461507479455345,0.20553172884630147
0.19014139244352424,0.11518255336780567
0.16978398965524552,0.10572997118108546
0.16129761660813588,0.10250615117488938
0.1743062866995004,0.11117469336685831
0.15336946460242648,0.09793149559440305
0.1482818804276397,0.09239965785365785
0.19749719122957013,0.12115051335563129
0.5057482635085959,0.2134625111820982
0.4944283887196953,0.20788602671942966
0.5413613527321033,0.2213900266845834
0.32814917927374737,0.16432171556662406
0.3083499975268688,0.15939859776624823
0.31909751909610584,0.16223039777506873
0.3009941987408229,0.15621833553753833
0.22012280862910805,0.13073431334702862
0.22521039280389482,0.13225883555904502
0.216165798715385,0.1275981533680235
0.19127196670458796,0.11535678447775043
0.2099405741904028,0.12415654447439647
0.21333229697359402,0.12611664446127469
