0.16602365045011136,0.1656323738264046
0.13211630751858477,0.12628135344079663
0.5767698629277626,0.3350335155088666
0.44490448856685805,0.30251822215836566
0.3645431448197987,0.2571935389393295
0.22257771086226905,0.20897320417106452
0.19993099338163794,0.17713208923469695
0.1446629654025909,0.15346953210912848
0.6056585427056868,0.3401230099303165
0.314262413349644,0.24789319245583305
0.2703491107556225,0.22932565580428935
0.601863178695775,0.33857018915677967
0.25024309149650265,0.2173838561900078
0.27166650983344315,0.23331546576334128
0.5265832313917381,0.31889744199026315
0.3871271290110097,0.2750979492818895
0.4260845017408488,0.29478174855355577
0.3720711395502024,0.2609512546902371
0.6734732285687399,0.36201723023192844
0.48637119287349834,0.30275031636650995
0.6521752768106395,0.3542862826796934
0.5655092374768672,0.33106028370753926
0.6056271760609767,0.33879123125977423
0.6421065838587247,0.35074408297920556
0.39343182459772275,0.2755455595404535
0.37586650356011425,0.27112471748056216
0.3406103949060569,0.2489984029708059
0.3519337536463725,0.2540878973922558
0.4072645149148395,0.2881504854637187
0.5465951507167278,0.3235282740479994
0.3569524167999749,0.2569614447311852
0.49264452181550134,0.31114991628030353
0.39590978952981404,0.27841358082680806
