0.040764268200479084,0.03319592669443838
0.15729821015962295,0.08677852666906596
0.08941429187187767,0.05380147780649566
0.0005864853979268093,0.008887420023836995
0.005695267840108534,0.02121590446908242
0.08942842405014095,0.06190431336336279
0.04699655881459289,0.03894664226705165
0.9445806629404818,0.30446777568397965
0.04247426177033797,0.03864173782464837
0.17653917086510124,0.09771316223475356
0.9100840157997748,0.30076427565321695
0.9321443460687808,0.30342238902431123
0.15052183068237224,0.08298954449998666
0.9016047088417969,0.3005029289882999
0.82921262568806,0.29043836002789875
0.8529688173486616,0.2948823422759266
0.8507076688265341,0.2935320511738549
0.8869001773588367,0.2979324756443965
0.1126193285802107,0.07179301779716339
0.8382642858657015,0.2923118889320232
0.8744567943980041,0.29732212228737137
0.8818125931840499,0.2973662245370761
0.8642886921375622,0.2953625667727117
0.14486189328792193,0.0811595733733484
0.23877021784752792,0.12960126666016927
0.836003137343574,0.2918327533796752
0.8145151602942317,0.2880862400436449
0.8026370644639308,0.2861255955845481
0.1222433419775157,0.07497382449809188
0.8552370319599207,0.29488288674814517
0.07018746334466262,0.047615728931239144
0.8405254343878289,0.2926167933744265
0.7766197242812016,0.28124603556165845
0.170879233470651,0.09631876888297711
0.6573017432041885,0.2562841622287644
0.2636569837691932,0.1389237199866495
0.3371867072731256,0.16266597554993054
0.8320461274298511,0.2914407333822996
0.3326644102288706,0.15665500225683732
0.5537906035146727,0.22713910884054098
0.8105581503805085,0.2873457578263798
0.7964189060280803,0.28529799781231063
0.8354378502130422,0.2915278489372719
0.76700984306216,0.2799828600145592
0.36489990884745027,0.1732516044235101
0.8230015333413413,0.28926284450799045
0.8620204775263031,0.29536202230049313
0.7025388458250009,0.2661293088850788
0.28176030412447617,0.14184318002266091
0.7658792688010961,0.27941660890723885
0.6301538287603959,0.2487911355567038
0.5249609598575478,0.21964717111291754
0.8405254343878289,0.2926167933744265
0.809985797160845,0.2870838666892441
0.35698588902000417,0.16676149557806888
0.8207333187300822,0.28926230003577186
0.8416560086488927,0.29270390892939885
0.8671080617010899,0.2967994289575372
0.471230418100494,0.20535804220857531
0.23424085471414133,0.11919041336875305
0.5221345242048884,0.21912447778308333
0.5187286692434339,0.2168148266318785
0.8252626818634687,0.2897855378378246
0.8003759159418032,0.2856900178096863
0.7941577575059529,0.2848188622599626
0.8891613258809642,0.29810670675434126
0.3151263770041195,0.15526006443284232
0.7918966089838253,0.2843397267076146
0.07584033464998127,0.04944515558565881
0.01305813271528607,0.028534700031198262
0.14485482719879028,0.07937316002419632
0.8608899032652395,0.2950571178580899
0.533454398993789,0.2216519178217191
0.7183739515690246,0.26930957111378867
0.7308173345298574,0.2726640644524433
0.06453459203934397,0.04652678449408458
0.165233428254464,0.088043335632821
0.8727609330064084,0.29688654451250956
0.7811490874145883,0.28224840891605923
0.5340055539460575,0.22265265775946413
0.709329357480515,0.267480144459369
0.7901936815030981,0.283860046683048
0.8501353156068706,0.29340083336917777
0.8314808402993191,0.2907873667200068
0.4078899951243986,0.1817039911447038
0.8048982129860581,0.2864740578044376
0.8524035302181298,0.2942289756136338
0.7426954303601582,0.2751038444638881
0.8082899357692493,0.28686607780181317
0.751740024448668,0.27623634667852887
0.8235597543827413,0.28956720447817513
0.890291900142028,0.29832449564177216
0.1850255439122109,0.10089342446346344
0.7308173345298573,0.27205425556763674
0.747783014534945,0.2757136533486947
0.8111234375110404,0.287868451156214
0.8150804474247635,0.2883911444860482
0.7330784830519848,0.27275118000741566
0.6974512616502142,0.2647790177830071
0.5866055214420475,0.23846630887582274
0.5752997788314101,0.23498168667692815
0.5628493297814459,0.2311910710911931
0.7590958232347139,0.27793564447270863
0.8088552228997812,0.28699675113427175
0.4718098374092892,0.20758057780480785
0.2551776768112153,0.13657160000239565
0.7986800545502077,0.2856029022547139
0.6081005645805215,0.24212625112909925
0.7873672458504387,0.2831195644657829
0.6782244331229993,0.2596822133449052
0.6561641028539933,0.2552382310968774
0.1312808699768939,0.0750168378033595
0.21557931331745814,0.11614082447250168
0.8196027444690184,0.2891751844807995
0.43673377095978705,0.1912006755811288
0.8128192989026359,0.28791200893370017
0.10357473449170088,0.07153167113224632
0.7274256117466662,0.27140088890534403
0.9230926858911394,0.3029427089997447
0.19689657365338006,0.1038117955550377
0.047561845945124755,0.040732511143985135
0.5600228941287865,0.23092972442627602
0.8461853717822794,0.2933578200639102
0.8258209029048688,0.2900463400305231
0.8608899032652394,0.2949264445256313
0.5945195412694935,0.23855342443079514
0.3892213876385837,0.17773914444902403
0.6748327103398081,0.25968221334490516
0.48085443149779905,0.2094100044592275
0.7240338889634751,0.2711831000179131
0.6250591784964773,0.24765808886984444
0.1397601769348719,0.07919838444203305
0.7489135887960087,0.27597500001361175
0.22972562375901806,0.11914740006348547
0.49726189046148644,0.21311350448999017
0.6934871856473594,0.26368952887363395
0.7149822287858336,0.2681335111216617
0.07188332473625823,0.04866111559090753
0.3897866747691156,0.1816593444227805
0.7607916846263095,0.27828410669259807
0.8003759159418034,0.2858206911421448
0.7409995689685626,0.273884226694275
0.5260915341186115,0.22143303998985106
0.45425767200627476,0.20230790884010538
0.7370354929657079,0.27384012444457023
0.34736187562269916,0.16445184442686403
0.5368461217769802,0.22609481112530977
0.8173415959468909,0.2888702800383962
0.16917630598992375,0.09196244666214029
0.5000883261141457,0.2157705289166473
0.8456200846517474,0.29270445340161744
0.8235597543827413,0.2895672044781751
0.3643346217169184,0.17181419776646606
0.869376276312349,0.2967999734297558
0.7839755230672476,0.28303244891081053
0.6833120172977861,0.26111962000194916
0.5063064845499963,0.21629322224648148
0.6533376672013339,0.255151115541905
0.48424615428099016,0.21049894889638202
0.5515435871708085,0.22639971556771302
0.28402145264660367,0.14802838442569885
0.6697451261650212,0.259638655567419
0.5656757654341051,0.23306405552309897
0.5803732308279336,0.23585175328221464
0.6459889345044196,0.25127447334563474
0.8082899357692493,0.2868660778018132
0.763052833148437,0.2785890111350013
0.6199715943216906,0.24639491332274516
0.6346831918937824,0.2508824533482591
0.6691798390344894,0.2578963444679717
0.7240268228743435,0.2699193799985953
0.5555005970845316,0.22905673999437015
0.7788879388924609,0.281943504473656
0.7562693875820546,0.2771080467004711
0.7008500505225371,0.26608629557981117
0.367175189547841,0.17630173779198002
0.462751111142516,0.203615731109128
0.20370828357628898,0.1129175489385242
0.4514312363536155,0.19943309552601735
0.21275287766479878,0.11548745781020894
0.7568346747125865,0.2776742978077915
0.4186445827827672,0.1896761533691124
0.5504130129097449,0.22631260001274064
0.678789720253531,0.25981288667736374
0.7036764861751964,0.26612985335729733
0.7460871531433493,0.27532163335131904
0.7110252188721106,0.2679157222342308
0.6618169741593117,0.25632717553403195
0.7653139816705644,0.2790681466873493
0.41410815356024905,0.18958794886970287
0.5990559704920118,0.24077596002702759
0.8048982129860582,0.2866047311368961
0.8105581503805085,0.28721508449392125
0.7873672458504388,0.2832502377982415
0.6855731658199133,0.26347173998620305
0.5668063396951689,0.23376097996287787
0.42371803477929076,0.1910689133042331
0.6499459444181428,0.25375726666234716
0.5996071254442803,0.2419073732972312
0.648815370157079,0.2526683222251926
0.7065029218278557,0.26739302890439665
0.7619222588873733,0.27850189558002897
0.6522212251185335,0.25432460671410473
0.7161128030468974,0.26865620445149596
0.5357155475159164,0.22330711336619405
0.6804855816451266,0.26103250444697684
0.7726697804566103,0.28072388670404286
0.6120575744942445,0.24617712443531425
0.793592470375421,0.28451395781755934
0.7376078461853716,0.2738406689167889
0.6301467626712642,0.2483114555321372
0.7641834074095007,0.2786761266899737
0.44182135513457377,0.19899751775115554
0.7590958232347138,0.27793564447270863
0.6442789409345607,0.25114271106873903
0.4378643452208507,0.191723368910963
0.7415648560990944,0.27423268891416447
