9.652416482466385e-06,0.0022756445450793444
0.0019497881294582098,0.009852291358230372
0.011611857028407061,0.012127935903309716
0.030945647242787228,0.0231199427491755
0.8870474223221788,0.4354356855899825
0.05803998030907038,0.06138939269446157
0.057016824161928936,0.04281316617506181
0.8165365199177618,0.42708660701776957
0.8406868659568927,0.4305019670504844
0.8377911410121528,0.4282301089355965
0.8696634202372568,0.4305095399108673
0.0976921072190423,0.09776941397419928
0.7643845136629959,0.4217742454591235
0.6040482234727466,0.3933343682909189
0.6755243675254102,0.4035766619588717
0.588594704684318,0.3903014377075436
0.7817685157479177,0.422156674908463
0.5547919421627207,0.3823423614450531
0.7373384426791251,0.4164656703306689
0.5702358085346668,0.38612879163653285
0.5702454609511494,0.38613257806672435
0.13342535303713285,0.11330135061964933
0.7643845136629959,0.4202596733825316
0.4784799374523413,0.352785487370362
0.2822849200297295,0.22054062650273942
0.8706286618855035,0.4320241119874592
0.05220026833717822,0.03789459335632958
0.8793158367197232,0.43353868406405116
0.5992220152315134,0.3921984392334749
0.1923823129120375,0.15195323001427483
0.60018725687976,0.39257708225262294
0.5673400835899269,0.38423557654079304
0.553826700514474,0.38196371842590515
0.6504087798380327,0.39940401588786106
0.6600611963204991,0.400161301926157
0.5982664259997492,0.3910662966062225
0.5461047673285009,0.3796918603110173
0.550930975569734,0.38044914634931326
0.7286512678449052,0.4149510982540769
0.4890975955830543,0.3565719175618418
0.41083580274321685,0.3198132532629562
0.3383847646258241,0.2876058780542292
0.5586529087557072,0.38272100446420115
0.5663748419416803,0.384235576540793
0.30355884595708543,0.2417597812957921
0.10832907018272026,0.10572849023668977
0.5856989797395781,0.3895441516692476
0.48620187063831455,0.3554359885043979
0.5316068377718364,0.3758978572591546
0.5740967751276533,0.3865074346556809
0.4359706952635593,0.33118768955816136
0.1440816208337757,0.11710292653189504
0.6098493257787089,0.3948527267977023
0.5654096002934337,0.383856933521645
0.6455825715967995,0.39486029965808533
0.5615486337004472,0.38347829050249704
0.05704578141137634,0.0454750265996721
0.5760465632571117,0.38727229355435977
0.5441742840320075,0.37931321729186934
0.39442669472302405,0.31110446382255263
0.5847337380913313,0.3891655086500997
0.09378287854364341,0.07692511577010311
0.5441742840320076,0.37704135917698145
0.47459966602638975,0.34861284129935133
0.5837684964430847,0.38802957959265577
0.1672860300576249,0.14059393943983553
0.6813158174148901,0.4054698770546116
0.564444358645187,0.383856933521645
0.21657126861709824,0.1765877448400422
0.15568382544570028,0.1288484329858653
0.5518962172179807,0.38044914634931326
0.7131880966399939,0.41153573822136214
0.6822810590631366,0.4062271630929076
0.5161436665669251,0.370210639111552
0.19915830928272887,0.16066959231506125
0.4572253163579504,0.34103998091639176
0.28423470815918767,0.22168412842056626
0.09764384513662996,0.07957561690413895
0.2523238192681537,0.19288454038417113
0.52195442128937,0.3709754980102309
0.7315469927896452,0.4153297412732249
0.5151784249186785,0.3690747100541081
0.5518962172179807,0.38082778936846123
0.3122460207913052,0.24743942658301174
0.5692898717193852,0.38462179242032396
0.5885947046843178,0.38992279468839564
0.4002181446125039,0.3148908940140325
0.2909720948639492,0.22622027178995907
0.1421318327043175,0.11368756649918024
0.6793853341183967,0.4054698770546116
0.5499657339214874,0.3800705033301653
0.5847337380913314,0.38802957959265577
0.5982471211667842,0.3906800807266916
0.5103522166774453,0.36756013797751613
0.5789422882018516,0.3876509365735078
0.08412080964469455,0.07010575499524803
0.5605833920522004,0.38347829050249704
0.7556876864122936,0.4176053858183043
0.032876130539280506,0.025770443883211345
0.5364330460130695,0.37665514329745053
0.20014285576394045,0.16673545348181182
0.492977867009006,0.36112320665200054
0.03481626625225625,0.033347090696362366
0.487167112286561,0.35581463152354587
0.3915116649453192,0.3095823188855778
0.4997345585467323,0.3630164217477404
0.4214727657068949,0.3243645423531148
0.44465787009777913,0.33345954767304925
0.4379011785600527,0.3319449755964573
0.32770919199621634,0.25615578888379825
0.6639221629134857,0.4020545170218969
0.2533083657493653,0.2076591909913252
0.5335373210683296,0.3758978572591546
0.42535303713284633,0.3270226163475336
0.35481317747898194,0.2955649543167197
0.12473817820291312,0.10913627740902157
0.553826700514474,0.3808277893684613
0.5654096002934337,0.38385693352164507
0.5238849045858631,0.37135414102937886
0.0754336348104748,0.0689698259378041
0.540294012606056,0.37665514329745053
0.23010395652551607,0.18492546412168065
0.7276860261966587,0.41267924013918905
0.3538479358307353,0.2944290252592758
0.24844354784220216,0.18909053733230835
0.36446559396144834,0.2963222403550157
0.7035356801575277,0.40850659406817835
0.13244080655592128,0.11026463360608255
0.4349861487823478,0.33004418764033455
0.5953513962220444,0.3903014377075436
0.05317516240190731,0.03941295186311297
0.7267207845484119,0.41154331108174513
0.5026302834914721,0.3656669228817762
0.6726286425806703,0.4031980189397238
0.6958137469715545,0.4081279510490304
0.6590959546722523,0.39978265890700904
0.2774587117884963,0.21751148234955564
0.447553595042519,0.33800326390282504
0.4581905580061969,0.34671962620361146
0.5644443586451869,0.3834782905024971
0.03286647812279804,0.02500937141472391
0.52195442128937,0.37135414102937886
0.40795938263144194,0.31792761102759914
0.31518035540197503,0.24783321532292563
0.28809567475217424,0.22282005747801026
0.4504686248202239,0.33952540883979987
0.5238849045858631,0.3743832851825627
0.7045009218057743,0.4103998091639182
0.6484782965415394,0.39864672984956506
0.529676354475343,0.3755192142400066
0.38378973175934605,0.3016308154834703
0.08507639887645874,0.07161654064164848
0.4659317960251351,0.3467271990639944
0.2658758120095365,0.2159969102729637
0.4446771749307441,0.336874907705764
0.2910107045298791,0.22888591864476085
0.42436849065163473,0.32550047141055877
0.17885927742010213,0.14854165641175154
0.011621509444889528,0.021219154793052655
0.6050231175374757,0.39333815472111033
0.4495033831719773,0.33952540883979987
0.04060771614173608,0.03751216390699012
0.15566452061273536,0.12884086012548232
