0.5710755687686413,0.3008848887357488
0.30353954112412046,0.20843162275038712
0.27158039015067426,0.18983646408002997
0.5093001032808564,0.297855744582565
0.40303665022538393,0.2705593693321873
0.3325160954044845,0.2353228499702765
0.30449513035588466,0.21978712689463492
0.2629125201494194,0.18227117655745337
0.534396386135269,0.3005062457166008
0.3393113966081409,0.25124100249525744
0.44652078647889504,0.28193759205758406
0.4301116784587022,0.28080166300014014
0.2764548604743198,0.2031079019011666
0.2754799664095906,0.19439532603057164
0.47258231098155423,0.2906463814979875
0.33249679057151965,0.2303929178609698
0.3509136012200655,0.2686661542364474
0.49576741537243857,0.2910325973775184
0.2368413432302777,0.17128674257197057
0.24746865377747312,0.17659153127023366
0.31611663980077415,0.22699648997921246
0.40980299417959287,0.2728350138772666
0.25421569289871715,0.18188874710811392
0.3006148589299331,0.20349790421088895
0.3054603720041313,0.22168034199037487
0.17689983687416144,0.1250544299340025
0.2986554183839924,0.20348654492031457
0.17595390005887973,0.12013964354546178
