0.2068898948851845,0.17392588441543194
0.2185017519135915,0.1894616074910734
0.24849180992461462,0.20728433440236874
0.2774683642049787,0.23531149067970203
0.23495912201619673,0.2008398302164702
0.23397457553498519,0.19515261206886758
0.33062422177392115,0.2660080802420286
0.3171011862819857,0.25350907417995383
0.5576104477756006,0.3300593333611005
0.30935029584656515,0.25236178583193547
0.38277622802868694,0.2876020916240377
0.4426694723023909,0.305795888694098
0.2948620187063831,0.2455424250570804
0.49097981679713515,0.33004797407052605
0.4301309832916671,0.3027705309711058
0.411772087142016,0.29746195584265106
0.30259360430883875,0.24857535564045571
0.6136234206233531,0.33423576586230264
0.45522726614607967,0.31602303664128495
0.41175278230905105,0.28950287958016063
0.38955222439937837,0.2883669505227167
0.34318201561760986,0.2758565851700675
0.23300933388673856,0.19212346791568374
0.36636712000849414,0.28078651727937415
0.3566953986930629,0.2785070863041033
0.3132209148560342,0.2535015013195709
0.37312381154622054,0.2853302335091499
0.3045530448547794,0.24972264398847405
0.254273607397612,0.21409612231684086
0.31997760639376066,0.2576665745301987
0.24556712773042733,0.20310790190116657
0.25429291223057693,0.23000670198143888
0.2504029883881429,0.21295640682920547
0.22819277806198782,0.19136996830757927
