0.2788773397587637,0.10289817117226502
0.26358632287787676,0.08943664004016028
0.2703768345333908,0.08987276228724068
0.5758226694271521,0.20122114229182514
0.4446124603415747,0.17464599777528653
0.5356590188028632,0.1951644333323714
0.49719829565930146,0.1848396066514904
0.5322743621088036,0.19486007336218675
0.5503706163749549,0.1996519733578854
0.498915355318292,0.18566883784038357
0.46779629878251283,0.17895876221863719
0.5842949102959984,0.20544570223576625
0.4660933713017856,0.17569138443495488
0.5656333688993154,0.2001746666877196
0.5639375075077196,0.19986976224531633
0.5119098932313932,0.19259397998846808
0.5407607351559133,0.1963415822689355
0.5831714021240663,0.2051413422655816
0.5973106464764946,0.21328719112771632
0.4740215233074951,0.18187767778242997
0.5288755732364808,0.19285587112560373
0.5825990489044028,0.20291935114156767
0.5045682266236107,0.18806451560212364
0.666862161799309,0.21472623120141607
0.2969877262031783,0.11627204227717883
0.4282050013778874,0.16811124220792195
0.4044417436281541,0.16070478661861515
0.3959624366701761,0.15817843552441657
0.3173592611697204,0.13421948001814177
0.3569646907526091,0.14846559561721642
0.35299354866062277,0.14145170449750386
0.3337596540442761,0.13618012447723862
0.3688286544046466,0.1517754422339477
0.28510963037287745,0.11452918670551294
0.2964153729835148,0.11505188003534714
0.31509104655846126,0.13090854445697336
0.38804841684273,0.15208034667635098
0.42991499494774627,0.17181474223868462
0.35241412935182764,0.14062301778082925
0.421421555811505,0.16340700223941423
0.6747761816267548,0.21664277341080804
0.41972569441990937,0.1627100777996353
0.5695974449021699,0.20048011560234147
0.4853413980963956,0.18418732893363482
0.27716028009977317,0.09070036005947814
0.2771602800997732,0.09753893112480883
