0.6827255318998593,0.24460958891803025
0.2167098875785219,0.11235129783120382
0.2070858741812169,0.10599077337378399
0.2195504554094445,0.11683883785671777
0.20256357713696196,0.10054605118801116
0.20255651104783035,0.09906454228126237
0.37619858536895584,0.17264125106648498
0.33604906692293013,0.15813542221914897
0.3677334105892412,0.17225032001354645
0.5272221083796751,0.21367975559731056
0.5243674083704892,0.21180459327653034
0.34059962832371166,0.16166578008440408
0.32248924187929706,0.15774394669399192
0.3959977671158344,0.17904533330139094
0.38921432154945196,0.1784355244165844
0.4384225662622508,0.19093878444399315
0.3564135358003406,0.1698099955298831
0.46442577426671655,0.19673196884965544
0.40618000155453965,0.18253049997250415
0.41354993251884875,0.18444867559855196
0.316822238395715,0.15151409556903064
0.34792716275323093,0.16440828664937784
0.3858225987662608,0.17590917332238581
0.42371803477929065,0.1856241911184603
0.428812685043209,0.18684435336029195
0.41976102486556766,0.18492726667868137
0.4276750446930137,0.1864953466681839
0.3179528126567788,0.1539097733307707
0.2766656538605578,0.13792243557668593
0.4440754375675695,0.19311667331830226
0.5153298803711109,0.20962724887443981
0.4259791833014181,0.18610332667080828
0.48197793966973096,0.2030500244740262
0.5215480388069614,0.2103241733142187
0.6165586732711046,0.23171430889324587
0.528910903682139,0.21603133110934583
0.5560517520368001,0.2215201555448234
0.545869517598095,0.21864479775851678
0.4582076158308661,0.1965577377397107
0.5730103659527561,0.22173794443225434
0.567364560736569,0.22156425779452815
0.5243815405487524,0.21354799332041483
0.5486959532507543,0.2199079733056161
0.4898848934080454,0.20453044443633786
0.2970301227379682,0.14606882891103923
0.3179457465676472,0.15382211330357975
0.26309876272779303,0.13326175338566437
0.30155241978222314,0.1478982555654589
0.22633390097582692,0.11784066673889998
0.28174617194621293,0.139751317758887
0.3360420008337985,0.15809131996944423
0.27948502342408543,0.13809612221441206
0.3038135683043505,0.1479418133429451
0.5057129330629376,0.20879910662998374
0.4689480713109715,0.19699331551457253
0.5407748673341765,0.2166405955219338
0.49721949392669645,0.20618455103637562
0.40278827877134843,0.1801783799882503
0.32248217579016536,0.15573974445740893
0.3846990905943287,0.1741674066951571
0.2873990432515316,0.14127583997090337
0.28741317542979483,0.14284500890484314
0.22858798340882275,0.11962599114361488
0.2817603041244762,0.14031865781064454
0.25008302654729686,0.12642209337589655
0.3530218130171494,0.16584623777864047
0.26932398725277523,0.13526595562224736
0.2862755350795995,0.14110215333317724
0.23990079210859167,0.12271913781735244
0.3111552349121332,0.1494657910827429
0.29420368708530886,0.14332468892940975
0.3303961956176115,0.15778695999925949
0.26704870655238444,0.13343544002339053
0.4961101179330276,0.20496656668341828
0.45540944453473337,0.19599366452126463
0.45482295913680654,0.1947288555575096
0.5034588506299418,0.2068831088928103
0.4355961306095915,0.19045964889164516
0.4695345567088983,0.19995687780028867
0.33832434762332086,0.15913834004576835
0.2958995484769045,0.14550257780371884
0.3083570636160004,0.14907594897424156
0.31683637057397845,0.15282191783805327
0.38187265494166944,0.17416740669515707
0.6256103334487462,0.23589640000413797
0.5735827191724195,0.22587647776566025
0.6120293101377179,0.231408859978624
0.6357855017983197,0.23685467110883401
0.2415895874110556,0.12524494443933243
0.1827573293009518,0.09867143333944955
0.2608234820274023,0.13112633334440427
0.2517859540280241,0.13086553115170574
0.3388896347538528,0.16088065114521563
0.5362596363790533,0.21646690888420766
0.4508518170448202,0.1945970932806139
0.4220080412094318,0.1852310821766475
0.5764162209142104,0.22927452888180105
0.48310144784166303,0.2043997711038793
