0.3728209947640279,0.1772159066469713
0.4299432593042728,0.1949896577502081
0.44239370835423714,0.1999563333280701
0.4599176094007249,0.20235201108981016
0.4814055864500674,0.20531448443108913
0.46444697253411155,0.2049224644337135
0.5046035570692688,0.21376632668006432
0.40393298521067544,0.18976217997964764
0.5453183626458262,0.22191272001441759
0.511952289766183,0.2155086377795116
0.4978130454137549,0.21197991333091223
0.4616205368814522,0.20422553999393459
0.40957879042686246,0.19045855994720798
0.39883833494675697,0.18640768664099297
0.3914754700715795,0.18327043771755067
0.3790462192890101,0.1798299177683608
0.39940362207728886,0.1870610533032857
0.4214568862571632,0.19329035995602842
0.37337921580542816,0.17743315106218363
0.5034588506299418,0.21276340885344494
0.43219734173726865,0.19572959549525462
0.4174998763434402,0.1925498777387633
0.4915878208887727,0.21184869552623511
0.516474586810438,0.21563931111197018
0.35811646328106783,0.17582151329519485
0.34906480310342636,0.1720314421816784
0.38300322920273316,0.1808753044280292
0.5537976696038043,0.22513599554839514
0.5634075508228459,0.22635561331800821
0.5226927452462885,0.21942883775326805
0.619385108923764,0.23075603778854986
0.5939330558715665,0.23023225551427845
0.48536259636379053,0.20831997107763575
0.6329590661456603,0.23990371553286677
0.5831926003914611,0.2299273510718752
0.5662339864755053,0.2289690799671792
0.5515294549925451,0.22356737108667396
0.552094742123077,0.22461275774634235
0.3060888490047413,0.15783051777674567
0.38243087598306963,0.18009071996105935
0.3700016252005003,0.17669375778935564
0.3337879184008027,0.1640157221797836
0.29137725143264953,0.15273316886642518
0.23708142254506398,0.12572516893611763
0.23142148515061367,0.1255503933539543
0.3332296973594025,0.16345001554468186
0.2885508157799902,0.14872585333769636
0.2840285187357353,0.14868229556021018
0.31174172031006,0.1613151399756403
0.318532231965574,0.16301443776982
0.30325534726295034,0.1568281444223449
0.26083054811653394,0.14249545774051653
0.3179669448350421,0.1620126088876378
0.2811950169939444,0.14785415331575413
0.29137018534351794,0.15177435328951058
0.2919425385631814,0.15282028442139756
0.2902466771715858,0.1489000844476411
0.3360702651903251,0.16846024890003
0.2806297298634125,0.14672165110111338
0.2755421456886257,0.1464603044361963
0.2551776768112153,0.13556977112021348
0.37621271754721913,0.17808706219669496
0.4842390881918584,0.20762359111007542
0.4361614177401234,0.19590437107741793
0.4548300252259382,0.20156797109505883
0.44634365217882865,0.20056559774065807
0.5057199991520692,0.21407014217803044
0.275535079599494,0.14336715776245876
0.29647190169656795,0.1543017933281463
0.5379625638597805,0.22056188444012736
0.4825361607111312,0.20609852442584042
0.43616848382925505,0.19655828221192925
0.25970703994460187,0.13561387336991823
0.3015665519604864,0.15573974445740893
0.24783601020343268,0.13474271782019456
