0.1356335514574658,0.31086421167172557
0.18441403926234384,0.38313956818051653
0.12373587150505652,0.3062825725903442
0.20880428316478286,0.407250443846286
0.08804283164782868,0.2833743771834374
0.26888756692444976,0.44281541721550877
0.14872099940511602,0.3602313727736097
0.29327781082688875,0.46692629288127824
0.2212968471148126,0.4176164022679113
0.17251635930993456,0.36710383139568176
0.14812611540749554,0.33955672641887635
0.14753123140987506,0.3223183093751789
0.6412849494348603,0.5611362464921826
0.6049970255800119,0.5438978294484852
0.3771564544913742,0.49676421739877435
0.4134443783462225,0.504839356279709
0.5336109458655561,0.5393161903671039
0.5925044616299822,0.5426951491896226
0.3646638905413444,0.486398258977149
0.28078524687685896,0.4565603344596529
0.5086258179654967,0.5254567321459251
0.32956573468173705,0.4841647099249756
0.4497323022010708,0.5140599049309891
0.24509220701963116,0.4336521390527461
0.4860202260559191,0.5221350438119238
