0.3144776748452569,0.1169190621948059
0.33338567190327834,0.1216823841432821
0.4109293952691443,0.1429182442617698
0.49232964484148306,0.15865239035141435
0.2770583519961656,0.10836297546492281
0.4186452023436661,0.1472072343523055
0.48769354940898746,0.1583765171157568
0.3727415218403344,0.13339199413192504
0.3862366089014134,0.13732801138711476
0.3013599764200969,0.11512175160840084
0.26162122852396974,0.09777820059614765
0.4888532619325053,0.15851992709638263
0.7025571523410491,0.18906200028492992
0.3897157464719672,0.1390041204577685
0.365791510683955,0.13295073871103175
0.3241217450230152,0.1202708865690056
0.26045876133887574,0.09691805572607859
0.5957120937907174,0.17907236502273888
0.5332253505995522,0.17191651412785192
0.5413213009715693,0.17196053729049326
0.6258012621859343,0.18582019444062273
0.675941612193234,0.18700007820214762
0.587224981474901,0.17875254737786156
0.6065048578456894,0.17952425215554021
0.5729558345109511,0.17793666193069843
0.5683280030631837,0.17440850864566876
0.51046633665821,0.1699648468352268
0.4741929530247561,0.1578802918066279
0.36154382253368267,0.1310541988134852
0.40783591031923777,0.14019471468462288
0.33339118122643047,0.1295326827093162
0.3769809460058785,0.13512291558397121
0.3792976163913383,0.13544273322884856
0.2990460606962132,0.11509970065036938
0.41132055721294364,0.14630322382643823
0.359232661471375,0.12992967870730357
0.3908616856876049,0.1397535380171511
0.4082215629398851,0.1402057401636386
0.43871291192520545,0.15457264810191262
0.42443550097652755,0.1499306851760309
0.36502020544266034,0.13181511437241286
0.2894019905184549,0.11339067264951161
0.41092388594599216,0.1405586342455631
0.3194939135752477,0.11758066968917048
0.24193641690150156,0.0892881092335158
0.5089071982061645,0.16083527768968334
0.5633035003484648,0.1723464290560434
0.5729503251877992,0.17605114751216763
