0.21728930688731704,0.12145596227025313
0.2189922343680443,0.12807728892037148
0.24105256463705033,0.1414506155530667
0.190127260265261,0.10803798891563457
0.23255912550080904,0.13021162001719444
0.5159022335907745,0.22208531770770662
0.30496534083280924,0.16689107996609026
0.2591558849923333,0.15072951110206076
0.404505338430339,0.1969933155145725
0.2461401488118371,0.1416684044404976
0.27782449247814817,0.1588323466589279
0.32362688222949243,0.17259769328899877
0.3456942785876301,0.1798299177683608
0.4282615300909406,0.20387653330182653
0.4599246754898566,0.21128189994669616
0.3372079055405205,0.17756436886686075
0.3637834667646498,0.1849261777342442
0.37962563859780524,0.19015419997702326
0.48368086715045827,0.21568232441723778
0.4316532528741317,0.2043992266316607
0.31005999109672766,0.16898239775764562
0.3445566382374347,0.17961158440871133
0.38132149998940085,0.19041554664194035
0.3773644900756778,0.1892830444272996
0.36887811702856815,0.186886822193341
0.4095999886942574,0.1986926133087522
0.408462348344062,0.19782091328680995
0.3428678429349708,0.17895876221863719
0.3405996283237117,0.17813061997418111
0.3914966683389744,0.1931161288460837
0.3366426184099886,0.17730302220194366
0.3496512885013532,0.18104953553797395
0.37679920294514596,0.18923948664981344
0.3632252457232495,0.1848831644289766
0.3298591728436063,0.1751686911051207
0.39998304138608404,0.19559946663501465
0.3750962754644187,0.1883677866278712
0.2563365154288056,0.14820370448008077
0.3462524996290303,0.1799600466286008
0.3157128624020463,0.17081182441206527
0.31119763144692303,0.16902650000735037
0.3898078730365105,0.1929859999858437
0.3304244599741381,0.1754300377700378
0.37906035146727335,0.18971862220216143
0.35191243702348063,0.1816593444227805
0.41073056295532107,0.19886684441869693
0.4265586026102134,0.20291771772491196
0.43674083704891853,0.2057495177337324
0.42939210435200426,0.20392009107931272
0.3553041598066718,0.1828789621923936
0.41299171147744856,0.19956376885847588
0.34116491545424354,0.17839196663909823
0.37057397842016376,0.18723528441323045
0.3411719815433752,0.1786974155537201
0.4084694144331936,0.19834415108886275
0.3971566057334247,0.19516388886015285
0.41186113721638484,0.19886684441869695
0.4593664544484564,0.21102109775399763
0.5204386628132928,0.2222606377620885
0.4124264243469167,0.19912819108361404
0.4904713788059722,0.21764296887633455
0.47575978123388046,0.2148977399502679
0.40733177408299825,0.1977773555093238
0.41807929565223534,0.20104473329300607
0.3864090841641876,0.19189651107647057
0.4650193257537751,0.21145667552885947
0.3700157573787636,0.18710515555299045
0.32137279979649663,0.17251112220624498
0.38188678711993274,0.19045910441942654
0.5006465471555457,0.21768652665382074
0.40054832851661587,0.19603504440987649
0.37114633163982724,0.18741005999539373
0.40394005129980703,0.19664485329468304
0.3406066944128433,0.17826183777885826
0.3598335229400583,0.18427335554417001
0.3321203213657337,0.17577849998992726
0.38358971460066,0.19093878444399312
0.3609640972011221,0.18457825998657332
0.2834773637834668,0.16000840665105484
0.3021389051801499,0.16593280886139428
0.3400343411931798,0.17808706219669493
0.334946757018393,0.17669321331713708
0.3055306279633411,0.1672830999634659
0.31684343666311005,0.17111672885446855
0.3021459712692816,0.16610758444355755
0.3061029811830046,0.16815479998540814
0.32702567110181524,0.17434054886066466
0.32816331145201066,0.17495090221768977
0.3666169685064407,0.18640768664099297
0.33438146988786116,0.17643186665222
0.2868761526557896,0.1617512622227207
0.25632944933967394,0.14663508001835962
0.2749909907363572,0.15639256664748308
0.3015806841387497,0.16584623777864047
0.25802531073126955,0.1499019133298233
0.267076970908911,0.1536484266658536
0.3174157898827735,0.17168352443400753
0.28178150239187116,0.15965994443116535
0.2998848227471541,0.16562844889120953
0.260286459253397,0.15142643554183968
0.2947901724832357,0.16366780443211276
0.29252902396110825,0.1630579955473062
0.2501042248146918,0.14380328000953915
0.29083316256951264,0.1625788599949582
0.2546335879480784,0.14580748224612214
0.31911165127436913,0.17203198665389696
0.25124186516488717,0.14528478891628796
0.3507818627624169,0.18135443998037723
0.3377731926710524,0.17760792664434694
0.3558694469372036,0.18314030885731072
0.30836412970513205,0.16876460887021472
0.27386748256442506,0.1560882066772984
0.28517322517506233,0.16048754220340283
0.35473887267613996,0.18257405774999033
0.3258950968407516,0.1740356444182614
0.3389037669321161,0.17791283108675018
0.3230615950989606,0.1725541355115126
0.2659463966478473,0.15147053779154446
0.37340748016195474,0.1881069844351727
0.3660516813759089,0.18597210886613116
0.3490860013708213,0.18100597776048774
0.35926823580952644,0.18405556665673914
0.350216575631885,0.18131088220289104
0.31628521562170986,0.1709865999942286
0.3513542159820804,0.1815292155625405
0.34625956571816197,0.18009126443327791
0.4022441899082115,0.19629639107479357
0.32080751266596474,0.17229333331881408
0.3292938857130744,0.1749509022176898
0.3343744037987295,0.17612641773759813
0.37000869128963193,0.18701749552579955
0.38753965842525134,0.1922885310738462
0.3830173613809964,0.19076400886182981
0.35756530832879924,0.18348877107720019
0.44579249722656006,0.20810218219020482
0.39206902155863793,0.19329090442824698
0.37848799824760987,0.1893696155100534
0.3275909582323472,0.17438410663815082
0.40167890277767965,0.1960350444098765
0.3762268497254824,0.18875980662524683
0.3355120441489249,0.17699811775954036
0.3722698398117593,0.18749663107814754
0.3852785099031239,0.191765837744012
0.3745309883338868,0.18819355551792646
0.4271309558298768,0.20339739774947851
0.3931995958197016,0.19350869331567788
0.42090573130489467,0.20165454217781262
0.3869743712947195,0.19198362663144292
0.3943231039916337,0.19403084217329353
0.4158181471301079,0.20021713552076859
0.42317394591615376,0.20239556886729632
0.41920986991329906,0.20139319551289553
0.357007087287399,0.18335864221696016
0.3247645225796878,0.17373073997585808
0.35813766154846277,0.1836635466593635
0.3536082984150762,0.18226915330758706
0.33834554589071586,0.17778270222651024
0.3943301700807654,0.194249175532943
0.3275980243214788,0.17451532444282797
0.3468248528486938,0.18052684220813975
0.3892355198168469,0.1925934355162495
0.34681778675956215,0.18022139329351788
0.34229548971530727,0.17874042885898767
0.33607733127945677,0.17725946442445745
0.3077988425746002,0.1685032622052976
0.27612863108655256,0.1577869599992595
0.3756615625949506,0.18841134440535737
0.3055376940524728,0.16732720221317066
0.384713222772592,0.1913302599691502
0.3456872124984985,0.1796986999636837
0.36547932815624534,0.18557954439653693
0.3683128298980363,0.1866690333059101
0.3784950643367415,0.18963150664718906
0.28857201404738514,0.16209972444261017
0.2710339808226341,0.15569564220770415
0.328156245362879,0.1746454533030679
0.3168505027522417,0.1714221777690904
0.2840426509139986,0.16026975331597193
0.40620119982193453,0.197341777734462
0.31175585248832327,0.16933085997753508
0.3140170010104507,0.16994066886234163
0.29762367422502667,0.16501864000640298
0.2964860338748313,0.16440828664937784
0.29818189526642686,0.16510521108915677
0.35417358554560807,0.18231271108507324
0.45088008140134683,0.20962670440222123
0.4344796885267911,0.2050090355164673
0.3734004140728231,0.18793220885300937
0.3965913186028928,0.19472831108529098
0.3756686286840822,0.1887167933199792
0.43108796574359987,0.2041814377442298
0.46671518714537064,0.21346033329322386
0.365486394245377,0.1858414355336726
0.4141222857385123,0.19965088441344822
0.4045053384303389,0.1967755266271416
0.3632181796341179,0.1846648310693271
0.40507062556087076,0.19708043106954487
0.4050706255608708,0.19729821995697577
0.42147101843542656,0.20182877328775736
0.39546074434182915,0.19459763775283245
0.4587941012287928,0.21032362884200012
0.3982871799944884,0.19551235108004228
0.3338091166681977,0.17582151329519485
0.30326947944121363,0.16667329107865936
0.3123211396188551,0.16959220664245217
0.3479554271097576,0.18083174665054305
0.3954536782526975,0.19437930439318296
0.4310808996544683,0.2040066621620665
0.3643558199843132,0.1855365310912693
0.26764932412857456,0.15465080002025436
0.3892425859059786,0.1927682110984128
0.2749980568254888,0.1568286888945635
0.3151475752715145,0.17015845774977253
0.3722698398117594,0.1876273044106061
0.2891373011779171,0.16236107110752726
0.3587029486789946,0.18370710443684965
0.2953554596137675,0.1637984777645713
0.38527850990312384,0.19141737552412258
0.423732166957554,0.20265637105999482
0.32419923544915596,0.17307737331356537
0.41525285999957606,0.20013001996579624
0.3886772987754467,0.19246330665600953
0.3439913511069029,0.17908889107887713
0.4423937083542372,0.2077096177206106
0.4469230714876237,0.20923468440484558
0.3841479356420602,0.19119958663669165
0.3937578168611019,0.19385661106334878
0.4350449756573229,0.2055317288463015
0.4384437645296458,0.20688256442059172
0.3530430112845443,0.18200780664266994
0.3790603514672734,0.18993641108959236
0.4022512559973431,0.1965147244344431
0.48481144141152194,0.21620501774707196
