0.17405237401183385,0.16066580588486978
0.3664153820909065,0.3054172456749501
0.33935965869055323,0.29896895505886006
0.3258366231986178,0.29404280937974486
0.3499773168212662,0.30161945619289593
0.3393500062740707,0.2985865256095206
0.37702338780513706,0.30957853245538636
0.3441762145153039,0.2993438116478166
0.31134834605843575,0.28760209162403777
0.26595303134139636,0.2694158674143604
0.3132691769384466,0.2894915202895862
0.2582021409059758,0.2652394349131582
0.2408277912375363,0.2557733594344588
0.28816324166755153,0.27850708630410326
0.26593372650843145,0.2678937224773855
0.2727000704626404,0.2716839390990568
0.2533855850812251,0.2618354341710179
0.18863717531684054,0.21826119552746862
0.24179303288578294,0.25728793151105067
0.28525786430632916,0.2769887277973199
0.23502668893157402,0.25311907187023147
0.2659433789249139,0.2694120809841689
0.2794664144168493,0.27547415572072803
0.39053677088058997,0.31185039057027425
0.3287226957268752,0.2974468101218851
0.3161745542996689,0.2913885218155175
0.2920242082605381,0.2811575874381391
0.29202420826053804,0.28040030139984323
0.29878089979826455,0.2853226606487669
0.35382863099777023,0.3046448139158882
0.3045723496877443,0.2857013036679149
0.2669086205731605,0.2697907240033169
0.28911883089931567,0.2800178719505037
0.22729510332911845,0.2474356401528203
0.277535931120356,0.2735809406249881
0.273665312110887,0.2728198681565007
0.24855937683999185,0.25994221907527804
0.22342448431964937,0.24629592466518482
0.23116572233858745,0.2519831428127875
0.31810503759616215,0.29403902294955336
0.22246889508788525,0.24516378203793243
0.23695717222806728,0.2550122869659714
0.20603082981824497,0.23417177519206664
0.2330962056350807,0.2531190718702314
0.29780600573353544,0.2834256591228355
0.2504802077200027,0.26183164774082646
0.22150365343963863,0.24478513901878446
0.25917703497070493,0.26600050738164566
0.26981399793438293,0.2713090825101003
0.26883910386965376,0.27016936702246486
0.23793206629279637,0.2553947164153108
0.32775745407862855,0.2959322380452932
0.27463055375913364,0.27357715419479667
0.28042200364861347,0.2766062983479805
0.20700572388297409,0.23720470577544192
0.21956351772666285,0.24326678051200104
0.19153290026158046,0.21939712458491256
0.19346338355807374,0.22431948383383624
0.2243993783843785,0.24705699713367235
0.23020048069034083,0.24971128469789963
0.29781565815001787,0.2849440176296189
0.19830889663227189,0.22584162877081113
0.21473730948542966,0.2406162793779652
0.2437235161822762,0.25842386056849465
0.2127971737724539,0.23834063483288587
0.21762338201368708,0.24326299408180957
0.20312545245702263,0.23227477366613528
0.26496848486018476,0.2675150794582376
0.2852675167228116,0.27737115724665934
0.23115606992210497,0.2512220703443001
0.2273047557456009,0.2489539986596037
0.3084429686972134,0.2875983051938462
0.29395469155703136,0.28229351649558304
0.2572465516742116,0.26448593530505377
0.2823621393615892,0.27661008477817195
0.3045723496877444,0.28645858970621085
0.26400324321193813,0.26751507945823755
0.273665312110887,0.2728198681565007
0.25434117431298925,0.2637248628365663
0.3007210355112403,0.2853264470789584
0.2553160683777183,0.26372864926675776
0.2736556596944045,0.2728160817263092
0.2862231059545758,0.27812465685476384
0.31423441858669326,0.29062744934703005
0.24855937683999188,0.260699505113574
0.2611075182671982,0.2671364364390896
