0.28903195915097346,0.21826498195766011
0.4001698825300914,0.2929106667524924
0.2909817472804317,0.22811727331589046
0.253260103666953,0.1917372520361528
0.27453402959430895,0.20197575927391412
0.2764838177237672,0.2171290529002162
0.5720890724993002,0.3334671205334322
0.46972519570274424,0.31640925252081586
0.43784326406115776,0.3084463898281339
0.44364436636712007,0.3111006773923612
0.3547649153965696,0.2735847270551796
0.3267536027644521,0.26486836475439324
0.31901236474551403,0.25728793151105067
0.3508846439706181,0.2720625821182047
0.48614395613941946,0.32625775744885477
0.5160664472350652,0.32663640046800274
0.3818206387969228,0.2910136652265611
0.35862588198955614,0.2773711572466594
0.3566953986930628,0.27585658517006745
0.32096215287497226,0.25767414739058164
0.30261290914180367,0.2531266447306144
0.3141861565042809,0.25463743037701486
0.34027663825638754,0.2690372243952124
0.2958272603546298,0.2421346378847486
0.2996882269476163,0.24478513901878446
0.43685871757994615,0.30540967281456716
0.44846092219187084,0.3129901060579096
0.45716740185905547,0.3156481800523284
0.4446192604318492,0.3126190358991446
0.4552369185625622,0.3133763219374405
0.41852877867974253,0.3042775301873147
0.40499609077132465,0.2951825248673803
0.4079111205490295,0.29746195584265106
0.36541153077673,0.28722723503508124
0.43785291647764024,0.3099647483349172
0.3924382969276358,0.291392308245709
0.407901468132547,0.29556495431671975
0.38955222439937837,0.2910174516567526
