0.5849025939613203,0.23476335331727866
0.21841281505924914,0.12158609113049312
0.2291603366284862,0.127858955560722
0.2500900926364285,0.1405353577536383
0.44919128609888287,0.20923522887706414
0.43277676104606383,0.20387598882960795
0.21388345192586258,0.11736044224211482
0.24105256463705033,0.14001320889602267
0.54644893690689,0.2322359132786429
0.519308088552229,0.22713910884054095
0.5238303855964839,0.22740045550545807
0.5057341313303325,0.2237846155018863
0.4118540711272532,0.19864851105904746
0.4446619229654963,0.20840708663260812
0.4865143688922492,0.21847056664857203
0.4814267847174625,0.21764296887633458
0.6041435546667985,0.23607172005851987
0.42090573130489467,0.20095761773803372
0.45031479427081494,0.20975737773467978
0.6199786604108224,0.24443535780808553
0.4339073353071276,0.2044422399369283
0.4904643127168406,0.21877492661875672
0.33210618918747037,0.1739915421685566
0.39319252973057,0.1932903599560284
0.4305156125239364,0.2037017577196632
0.4062082659110662,0.1974729955391391
0.396026031472361,0.19464119553031864
0.4005412624274843,0.1951197866104481
0.42600038156881315,0.20335383997199236
0.387546724514383,0.19189705554868913
0.43674083704891853,0.2064028843960251
0.4158181471301079,0.20052203996317186
0.4469230714876237,0.20923468440484558
0.39545367825269745,0.19407439995077969
0.5006536132446774,0.2217815022097405
0.5102634944637191,0.22435141108142528
0.49442132263056365,0.22099637327055208
0.42316687982702217,0.20204656217518827
0.4554023784456017,0.2114561310566409
0.3971566057334247,0.19494609997272191
0.47689035549494424,0.21677072438217376
0.4655846128843069,0.21428793106546135
0.3762339158146141,0.18836833110008977
0.3982871799944884,0.19494609997272194
0.4344796885267911,0.20557528662378766
0.3236339483186241,0.17190131332143843
0.4248627412186177,0.20243858217256394
0.382445008161333,0.1898051932849152
0.36435581998431327,0.1853187422038384
0.3660516813759089,0.18553653109126933
0.37453805442301846,0.18815054221265887
0.4011065495580161,0.1953811332753652
0.3247645225796878,0.1732080466460239
0.3609711632902537,0.18370764890906824
0.351905370934349,0.1809183177332968
0.3581305954593311,0.1826611733049627
0.38810494555578323,0.19202718440892913
0.3292797535348111,0.17373019550363952
0.29251489178284495,0.15970295773643298
0.423732166957554,0.20230790884010535
0.4763250683644123,0.21542043328010207
0.38301736138099646,0.19037198886445417
0.4525759427929424,0.21054141772943108
0.4107234968661894,0.1985613955040751
0.4028094770387433,0.19625283329730742
0.42599331547968144,0.20261281328250863
0.3852785099031239,0.19137381774663637
0.3773644900756778,0.1890652555398687
0.3677475427675045,0.1863641288635068
0.404505338430339,0.1969933155145725
0.401671836688548,0.19551180660782375
0.3914966683389744,0.19324680217854223
0.41411521964938064,0.19895341550145074
0.40676648695246637,0.19760312439937905
0.42147101843542656,0.20182877328775736
0.2863108655252577,0.15874577557617411
0.2715922018640343,0.15225403331407716
0.4152457939104444,0.19917120438888164
0.3909313812084425,0.19268055107122184
0.3609640972011221,0.18314085332952929
0.29591368065516777,0.16327523996251853
0.2393496371563231,0.13840102665681536
0.40507062556087076,0.19708043106954487
0.35020950954275337,0.1804391821809488
0.34229548971530727,0.17852263997155676
0.3485207142402894,0.1802219377657365
0.33550497805979324,0.1759957444051396
0.3332438295376658,0.17560372440776395
0.41525285999957606,0.20030425107574096
0.40959998869425734,0.19777789998154238
0.34172313649564373,0.17725891995223889
0.3598335229400583,0.18266171777718127
0.3801909257283371,0.18976217997964762
0.3298591728436062,0.17390551555802142
0.31627814953257816,0.169069513312618
0.3179810770133054,0.17146573554657663
0.30553062796334113,0.1662812710812837
0.33211325527660207,0.17503747330044356
0.31005999109672766,0.16811124220792195
0.3253298097102197,0.17329516220099628
0.3864090841641876,0.19172227996652585
0.35304301128454435,0.18179001775523904
0.4045053384303389,0.1967319688496554
0.37283512694229126,0.18767086218809229
0.36265289250358607,0.1841856955169791
0.36094996502285875,0.1827041866102303
0.35417358554560807,0.18231271108507324
0.3439913511069029,0.17882754441396004
0.3456942785876301,0.17996059110081938
0.39375781686110184,0.1935517066209455
0.3773574239865461,0.1885855755153021
0.3841479356420602,0.19119958663669165
0.373965701203355,0.18771441996557847
0.4282615300909406,0.20365874441439563
0.3445566382374347,0.1793937955212804
0.3666169685064407,0.18579787775618642
0.365486394245377,0.18531874220383843
0.3394619879735163,0.17704113106480798
0.2551918089894786,0.145197128889097
0.3077988425746002,0.1665431622184194
0.27725213925848463,0.15543429554278704
0.2653811095173154,0.15138342223657208
0.260286459253397,0.14942277777747529
0.23313854480960422,0.13809666668663062
0.3010083309190862,0.16362424665462658
0.2761215649974209,0.15290794444858846
0.25124186516488717,0.14380382448175774
0.3027112583998134,0.16536710222629247
0.2704686936921022,0.1521239044538372
0.2563365154288056,0.1476374533727604
0.3168505027522417,0.16989765555707403
0.30836412970513205,0.1675014333231154
0.3750962754644187,0.1881935555179265
0.4842461542809901,0.21847002217635345
0.4423937083542372,0.20683846217088697
0.4333420481765958,0.20396310438458032
0.4316532528741317,0.203745859969368
0.46106231584005203,0.2125891777435002
0.44409663583496445,0.2069261221980779
0.5153440125493742,0.22552692660133364
0.5277873955102069,0.22905565104993297
0.44465485687636463,0.20736115550072115
0.4921601741084362,0.21982031327842513
0.46897633566749813,0.21481062439529552
0.5181775142911652,0.22605016440338638
0.5458907158654899,0.23010212665403854
0.5577688116957906,0.23410998665498592
0.5391002042099758,0.22918686885461012
