0.24371882939681944,0.12671238554163605
0.3669583764624698,0.22247335061145773
0.3167090116370252,0.21295748807754158
0.36946770803927104,0.2275573189803328
0.30914965026191144,0.20587861472914054
0.37577240362598413,0.23927807649161975
0.47874909820896466,0.2591884439188554
0.33556036510774445,0.21937323511695891
0.314199680060224,0.20787351970866652
0.6646278347605158,0.31359795757096837
0.6708697970578088,0.3144765999303718
0.685863053229196,0.3195495161940971
0.6996643769016028,0.3213178530180537
0.6055330761268467,0.3122496007427015
0.5954957498196418,0.2998712429750057
0.6657884006147862,0.3142445057222275
0.5189297700824942,0.2945607064505612
0.37069100718296166,0.23064638236968188
0.4987610175339544,0.2677980338304939
0.40212038518239707,0.2436989185515111
0.4975690850349738,0.2636092859787468
0.49380508766977205,0.26228303336077946
0.4535930491515323,0.2589563497107112
0.43853705969072493,0.25365133923884153
0.4385056930460149,0.24745663430241874
0.4272137009504094,0.2439199606545057
0.4988551174680844,0.2815192223738817
0.29657162573319534,0.18951597305496765
0.2626329161569587,0.18464199468393747
