0.37834446849220543,0.2901288122855201
0.44368118942316737,0.3157862743906146
0.29167842915843295,0.24966152927978957
0.22637307487218092,0.21494686700449273
0.6081992409271981,0.35869607263443515
0.712399234653869,0.3721906930222535
0.7249458925378752,0.375506324567172
0.6018945453404849,0.3525013676980124
0.569241868197359,0.3480749995855461
0.5126878077852012,0.3303750531882561
0.3607164141651768,0.2817181602665768
0.6257645619648067,0.3646642094152885
0.552899846303441,0.34342758937008533
0.4675512060474891,0.31999160040008623
0.2866283993601204,0.24125640331342116
0.40848781405853013,0.3027337382087854
0.3042564536871491,0.2520985184653047
0.3457231579937894,0.27973983344477543
0.3595244816661962,0.28018191765076456
0.23644176782409587,0.2189311509109698
0.3858724632226091,0.2958759069633789
0.5139738402183119,0.3361276739186897
0.2703491107556225,0.2399356767480286
0.232646403814184,0.21759937224042752
0.5780245287161633,0.3496222943065081
0.19497506351745553,0.21339404623095587
0.2351243687462752,0.21781488829084722
0.36833850882971053,0.2854924541752091
0.18117373984504875,0.20344715159620033
0.16229101972961957,0.18133188919159376
0.24271509676609893,0.23484618232657867
0.28662839936012047,0.24324578224037224
0.2778771054860262,0.24059880305701228
0.2502430914965026,0.23904598228347546
0.30798908440764095,0.25695591867861034
0.2942191273799442,0.25099330795033187
0.2527210564285938,0.2397035825398843
0.31931244314795654,0.27265543404379955
0.2250870424390703,0.213836130436945
0.1748690442583357,0.1870845099220274
0.5039365139111069,0.32905432662286355
0.61193187164769,0.3589115886848548
0.47630249992158336,0.3221964953774571
0.16229101972961954,0.17823729974966981
0.3054797528308397,0.25540862395764835
0.2878830651485211,0.24744558219726906
0.2389510994008971,0.23374097181160583
0.3105297826291522,0.2604981183790983
0.47755716570998397,0.3239648322014136
0.4574825130955742,0.31799669542056025
0.3344311658981839,0.2779714966208189
0.3783131018474954,0.2887970336149778
0.36328847903139805,0.2848238018136505
0.40851918070324017,0.3062759379092733
0.44989178507575045,0.31710147490343227
0.663404535616825,0.3668746304452341
0.4047238166933283,0.2976497698399103
0.43991719205796553,0.30716563237382644
0.4863711928734984,0.3279491161078907
