0.5332143319532479,0.16361401341533036
0.6423622875811593,0.1714754162138017
0.5702397381969639,0.16720839832787585
0.5436297073723009,0.1639338310602077
0.4371592827963121,0.14751602651816717
0.5837403345811951,0.17145328650234873
0.43406304318482963,0.14418601684173424
0.4352255103699235,0.14576281784782494
0.39548951713537234,0.1395881558319153
0.4961806617248039,0.1603501566129918
0.5170059032397575,0.16135347520342205
0.4691794689563414,0.1586851517747753
0.4518113277193331,0.1493241263233233
0.458367422270337,0.1498864257531249
0.4282837631982724,0.14382233354105864
0.5598188534547589,0.16569767144245795
0.30560766457036925,0.11597087099945415
0.3557590332239733,0.12990754899585055
0.29557243244881154,0.11330246881738587
0.3414816222752954,0.12472533759819864
0.3175656504720113,0.11802168884979922
0.4232647698067054,0.14115401011241185
0.2589299241641668,0.10382039935702558
0.2843802424653119,0.1044156964704528
0.38854776996372115,0.13685383703601733
0.4182430217535625,0.1401835316987641
0.459532644117007,0.15270918464141325
0.4406301563821377,0.14800114759485872
0.37311615581467744,0.1344390996247321
0.371190647373017,0.13020539443611806
0.3272097206497696,0.12170427759447044
