0.008894802229072147,0.017189430566297743
0.0826095460042257,0.05350893351250261
0.07102343941535065,0.04291297565786868
0.011985532517402572,0.02036492602966752
0.0015618931136215262,0.013054718428560529
0.21765958443175462,0.1059591847792317
0.40478099063139605,0.16521239285892336
0.7407891003550757,0.23458769945583757
0.06716140388572561,0.041060537676385025
0.7276769112530678,0.2327905463762756
0.6887149779213875,0.2282146575710666
0.7049151426501495,0.23002291488306587
0.8526559069585504,0.24601088325033652
0.7427173634583121,0.23500666765843484
0.7380895320105445,0.2342459096063503
0.7411747529757229,0.23500666765843484
0.825654714190088,0.2411154130605148
0.7053035499323729,0.23054119115022612
0.7431030160789593,0.23501769313745055
0.6528382655548851,0.2223267367629872
0.6362552028670516,0.21954831605102632
0.13161497544219206,0.07794218254554842
0.7249745882469607,0.23230534654616253
0.598450227397313,0.21265707665251662
0.6999016585817348,0.22958189572243715
0.6894862831626819,0.22836901427728665
0.6860154095768562,0.2279610715537051
0.6354838976257573,0.21921755168055482
0.4213695626423817,0.169291977601582
0.6933428093691548,0.22892028822807253
0.8364529875682121,0.24440100580719865
0.6898719357833293,0.22851234550449098
0.40556055985741873,0.16598441265028818
0.6856297569562091,0.22787286772157936
0.19720897689114403,0.095396460868488
0.4217634792477571,0.1698434878126325
0.5760713567534662,0.20855528344498345
0.7118596444833769,0.23104836318494912
0.6613281325322777,0.22404686899628223
0.5984502273973131,0.21278938240070525
0.6786880097845578,0.2267262179039447
0.09455926792113957,0.05372928558597389
0.278620245109787,0.12619172630728906
0.6030780588450805,0.21405731248751278
0.8071378790758661,0.2390093890616696
0.6339412871431679,0.21912934784842908
0.12195713195655353,0.0626273196721873
0.6968136829549805,0.22932823095165408
0.6555433432225682,0.222415098101956
0.6663416166006925,0.22516044237686972
0.4329446505849524,0.1762933142834058
0.044391371298079185,0.02750975144553874
0.6620994377735722,0.2243996843247852
0.46187961577980335,0.18153073182955787
0.7176444337930863,0.2315886116567193
0.0768137380482121,0.04855817842075921
0.2288435104305261,0.10917862465182131
0.5282394131468978,0.19741923462542244
0.7049178973117257,0.23045298731810038
0.6821588833703833,0.2274649249979978
0.4935141493191853,0.1894142643394822
0.6266083780277174,0.21799356600296704
0.6401117290735246,0.22055163464145663
0.4572517843320359,0.18140945156038496
0.5108740265714656,0.19318513566970072
0.7608485459518868,0.23724499740546862
0.6817732307497362,0.22696877844229052
0.1443470212467047,0.08045614926797515
0.10189217703659019,0.05394995267313134
0.6532239181755326,0.2223928896370815
0.4869580547681815,0.1891717038011364
0.5066318477443453,0.19244642857564764
0.5656587359959894,0.20657069722215432
0.5116508411359123,0.19508167556724723
0.4059379484933378,0.16659057773588803
0.6254514201657754,0.21787228573379416
0.12542800554237912,0.06281475281545451
0.7434886686996066,0.23516102436465489
0.20685580173047838,0.09938784177902088
0.8279686299139718,0.24284641326598244
0.7670189878822434,0.2379947299785374
0.643196950038703,0.22098162832306964
0.48618674952688684,0.1877053150920459
0.4155820186710961,0.16673398771651396
0.48271312127948524,0.18715396238783852
0.5035466267791671,0.191376957111123
0.7126309497246714,0.2312909237232949
0.4699865847981246,0.18608449092331392
0.6096341533960845,0.21482909601861297
0.6416543395561137,0.2209044499699596
0.5845612237308586,0.209591835979304
0.6721264059104018,0.22579992015978134
0.6316218620961321,0.21901893555142882
0.6377978133496409,0.21969164727823068
0.6875580200594454,0.22819260661303517
0.3241492916387758,0.14065778480328303
0.2928949013968889,0.13104309458104796
0.5104883739508183,0.1931851356697007
0.3827960365929244,0.16407668976688292
0.8295112403965609,0.24327640694759545
0.24080425099374417,0.11296052146105552
0.3295539376509898,0.1489270515719144
0.6559289958432154,0.22262458220325465
0.5282394131468978,0.19676873136349513
0.6408830343148192,0.22071701682669242
0.4495414865806661,0.18073697609384773
0.5953650064321346,0.21201759886960497
0.7496591106299633,0.23520512628071777
0.7631624616757705,0.2373001248005472
0.5486845113643564,0.20298725903520298
0.5984502273973131,0.21328552895641253
0.2446717958465213,0.1137105690478105
0.7072318130356092,0.23071759881447762
0.5861038342134478,0.21072746031792294
0.660554072629407,0.2240467902428607
0.6647990061181033,0.22507223854474398
0.8106087526616915,0.240751414746153
0.6840871464736198,0.22764133266224928
0.37507747485682646,0.16100042361465455
0.18872461923690365,0.09517595128817367
0.6728977111516965,0.2259542768660014
0.315273772040736,0.13843048053526497
0.2782290831659876,0.12614746688438314
0.6385691185909356,0.22015471739689083
0.34884207800650663,0.1504818016199737
0.6401117290735246,0.22019881931295368
0.5915029709025098,0.2112787342687088
0.6659559639800452,0.2250942895027754
0.5548604626178651,0.20648249339002855
0.6844700444326911,0.22781766157307923
0.5853325289721532,0.2098895239127284
0.4205955027395109,0.1685201153170602
0.5502271218469456,0.2034723801118945
0.519361138887282,0.19623927211047604
0.5733717884089352,0.20669197749132723
0.8175504998333428,0.24107115363760884
0.674825974254933,0.2262740157574572
0.6674985744626344,0.22531479908308977
0.07797620523330608,0.05057599858747863
0.7191870442756754,0.23207373273341086
0.4861895041884629,0.18856538120869346
0.27244429385627833,0.11988499480345549
0.6597855220496885,0.22399174160120364
0.31179738913175825,0.1320024687622585
0.10459725470427333,0.058900550258031655
0.3735348643742372,0.1591040412239511
0.6837014938529726,0.22749800143504495
0.1783064891562747,0.09098611175535785
0.6694268375658707,0.22550223222635696
0.6358695502464043,0.21932780647071198
0.8298968930172081,0.24391588473050707
0.6104109679605312,0.21516001789592762
0.6431969500387029,0.22094855188602247
0.5340214477950311,0.20125602256947067
0.6219805465799497,0.21765177615347983
0.618121265711901,0.2172217037184453
0.27398690433886747,0.12215624348069333
0.4672815071304415,0.18387923761332728
0.6721264059104017,0.22567863989060846
0.25933210475427043,0.11879347238089943
0.4290826150553276,0.17114425807622255
0.5097198233710997,0.19286547553166647
0.5961280476887012,0.21233710150079615
0.5475275535024144,0.20220445002508702
0.5027725668762963,0.19118944521443426
0.6451224584803634,0.22200691911810985
0.36658760787943406,0.15548752659995263
0.65670030108451,0.2235396969615592
0.47769688254949444,0.18615056504398664
0.6563146484638628,0.22286714274160044
0.6111740092170976,0.21597566708282606
0.49545067640714996,0.1908478128717901
0.6285338864693778,0.21890860200785006
0.591891378184733,0.21200649463716773
0.5857181815928003,0.21036361951040425
0.6632536409739381,0.2249178030851024
0.13663396883375892,0.07993795175423642
0.21418871084592897,0.10277282134368933
0.6701981428071654,0.22551325770537267
0.6628707430148668,0.22455404103100524
0.45493235928500003,0.180935198455866
0.17134821401516714,0.08046733225383393
0.4641935315036871,0.1829860950596326
0.19721448621429616,0.09928861246787946
0.6482104341071178,0.22224955840987715
0.5062489497852742,0.19218189583269193
