0.30480605805173816,0.08643274642870952
0.33450406450315545,0.0976677882991474
0.33181000548177647,0.0966205252994973
0.35728511573710614,0.11791135530622049
0.368860203679677,0.12086634118927592
0.38853675131741694,0.12851825988644858
0.34609568041518257,0.11538636310477804
0.44139044297712815,0.1409776024481604
0.6196087829629692,0.17298590683895504
0.46145539789709145,0.1513418677366212
0.41438374088551355,0.1330389425431575
0.37079948542921765,0.12275201311464981
0.4085934422526521,0.12932319860801755
0.5019654510345132,0.15940196541764004
0.3653838207706993,0.11960927907464103
0.36423237223190946,0.1187384237392424
0.42480462562771854,0.13965446621285268
0.4116814178794065,0.13173785726588125
0.5332060679685199,0.16147483422601655
0.4533511835403462,0.1441751488695616
0.33568581431928174,0.1138318493169834
0.38545428501381473,0.12505633822893478
