0.42519578757151794,0.14242201895264095
0.5833546819605477,0.16845435621007349
0.5436241980491487,0.16274292181966715
0.6045683307577249,0.17207079208065043
0.4139925789417142,0.13636847969906116
0.5332060679685199,0.15969973210448596
0.534748678451109,0.16148585970503224
0.3719564432911595,0.12743784169632982
0.39432704995027834,0.13440602318768494
0.5058219772409861,0.15716379317744936
0.3920076249032426,0.13151719017872385
0.4062850358519205,0.1363576117268885
0.2774164580010523,0.08656481591663354
0.2882257500254806,0.09570525303434964
0.36578049203765073,0.12624693245578922
0.38044355560697596,0.13073453867545093
0.33221218607188013,0.11663224223355415
0.338393646648541,0.11868329634416382
0.31253563843414023,0.11059004347267623
0.3777384779392928,0.12977516449424042
0.36192396583117786,0.1254971998827204
0.29710402428509647,0.10070003128873439
0.4248073802892946,0.1413083668186319
0.28783183342010515,0.0887038375991043
0.2971067789466725,0.10708386239225648
0.5443982579520193,0.1647496377539493
0.4186452023436661,0.13940119520917738
0.5166174959575343,0.1584095935528039
0.34649510634371017,0.12207922263442639
0.5683059657705753,0.16532288390934508
0.4637693136209752,0.1523010844109886
0.42171940466254015,0.1404703516600158
0.41747722583541996,0.13936780375844404
0.537445492134064,0.16233474283582094
0.5131438677101325,0.15801259755481656
0.48460281912065695,0.15674458871458746
0.427898110577625,0.1439877157262944
0.44564088578897637,0.1481995274637201
0.39702937295638546,0.1360488983144484
0.4811291908732553,0.1546165925111324
0.37774949658559703,0.13069059426623117
