0.5769744419556108,0.22300166445157216
0.6442648087562977,0.23458966667955253
0.6368948777919884,0.22661695998292533
0.49384190332176847,0.20130716890236033
0.5628422636923142,0.21903790670032958
0.32022102726803797,0.15125329337633212
0.27552801351036244,0.13813967999189825
0.32645331788215176,0.15295313564273041
0.3416878060499855,0.15652269550772308
0.44803244748129245,0.19111301555393786
0.1567187908508278,0.06621816675115061
0.20197709173903522,0.08634458231085988
0.2828979444746716,0.14166949338493479
0.32756269387582054,0.15373554222082594
0.48874725305785005,0.20078393110030757
0.6572664127585306,0.2348945711219558
0.4050635594717391,0.1830542822467755
0.5057270652412009,0.2068400955875427
0.45878703513966124,0.19281285782033614
0.46442577426671655,0.19938899327631254
0.33829608326679433,0.1545190377433587
0.32248924187929706,0.15290903339302564
0.2585693995944065,0.1299943756019821
0.4039259191215438,0.1795691155756623
0.22064569922485,0.10864725332822255
0.3598193907617951,0.16536819117072962
0.5984624190049532,0.2257027911279341
0.4508800814013468,0.19150666896796922
0.5944983430020985,0.22448262888610238
0.5503847485532182,0.21524674664237595
0.4022300577299482,0.17817526669610445
0.475187428014217,0.20056668668509525
0.40280241094961167,0.17843715783324013
0.29930540343835893,0.14942386672191244
0.5317373393347984,0.21219824669056175
0.2563011849831474,0.12311170228694665
0.2676281258611796,0.13552730228716445
0.2574388253333428,0.12494167341358492
0.25856939959440645,0.12529013563347435
0.36435581998431327,0.17277410228781784
0.34454957214830306,0.16323331560168808
0.39658425251376117,0.1779580222808921
0.31910458518523754,0.15064457343596271
0.44239370835423714,0.18911044673401062
0.23423378862500974,0.1191898688965345
0.3383172815341893,0.15543538448722424
0.41976102486556766,0.18819409999014505
0.5419195737735035,0.21259081116015596
0.5057129330629376,0.20169918889973598
0.5192939563739656,0.2085388489095038
0.5306138311628663,0.20928042007120606
0.4146805067799125,0.1849713689283861
