0.1597503215081083,0.1793369842120678
0.5052225463442177,0.3235338001005742
0.07308428217433582,0.1063765120661358
0.3959411561745241,0.29787081194290493
0.4160471754336439,0.30362343267333847
0.06928891816442395,0.09775034399677279
0.21257175119977417,0.22356750902128086
0.15852702236441768,0.17823729974966981
0.4662965402590885,0.31402346361923295
0.22640444151689096,0.23329888760561673
0.1924657319406543,0.21582550936389613
0.18371443806656002,0.21450478279850357
0.11837771713559803,0.16342747884903375
0.056648160346287765,0.09066041854322202
0.3984818543960353,0.3003078011284199
0.4361531946927637,0.30827084288879925
0.47761989899940405,0.31977608434966653
0.44120322449107624,0.3089394952503579
0.33568583168658456,0.2757610755908732
0.3997365201844359,0.30229718005537104
0.4763024999215834,0.3162283585966037
0.3620651798877074,0.28880808572012756
0.3922085254540322,0.2945607064505612
0.3934631912424328,0.295665916965534
0.3582698158777956,0.28681318074060164
0.3155798124274647,0.2680190759334885
0.2992691571782567,0.2642613601825808
0.27916313791913683,0.2565193605251961
0.3783758351369155,0.2945551803979864
0.2502744581412127,0.2414829714689906
0.32185314136946774,0.2753134653323092
0.5868385558796776,0.3441017677842188
0.5881245883127882,0.34410729383679367
0.6220319312443149,0.34455490409535766
0.12835231015338291,0.16474267936185144
0.07681691289482763,0.11941247009024045
0.08312160848154072,0.1311332276015274
0.15981305479752833,0.18045324683219033
0.09949499702016876,0.15170119528517195
0.08939493742354379,0.13555406966141878
0.11455098648097614,0.15943766888998182
0.09569963301025688,0.14727482717270574
0.07051221730811455,0.1048181652400241
0.06423888836611147,0.0973027337382088
0.07430758131802641,0.10924453335249032
0.1422163671152097,0.17801625764667522
0.16106772058592894,0.19040014146694592
0.25529312129481513,0.2483352766618222
0.275399140553935,0.25408789739225585
0.22518114237320036,0.23065190842225675
0.2301684388820928,0.2335199297086113
0.2954737931683448,0.25784561314316345
0.16740378281735205,0.20345267764877517
0.33816379661867574,0.27663971795027664
0.10576832596217182,0.15634307944805786
0.12963834258649354,0.1647482054144263
0.4687431385464697,0.31600179044103427
0.5089551770647094,0.32640182138692875
0.5190238700166243,0.3266283895424982
0.20253442489256926,0.22224125640331344
0.16486308459584076,0.20234194108122747
0.20382045732567988,0.2222467824558883
0.1635770521627302,0.2023364150286526
0.5403531884194348,0.34121716834013965
0.503999247200527,0.3233182840501545
0.4763338665662934,0.31977055829709167
0.520278535805025,0.3317123579113732
0.444935855211568,0.3115864744337178
0.5215645682381357,0.3317178839639481
0.25406982215112456,0.24767767640541336
0.3206298422257772,0.27200335983996554
0.3343997992534739,0.27575554953829834
0.3419591606285876,0.283055464989694
0.31307048085066347,0.26801907593348845
0.34067312819547696,0.2830499389371191
0.29798312474514604,0.2642558341300059
0.3771525359932248,0.28925569597869155
0.35704651673410503,0.28350307524825796
0.2703804774003325,0.24922497112637534
0.45625921395188357,0.31358137941324377
0.4549731815187729,0.3135758533606689
0.41855650701044506,0.3080442747332298
0.39719582196292463,0.3003022750758451
0.31937517643737656,0.2708981493249927
0.23396380289200466,0.23993567674802863
0.31805777735955587,0.2688977182928919
0.27285844233242373,0.25231403451572443
0.13842100310529784,0.1738109316372036
0.13716633731689723,0.16850592116533394
0.13086164173018414,0.16562684777382972
0.09319030143345566,0.14042252197987412
0.1358803048837866,0.16850039511275908
