0.3507400398324064,0.12438362650213292
0.47573280884576924,0.15327156282463636
0.47225918059836763,0.15184919727818727
0.316014776004694,0.1110643753306167
0.3264411700700511,0.12173743278493915
0.3924070508317701,0.1369421196215646
0.5702424928585399,0.17030663668471407
0.4799804969960416,0.15526733203332438
0.5656063974260442,0.164154183133679
0.5123808264535661,0.16117714629259214
0.4830629632996439,0.15591775654183018
0.40745025769859045,0.14147367025044613
0.33414320383669266,0.1225530032184161
0.3765897840620791,0.13222305709599436
0.3584641108916564,0.1292461777617506
0.39780618752083213,0.1380336420441207
0.48731065144991614,0.15667867210075775
0.4599182967376543,0.1511876685372442
0.42134752534977316,0.14816652978009445
0.3873908121017792,0.13680973511995448
0.4062877905134965,0.13966533418502536
0.2620096358061931,0.1060694395693889
