0.5198168469697076,0.18653890444567012
0.45363585616268964,0.16885117995296844
0.30716996064188357,0.11797134007135855
0.3037782378586924,0.11779710896141381
0.3247079938666347,0.12598706007325328
0.28284848185075007,0.11161081561393872
0.2964224390726465,0.1123954000809086
0.3139534062082659,0.11975720894829203
0.2737968216731086,0.10786430227790843
0.3207439178637799,0.12563805338114525
0.2981183004642421,0.11527021339499664
0.5039958734039471,0.18431800226609338
0.4904289822711823,0.18292415338653553
0.4706298005243038,0.17216429340301126
0.5124610481836617,0.18444758665411476
0.316221620819525,0.12206631562727827
0.5667710092495106,0.19664703118355736
0.48023968174334547,0.1820519088923747
0.5452689000219048,0.19307366001303464
0.5390507415860543,0.19228962001828334
0.5554723327280049,0.19595065121599703
0.5826061149935344,0.20008864007718438
0.5724380127330926,0.1976935067876629
0.567908649599706,0.1966911334332621
0.5741268080355565,0.199043253417516
0.583178468213198,0.20723266005713692
0.5939189236933033,0.20919276004401513
0.529999081408413,0.18732348891263997
0.5367895930639269,0.18771605338223418
0.5548787812409466,0.19355279556538266
0.661195158315727,0.21424600670463087
0.3801414631044156,0.14946742449939865
0.42199390903116846,0.1654112044759972
0.4016365062428897,0.16109844003264656
0.36826336727411474,0.14750678004030185
0.44688067495283385,0.1688098000643566
0.360342281357537,0.14031920228286313
0.37844560171282,0.14903184672453682
0.45648349008274386,0.17155339557376756
0.3671327930130511,0.14585158449582689
0.40729644363734,0.16149100450224077
0.4711950876548357,0.17543112671447497
0.36260342987966454,0.14528478891628793
0.3841055391072703,0.15608875114951698
0.3558270504024138,0.14027618897759553
0.37391623857943346,0.1481601467025946
0.3433907335307128,0.1395792645378166
0.3812649712763477,0.15016380446695898
0.4355537340748016,0.16663027777339173
0.38238847944827975,0.15051172221462986
0.4564693579044806,0.16963576441993833
0.26645515506532597,0.10167964234708907
0.2709774521095809,0.10272502900675747
0.2596575773206803,0.09078910903110625
0.2969947922923099,0.11466094898240865
0.2636145872344034,0.09584181121950343
0.27210802637064463,0.107385711197779
0.27154273924011274,0.10320416455910547
0.3348831622162082,0.13103976226165048
