0.23697251674145572,0.1313407037610508
0.305646229832434,0.15199221349170544
0.3654389140022202,0.16295201215385807
0.3596513700309349,0.16151862112839324
0.2253919194757328,0.1263348212742288
0.224237716275367,0.12523235212607858
0.30371796672919754,0.15174965295335965
0.28519837695339945,0.14645718676555053
0.2890576578214484,0.14854108105294273
0.2446883238159776,0.13414125418446465
0.2979331774194881,0.1493350730489175
0.2771024265813824,0.1459611189632648
0.2632079135917757,0.13916910887589656
0.2743973489136992,0.14399842619162395
0.2381349839265497,0.13329237105367592
0.28712939471821197,0.1476369917736539
0.24970731720754447,0.13707418910948863
0.4163560785739668,0.17150809888374116
0.3214634966021249,0.15588436509109685
0.3457678756876324,0.15922532149312393
0.3299506089179414,0.1581777434797877
0.30564898449401,0.15470456008299355
0.329562201635718,0.15635846068877274
0.35078411441762325,0.16135331769657899
0.30062999110244315,0.1502390835747848
0.32840524377377617,0.15598359440223833
0.3654416686637964,0.16371284895936414
0.21729321444213973,0.12329178906589071
0.3426743907377259,0.15839817430668052
0.3932141666735533,0.169854198277962
0.22655714132240284,0.12641223588760345
0.23080207481109907,0.1281653658045241
0.22732569190212137,0.128088029944571
0.2551092085581826,0.13780194947794755
0.23233917597053616,0.12887083895468693
0.17832852644888317,0.11178079520637375
0.20147870233402476,0.11984073538054955
0.20109029505180143,0.11965322348386079
0.17330953305731628,0.10636712750281327
0.17639750868407061,0.10756898346894805
0.25819442952336097,0.13911398148081797
0.23427294839692472,0.1302712322965262
0.2396748397475628,0.13398689747824458
0.2967707102343942,0.14905927856668147
0.26397921883307024,0.1427413640769891
0.23736092402367906,0.13293947697175143
0.2655273386388115,0.14387714592245104
0.32107508931990164,0.15475968747807212
0.2994702785789253,0.14963260347549878
0.38588676688125484,0.16640322334604232
0.3797108156277461,0.16479334590290445
0.4803992055556015,0.18368093649788736
0.46033700529721433,0.1806597189873161
0.42793392117811363,0.1762162146837172
0.3924428614322588,0.16745064385253552
0.42021535944201577,0.17270995484987592
0.4182898510003554,0.17240132019085735
0.5019957523118498,0.185334758350245
0.5093231521041484,0.18610654188134523
0.4796196363295788,0.18076997377747323
0.44220582280363946,0.1762493698741859
0.36427920147870235,0.1627645002571693
0.40864578082259706,0.17117741326669117
0.38742662270226796,0.16662365417293515
0.3700722547731399,0.16460599151305882
0.36080832789287676,0.16190451289394334
0.2581916748617849,0.1382428898851547
0.17793736450508374,0.11143884785004343
0.20610653378179228,0.12057944247460263
0.21999278278667075,0.12495663639726408
0.1856531715796056,0.11310377393483834
0.21845568162723372,0.1241078320198969
0.19066941030959644,0.11341256610069995
0.19221753011533768,0.11737087057418569
0.22424047093694305,0.12579473030930172
0.20842320416725205,0.12289487182132487
0.20533522854049766,0.12046918768444544
0.19993333718985953,0.11883733803669767
0.2867409874359886,0.14660051799275486
0.23658410945923242,0.13100986063715775
0.24507397643662487,0.13625814615548243
