0.9053966660553474,0.43808997315420983
0.5702454609511494,0.38613257806672435
0.59729153193502,0.391441153195179
0.5856989797395781,0.3895441516692476
0.5789422882018516,0.38727229355435977
0.5847337380913313,0.3891655086500997
0.585698979739578,0.38954415166924766
0.588594704684318,0.3903014377075436
0.8909083889151653,0.43808618672401833
0.5760465632571117,0.38727229355435977
0.8773853534232299,0.43808240029382683
0.8686885261725277,0.4369426848061914
0.775977065858438,0.4236712469850549
0.614675534019942,0.3956100128359982
0.6784200924701501,0.40774173516949946
0.8764201117749832,0.4369464712363829
0.7431395449850873,0.4176053858183043
0.5847337380913313,0.38878686563095166
0.60018725687976,0.39257708225262294
0.7054661634540209,0.4122930242596582
0.5885947046843178,0.38992279468839564
0.5837684964430847,0.38878686563095166
0.6697232652194479,0.40584473364356816
0.6069439484174863,0.3940916543292149
0.5905348403972936,0.3903052241377351
0.632059536104864,0.3990215864385215
0.60018725687976,0.39257708225262294
0.7305817511413984,0.41722295636896484
0.6030829818244999,0.3929557252717709
0.7257458904836828,0.41570459786218145
0.622397467205915,0.3975032279317382
0.6040482234727466,0.39371301131006686
0.6310942944566174,0.3986429434193735
0.5943958069902803,0.391441153195179
0.6272333278636307,0.3978856573810776
0.6388162276425904,0.40015751549596545
0.606953600833969,0.39409544075940633
0.7064314051022675,0.4134289533171021
0.5992220152315133,0.39219843923347497
0.6030829818244999,0.3933343682909189
0.7469908591615914,0.4191161714647047
0.713188096639994,0.4134289533171021
0.5992220152315134,0.3921984392334749
0.6098493257787089,0.3948527267977023
0.6967789886198011,0.4111570952022143
0.7566529280605402,0.42252774506722796
0.5943958069902802,0.39106251017603105
0.6677927819229545,0.40584473364356805
0.6156407756681888,0.3956100128359982
0.6388258800590729,0.40016130192615695
0.7411994092721115,0.4176015993881128
0.7730716884972155,0.4236674605548634
0.8030134844258264,0.4278401066258741
0.6011524985280067,0.3929557252717709
0.7383036843273716,0.4176015993881128
0.6475130548932927,0.40167587400274885
0.5837684964430847,0.38802957959265577
0.6378509859943439,0.40015751549596545
0.6677927819229545,0.4058447336435681
0.5982567735832667,0.391819796214327
0.6533045047827726,0.4031904460793408
0.6175712589646819,0.39636729887429417
0.6021177401762533,0.3929557252717709
0.6484782965415393,0.40243316004104485
0.8590361096900613,0.4358067557487475
0.6533045047827725,0.4035690890984888
0.6871072673043699,0.40925630724609147
0.7885252072856442,0.4259431050999427
0.7064314051022675,0.41267166727880616
0.5915000820455404,0.390683867156883
0.6388258800590729,0.40016130192615695
0.6967693362033187,0.4103960227337268
0.6204669839094218,0.3967459418934422
0.810745070028282,0.4289798221135095
0.6716634009324236,0.40622716309290746
0.7682454802559824,0.4229101745165674
0.7778978967384487,0.42404610357401135
0.68131581741489,0.40812037818864744
0.7489213424580847,0.42063074354129654
0.7044912693892919,0.41191059481031866
0.786594723989151,0.42480717604249874
0.6484879489580219,0.40243694647123635
0.5876294630360713,0.3895441516692476
0.6861420256561231,0.4088776642269433
0.6426868466520594,0.4016758740027489
0.7151185799364873,0.414186239355398
0.8764201117749834,0.4369464712363829
0.7672705861912532,0.42290638808637593
0.7131977490564766,0.41343273974729355
0.716083821584734,0.41418623935539806
0.6523392631345258,0.40281180306019276
0.6397911217073196,0.4009185879644529
0.8078396926670596,0.42859739266417
0.639781469290837,0.40091480153426146
0.6996650611480586,0.4119105948103187
0.8493740407911125,0.43504568328026005
0.8619318346348013,0.4358067557487475
0.7170490632329806,0.414943525393694
0.6706885068676944,0.4062233766627161
0.7527919614675537,0.4206345299714881
0.7141533382882407,0.4138075963362501
0.7450603758650981,0.41911617146470465
0.8001081070646039,0.4278363201956826
0.6948388529068253,0.4100173797145788
0.7431298925686047,0.41760159938811287
0.6475130548932927,0.4016758740027489
0.7856294823409045,0.4248071760424988
0.779828380034942,0.4248033896123073
0.7353983069661492,0.4175978129579213
0.6088840841304622,0.3944740837785543
0.7209196822424496,0.41532595484303353
0.8628970762830478,0.4369426848061914
0.6127450507234486,0.3952313698168503
0.6214322255576684,0.3971245849125902
0.6890474030173456,0.4096387366954308
0.6040482234727466,0.39371301131006686
0.8368162469474236,0.4327700387351807
0.6658622986264613,0.40546609062442013
0.6185365006129285,0.3967459418934422
0.621441877974151,0.3971283713427816
0.7991525178328398,0.4270828205875781
0.6359205026978505,0.39977887247681754
0.6166060173164353,0.3959886558551462
0.6059883591857224,0.39371679774025836
0.8126659009082928,0.42973332172161394
0.6262680862153841,0.39750701436192964
0.8445478325498793,0.4342883972419641
0.60018725687976,0.3921984392334749
0.6571751237922415,0.4047088045861242
0.6272333278636308,0.39826430040022553
0.6735938842289169,0.4077417351694995
0.6088840841304622,0.39409544075940633
0.6301290528083707,0.3986429434193735
0.8406772135404103,0.43390596779262464
0.6629665736817214,0.40508744760527216
0.7045009218057744,0.4119143812405102
0.7267207845484119,0.41570838429237295
0.6900126446655922,0.41001737971457886
0.7904556905821376,0.42707903415738663
0.6851767840078766,0.40849902120779547
0.6059787067692398,0.39371301131006686
0.6832559531278658,0.40812416461883894
0.8126755533247753,0.42973710815180544
0.632059536104864,0.3994002294576695
0.6233723612706442,0.3975070143619296
0.8136407949730219,0.42973710815180544
0.821362728158995,0.43238760928584125
