0.3746449929893863,0.11852893963794377
0.3723255679423505,0.11544164800669972
0.3839061652080734,0.12396465829953564
0.5212480820668778,0.15698738551319788
0.4541114701353366,0.14077898631903438
0.4332779646356547,0.13324834789103457
0.46183554119458664,0.14178261992315086
0.3264108687927144,0.10107481882184725
0.30749460774996495,0.08287120169294654
0.5004035579208916,0.14719620887328977
0.4444756639423064,0.1396214685292271
0.3889251585996402,0.12954370818833189
0.4367515928830564,0.13506763068204958
0.43945942521231557,0.1367106633156561
0.5312778048652834,0.16043843919853906
0.47225091661363944,0.14469342513672187
0.3811983328788142,0.11880449785991515
0.4533484288787702,0.13983103138394729
0.36268425242616814,0.11485729761886668
0.3572823610755301,0.11334672824029182
0.45026320791359187,0.13969872563575866
0.35534307932598946,0.10359988977671121
0.3179237564768981,0.0989027207023293
0.32834464121910306,0.10316981734167668
0.4853686150387994,0.1455204935697438
0.5027340016142318,0.14724078330988188
0.49115340434850885,0.14558664644383812
0.40667068847256765,0.13313817185429894
0.5115985025659673,0.15079083004609992
