0.4247471743010113,0.495618807628429
0.20880428316478283,0.3935055266021419
0.20820939916716238,0.3338869480556669
0.10053539559785842,0.3006127942271347
0.47352766210588937,0.49916957791649963
0.24449732302201072,0.3992325754538686
0.35217132659131467,0.4451062367561995
0.06305770374776919,0.22026229883740908
0.17251635930993459,0.32357826012255886
0.6412849494348603,0.5439550999370024
0.5211183819155265,0.5266594124047879
0.30517549077929806,0.44287268770402605
0.1951219512195122,0.3314815875379417
0.3771564544913742,0.4566748754366874
0.3890541344437835,0.47271061222152216
0.25639500297442,0.4083958536166313
