0.38342586493522784,0.2965500853775123
0.45368714908566227,0.31909637988295825
0.3406731281954769,0.28106056001016794
0.2916784291584329,0.259166339708556
0.24776512656441144,0.24369339249893626
0.2929644615915436,0.26027707627610375
0.2464790941313008,0.2436878664463614
0.23769643361249645,0.2346251402235841
0.2766538063423356,0.25872978155514176
0.20504375646937045,0.21715728803443837
0.30930648348546164,0.266692823315521
0.23641040117938583,0.23461961417100924
0.24020576518929768,0.2348461823265787
0.25780245287161635,0.24656693983786565
0.49010382359399013,0.33059609529125067
0.5064144788431981,0.3356800636601257
0.46999780433487026,0.324843474560817
0.43358112982654246,0.3133437591525246
0.5077005112763088,0.33568558971270057
0.14475706533672095,0.1808953310381795
0.10705435839528246,0.1539171423676925
0.13217904080800477,0.16851144721790884
0.12841504344280294,0.16431164726101205
0.13597440481791664,0.17713761528727184
0.10325899438537062,0.1452909742983295
0.12712901100969232,0.16430612120843718
0.14852106270192278,0.18509513099507632
0.12211034785608982,0.15944319494255668
0.10197296195225997,0.13047562734511858
0.09068096985665444,0.12914937472715116
0.43486716225965305,0.3133492852050995
0.3858724632226091,0.2985284121993137
0.3419591606285876,0.283055464989694
0.14723503026881216,0.18508960494250146
0.15231642671183465,0.19372129906443933
0.17116778018255388,0.2058841407817154
0.18622376964336126,0.21273644597454705
0.2075530880461717,0.22113604588834063
0.16486308459584076,0.20234194108122747
0.2565164204385057,0.24656141378529078
0.20632978890248113,0.22047844563193178
0.42862519996236004,0.3120285586397069
0.3382265299080958,0.27996640160034486
0.36331984567610803,0.2907974646470787
0.3620338132429974,0.2907919385945038
0.3181205106489759,0.27421378086991116
0.5290611963238293,0.34342758937008533
0.4712838367679809,0.3248490006133919
0.4235751701640475,0.31003365366018093
0.49264452181550145,0.3325910002707766
0.4813525297198959,0.32861224241687437
0.3105297826291522,0.2669083393659407
0.38715849565571975,0.29853393825188856
0.29167842915843295,0.2602715502235289
0.24522442834290017,0.2410353612104266
0.22511840908378034,0.23329336155304187
0.27536777390922496,0.2587242555025669
0.2665851133904207,0.2514298661037462
0.3117844484175528,0.26956084460187557
0.21257175119977417,0.2246727195362537
0.2715724098993131,0.2542978873901007
0.3205671089363571,0.27530793927973435
0.5478811831498385,0.3491746840479441
0.5729744989178508,0.3544796945198137
0.5880932216680781,0.3584695044788657
0.6119005050029799,0.36376898889816045
0.5453404849283273,0.3449693580384724
0.5868071892349674,0.35846397842629085
0.6131865374360905,0.3637745149507353
0.546626517361438,0.34497488409104726
0.5252971989586275,0.33989091572217217
0.3746432044164235,0.2914661170086372
0.40851918070324017,0.3062759379092733
0.2615664502368182,0.24745110824984393
0.31557981242746463,0.2722188758903852
0.42228913773093696,0.3100281276076061
0.4423951569900567,0.3157807483380397
0.5277751638907187,0.34342206331751046
0.4436498227784574,0.3171070009560071
0.4185565070104451,0.306939064218257
0.39719582196292463,0.2991970645608723
0.7387472162102819,0.38766364023187316
0.6332611900505003,0.3715109885555452
0.634547222483611,0.3715165146081201
0.6558765408864214,0.3719585988141092
0.6659138671936262,0.3794740303159245
0.6646592014052257,0.37836881980095166
0.6885605846742574,0.3828007139659927
0.7023305417019541,0.3850056089433636
0.6445531821461058,0.37173203065853977
0.5943351839653713,0.36222169417719846
0.6294658260405884,0.367084620443079
0.5579185094570434,0.3513851050778898
0.31307048085066347,0.2702294969634342
0.32185314136946774,0.2753134653323092
0.33317650010978334,0.2779714966208189
0.2967598256014555,0.26647178121252646
0.2954737931683448,0.2664662551599516
0.3582698158777956,0.28681318074060164
0.5365578244095228,0.343643105420505
0.5378438568426335,0.3436486314730799
0.4888491578055895,0.32882775846729406
0.5252658323139174,0.3396643475666028
0.4913584893823908,0.3325854742182017
0.4562278473071736,0.32109128486248417
0.4763338665662935,0.32684390559291787
0.15103039427872403,0.19371577301186446
0.18493773721025064,0.21273091992197218
0.16988174774944326,0.20587861472914054
0.199993726671058,0.21626759356988529
0.17991907405664817,0.20875216206806996
0.24146043097769834,0.2397091085924592
0.5818198927260751,0.3571432518608983
0.5679872024089584,0.352716883748432
0.4072331482701295,0.30627041185669845
0.3783758351369155,0.2945551803979864
0.395972522819234,0.298760506407458
0.3770898027038048,0.2945496543454115
0.34067312819547696,0.2830499389371191
0.31683447821586525,0.2742082548173363
0.39845048775132524,0.30229165400279623
0.3532511527241931,0.2857079702256287
0.3821398325021173,0.29654455932493745
0.5742291647062514,0.3564690734467648
0.48006649728678524,0.3286067163642995
0.526520498102318,0.3416537264935539
0.4059784824817289,0.30428103292974734
0.47504783413318286,0.326838379540343
0.559204541890154,0.35139063113046465
0.24274646341080897,0.23971463464503406
0.595621216398482,0.36222722022977333
0.6144412032244911,0.36576389387768643
0.657162573319532,0.3759428827205863
0.618236567234403,0.3666535883422396
0.6107085725039992,0.36289587259133194
0.6320378909068098,0.3677587988572124
0.5755151971393621,0.3564745994993397
0.42482983595244816,0.310033653660181
0.3997365201844359,0.30229718005537104
0.44493585521156803,0.3177756533175657
0.4198425394435557,0.3080498007858047
0.13468837238480602,0.17713208923469698
0.5114645086415107,0.3383380949486354
0.5114645086415106,0.3376749686396517
0.5491672155829491,0.349180210100519
0.46375584203757725,0.32352274799542446
0.5001725165459051,0.3343593370947332
0.4273391675292494,0.31202303258713204
0.45494181487406293,0.3210857588099093
0.5127505410746214,0.3383436210012103
0.4650418744706879,0.32352827404799933
0.37335717198331303,0.2914605909560624
0.29547379316834477,0.2644768762330005
0.36077914745459677,0.2888025596675527
0.3519964869357925,0.2837185912986776
0.33694049747498517,0.27996087554777
0.33189046767667263,0.2759765916412929
