0.0294161290550519,0.011239540008090857
7.066089131648307e-06,0.002352664456472441
0.9559005377293824,0.3049480001807648
0.9304484846771853,0.3015494045924054
0.9129245836306975,0.30098315348508503
0.9033005702333925,0.3009385067631617
0.8314808402993191,0.2907873667200068
0.8320461274298511,0.2914407333822996
0.8671080617010899,0.2967994289575372
0.9146204450222931,0.30141873125994684
0.8501423816960023,0.2937498400612858
0.034517845408101974,0.01990862667227836
0.8552370319599207,0.29488288674814517
0.8620204775263031,0.29536202230049313
0.836003137343574,0.2918327533796752
0.8524035302181298,0.2942289756136338
0.8495770945654705,0.2934449356188825
0.029981416185583767,0.011718675560438867
0.88181259318405,0.2984987267517169
0.8456200846517474,0.29270445340161744
0.8461853717822793,0.2932271467314516
0.11654100804827552,0.051579486682481766
0.8354378502130422,0.2915278489372719
0.8405254343878289,0.2926167933744265
0.8382642858657015,0.2923118889320232
0.8529688173486616,0.2948823422759266
0.8246903286438051,0.28965432003314745
0.8405254343878289,0.2926167933744265
0.8416560086488927,0.29270390892939885
0.7958536188975484,0.28486242003744877
0.9202733163276117,0.3015058468149192
0.45256181061467926,0.18479768229065993
0.7986800545502077,0.2856029022547139
0.8744567943980041,0.29732212228737137
0.8150804474247635,0.2883911444860482
0.832046127429851,0.291310060049841
0.869376276312349,0.2967999734297558
0.8869001773588367,0.2988036311941202
0.10919227535136128,0.05092612002018903
0.8111234375110404,0.287868451156214
0.8150804474247634,0.28826047115358966
0.505727065241201,0.20440086004831645
0.8269514771659325,0.29013345558549547
0.2885013531560687,0.11993035111379956
0.059404611329767314,0.02766300000925603
0.93441256068004,0.3034229334965298
0.8461853717822794,0.2933578200639102
0.8727609330064084,0.29688654451250956
0.7913242557641619,0.28394716223802036
0.8082899357692493,0.28686607780181317
0.7681404173232237,0.27972151334964207
0.7206351000911521,0.26826418445412026
0.8235597543827413,0.2895672044781751
0.8088552228997812,0.28699675113427175
0.8003759159418032,0.2856900178096863
0.4649981274863802,0.19146202224604586
0.12164272440132562,0.05963876446186271
0.0707244861186679,0.03589650889858171
0.09617653917086508,0.0408196266989575
0.08146494159877334,0.038292186660321754
0.7619222588873732,0.27871968446745987
0.8145151602942317,0.2880862400436449
0.8048982129860582,0.2866047311368961
0.16066166858628753,0.07222805109980665
0.03056083549437892,0.017164486690648854
0.5306138311628663,0.21476870003446508
0.793592470375421,0.28451395781755934
0.28737077889500495,0.11936410000647919
0.7981147674196758,0.2853415555897968
0.8885960387504324,0.299239208968982
0.8207333187300822,0.28926230003577186
0.8003759159418034,0.2858206911421448
0.7794532260229927,0.28185638891868364
0.8343143420411102,0.2914412778545182
0.8105581503805085,0.2873457578263798
0.3727856643183698,0.153517753333395
0.8196027444690184,0.2891751844807995
0.8105581503805085,0.28721508449392125
0.9321443460687808,0.30342238902431123
0.8082899357692495,0.28699675113427175
0.6929360306950909,0.2611642667238725
0.04301128454434324,0.02579001557735017
0.14822535171458653,0.06508457559207269
0.6081005645805214,0.2385109555977461
0.705372347566792,0.26565071780494937
0.41635516990411325,0.17268644226062688
0.31395340620826595,0.1277718400057496
0.7749309289787377,0.28107234892393235
0.8173415959468909,0.2888702800383962
0.3207509839529115,0.13478573112546216
0.7110252188721107,0.266521873354673
0.01867567357494648,0.010716846678256666
0.7415648560990945,0.2744940355790816
0.31563513542159827,0.12903392660841176
0.743826004621222,0.274842497798971
0.6375096275464417,0.24752850448182306
0.802071777333399,0.2858206911421448
0.010196366616968506,0.010673288900770482
0.696327753478282,0.2619483067186238
0.29418248881791387,0.12772937117270056
0.7941577575059529,0.2848188622599626
0.4802750121890038,0.1962980244914493
0.8128192989026359,0.28791200893370017
0.40731057581560337,0.1718588444883894
0.8196027444690184,0.2891751844807995
0.6652086969425031,0.2524505333377617
0.5340055539460575,0.21603187558156436
0.7981147674196759,0.28512376670236594
0.5385278509903125,0.21651101113391238
0.786236671589375,0.2833373533532138
0.6917983903448955,0.26112016447416775
0.82921262568806,0.29043836002789875
0.7613569717568414,0.2779792022501948
0.8235597543827413,0.28956720447817513
0.39313600101751695,0.161140364393477
0.4853625963637906,0.20122005334738802
0.40448414016294404,0.1693324933941908
0.39936829163163073,0.1645825177593226
0.5147716593297109,0.21141366222359192
0.43163205460673687,0.17991812226777035
0.7851060973283114,0.28311956446578296
0.3162004225521301,0.12951306216075975
0.04075013602221578,0.02178270004862137
0.14142777396994088,0.06003078445923836
0.7664445559316281,0.2793294933522664
0.09956826195405628,0.04757108220931581
0.7308173345298574,0.2707039644655651
0.6346831918937822,0.24700581115198886
0.4067311565068083,0.1698540977795878
0.7918966089838253,0.2843397267076146
0.7721044933260784,0.2804189822616396
0.7704086319344828,0.28002696226426393
0.7783226517619289,0.2815950422537665
0.1533129358893733,0.06878698667839823
0.7155475159163653,0.2667396622421039
0.7364772719243077,0.2737099955843303
0.37448152570996535,0.15517294887786995
0.5436154351650991,0.2182097644558735
0.4983642003660235,0.20243967111700104
0.6951971792172185,0.26181763338616526
0.8767250090092632,0.29732266675958996
0.5006394810664142,0.20427018671585792
0.7743656418482059,0.28076744448152907
0.060549317769094335,0.029711304495543767
0.6714409875566169,0.2571558622507066
0.7596611103652456,0.27767429780779146
0.8196027444690183,0.2890445111483409
0.7828449488061839,0.28264042891343494
0.8258209029048688,0.29004634003052315
0.7687057044537555,0.28002641779204535
0.6403360631991011,0.24831254447657433
0.6471195087654833,0.2506646644608282
0.7551388133209909,0.27723872003292965
0.8071593615081856,0.28677896224684085
0.6454236473738878,0.2494450466912151
0.3773220935408881,0.15534826893225184
0.644858360243356,0.2488787955838947
0.14483362893139534,0.06473611337218324
0.27210802637064463,0.11622794002747404
0.25061298323217046,0.10921404890776147
0.6991541891309414,0.2630808089332646
0.7053723475667919,0.2649537933651704
0.4814055864500676,0.19782254670346572
0.763052833148437,0.27880680002243224
0.7336508362716484,0.272925955589579
0.6833120172977858,0.25820124891037494
0.22911794009369638,0.10002226891373978
0.6273203270186049,0.24412990889346364
0.7200698129606204,0.26817706889914794
0.4768832894058127,0.19603667782653228
0.4248486090403545,0.1780886956133507
0.7749309289787377,0.2812030222563909
0.8145151602942315,0.2879555667111864
0.4531129655669477,0.18523217112108464
0.5798079436974017,0.23005856887655235
0.5198733756827609,0.2115889822779738
0.4548229591368066,0.18762893782726187
0.66635340338183,0.2539325867167291
0.8439242232601518,0.29270445340161744
0.5656757654341051,0.22696596667503338
0.6194063071911587,0.2430409644563091
0.05601288854657612,0.026094920019753453
0.5328749796849939,0.21563985558418874
0.6867037400809771,0.25972577112239137
0.7234615357438114,0.2688739933389268
0.5413542866429717,0.2179484177909564
0.5408031316907033,0.21742681340555942
0.35471060831961326,0.1504262400763132
0.23874195349100136,0.10651346670361814
0.38014852919354736,0.15826664002382607
0.16293694928667832,0.07296962226150892
0.5255262469880796,0.2147251422569789
0.6431624988517604,0.24844321780903292
0.7223380275718794,0.2684825178137698
0.6810508687756585,0.25807057557791646
0.809985797160845,0.2870838666892441
0.7319479087909211,0.27074752224305126
0.25175768967149753,0.11047831339929795
0.7771920775008653,0.28155148447628037
0.7771920775008652,0.28150792669879415
0.600737699705344,0.23772582665855765
0.8280820514269962,0.2903512444729264
0.25967170949894364,0.11548745781020893
0.43842963235138255,0.1834473911885883
0.46782456313903953,0.1942061622276754
0.5373972767292488,0.21629322224648148
0.8026370644639307,0.28599492225208956
0.46330226609478453,0.18802095782463749
0.5215692370743565,0.21389754448474144
0.21327576826054084,0.09091760447469048
0.3699592286657104,0.15260304000618516
0.7178086644384929,0.26808995334417557
0.28002204619809073,0.11918986889653446
0.3388401721299313,0.13979487553637318
0.6324079111933917,0.24439125555838073
0.7036764861751964,0.26447465781282237
0.7788879388924608,0.28172571558622506
0.5345708410765894,0.2162496644689953
0.7325202620105846,0.27231614670477244
0.38184439058514286,0.15944270001595304
0.7771920775008652,0.28150792669879415
0.7053723475667918,0.2653022555850599
0.5549353099539998,0.2235684600311111
0.3654369316214556,0.1515576533465168
0.20365175486323583,0.08769323999627579
0.6686145519039575,0.2570687466957342
0.7489135887960087,0.2761927889010427
0.8642886921375622,0.2953625667727117
0.4056147144240078,0.16937605117167698
0.17367740476678376,0.07671559112532063
0.7245921100048751,0.2695273600012196
0.2093187583468178,0.08869615782289517
0.7596611103652458,0.27728227781041587
0.6618169741593117,0.25205851334038604
0.3784385356236884,0.15565208443021797
0.21555104896093158,0.09483889339288408
0.7658792688010962,0.27924237779729405
0.6476847958960152,0.25149226223306564
0.17934440825036566,0.08499265779213248
0.13577490266462222,0.06003078445923835
0.20988404547734968,0.08939308226267409
0.2206245009574551,0.09806107998242444
0.7019806247836008,0.2639955222604744
0.6674839776428937,0.2551957622638284
0.7743656418482059,0.28098523336896
0.06563690194388111,0.03005976671543323
0.5719080560482189,0.22949340671366913
0.7715392061955466,0.2801576355967225
0.5407889995124399,0.21729505112866365
0.6934942517364912,0.26159930002651577
0.24326425053525624,0.10768952669574508
0.6878343143420407,0.2602049066747394
0.3224609775227704,0.13835855782376633
0.4401113615647148,0.18405611112895767
0.7805838002840564,0.2821612933610869
0.5967806897916209,0.23628842000151365
0.39486012676563914,0.16262350671688153
0.5453254287349582,0.22204393781909476
0.7794532260229926,0.28207417780611455
0.7540011729707954,0.27636702001098745
0.72855618600773,0.27013771335824477
0.6844425915588498,0.2593773089025019
0.5068576395022648,0.2067965378100565
0.25061298323217046,0.10864779780044112
0.3530006147497545,0.14763745337276038
0.7477830145349449,0.2757572111261809
0.6838773044283177,0.2589852889051263
0.6946248259975548,0.2616428578040019
0.5588923198677228,0.22413471113843156
0.7766267903703333,0.2812465800338771
0.6216674557132861,0.24391212000603274
0.7879325329809705,0.28338091113069996
0.6742674232092761,0.2578527866904855
0.7443912917517538,0.2754087489062914
0.46499812748638014,0.1889356711518473
0.4514171041753522,0.1847530355687366
0.7817143745451202,0.2825533133584625
0.8620134114371714,0.29505657338587127
0.8026370644639308,0.2861255955845481
0.6171451586690313,0.24090663335948612
0.7166780901774291,0.2676979333467999
0.5600228941287865,0.22674817778760248
0.38580140049886597,0.16013962445573193
0.8173415959468908,0.2887396067059377
0.4197468926873044,0.17752135556159315
0.3400131429257849,0.14532998011042983
0.3173592611697204,0.13330476669093194
0.6137534358858401,0.23986124669981776
0.3150839804693297,0.12785895556072197
0.7240338889634751,0.26887453781114545
0.6550335285929295,0.2520149555628998
0.5832137986588563,0.2348074555669834
0.2432501183569929,0.10712218664398758
0.7387384204464351,0.27401490002673357
0.7104599317415786,0.2659120644698664
0.7726697804566103,0.28072388670404286
0.6850078786893815,0.25937730890250194
0.5096840751549241,0.20797259780218344
0.701415337653069,0.2633857133756678
0.6160145844079676,0.2406888444720552
