0.3414634146341463,0.4429299581925433
0.2682926829268293,0.4003779852242139
0.5330160618679358,0.5106236756199531
0.652587745389649,0.5141171754195063
0.4491374182034504,0.48078575110245686
0.3890541344437835,0.4807284806139396
0.4967281380130875,0.5025485367390183
0.19571683521713268,0.3647557413664738
0.7120761451516955,0.5221350438119237
0.1719214753123141,0.3498654143519844
0.1124330755502677,0.28457705744229994
0.038667459845330154,0.18126109615715022
0.06365258774538965,0.25697268197697726
0.1356335514574658,0.29253765534620013
0.0511600237953599,0.22255311837809977
0.16002379535990485,0.34986541435198437
0.14753123140987506,0.32117289960483364
0.23200475907198098,0.3991753049653513
0.18441403926234384,0.35564973369222835
0.14812611540749554,0.32123017009335086
0.2082093991671624,0.3659584216253364
0.29268292682926833,0.43136131951205536
0.35276621058893515,0.4703625221923142
0.22010707911957167,0.3923028463432793
0.16002379535990482,0.3292480384857682
0.280785246876859,0.42105263157894735
0.20880428316478286,0.37174274096558035
0.13622843545508626,0.3051944333085161
0.09994051160023795,0.278792738102056
0.0874479476502082,0.26842677968043066
0.12373587150505651,0.28566519672412805
