0.40902316945851624,0.1619157746332237
0.23539134099680184,0.09989493506032236
0.39898793733695853,0.15935762724131255
0.5286030284749368,0.18421008073722026
0.5000592252238852,0.18040613296995456
0.4992879199825906,0.17906102453003703
0.5093176427809961,0.18093543471613058
0.4715126673112575,0.17559878785883704
0.5154880847113529,0.18138747935577498
0.5459601510656408,0.1842211849696575
0.5139427195671876,0.18138740060235345
0.5189617129587545,0.18170729700065233
0.5000619798854612,0.1805826193876276
0.5212756286826382,0.18232472382553258
0.34613975500039945,0.15008480562198628
0.33957815112624345,0.1459831699212962
0.344208737235587,0.1464904207094408
0.35539817255751044,0.15029436847670646
0.31913029824720884,0.14066865277545568
0.3229923337768339,0.14286288060642657
0.314111304855642,0.13729469868980299
0.2986879546913265,0.13635761172688854
0.331093793472003,0.1435906409748855
0.37391500767173247,0.15544342468388972
0.4279201478702335,0.16546597887628478
0.4078662115965744,0.1614857809516107
0.40053330248112373,0.16100050236807603
0.4128796956649891,0.16379010606589572
0.4398808884334515,0.16839891380130878
0.3955170637511329,0.1587071239793852
0.4094088220791635,0.16306242445085833
0.23810743731078918,0.11175882300176385
0.24544310108781583,0.1188925441851978
0.2415783108966148,0.11195728162404676
0.4722839725525521,0.17567596621194703
0.507775032298407,0.1809023582790834
0.5247492569300399,0.18404477730540603
0.44066045765947426,0.17312908055931625
0.5189589582971784,0.1815197851039636
0.4294655130143986,0.16769320439088128
0.4229039091402427,0.16528949245861177
0.42831130981403287,0.16760507931217714
0.4402720503772509,0.17228003992168445
0.33687858278171245,0.14557522719771468
0.3781626958220048,0.15715253143816904
0.35733194498389903,0.15273115684602317
0.3870354607584686,0.1584866931524924
0.37893400106329944,0.15781406017911206
0.35655788508102837,0.1520805748306743
0.3681329730235992,0.15365737583676498
0.2716729886149837,0.12303828180195074
0.2979056308037277,0.1312966018449879
0.2859476449020856,0.1290032234562971
0.27977444831015286,0.12645625905024477
0.27591516744210387,0.12502286802477994
0.4645709201396063,0.17480495336970536
0.5197302635384731,0.181817473037388
0.4155792640095202,0.16465009342912168
0.4880984846606671,0.17821190513898366
0.47228948187570424,0.17789224500094938
