0.23515573539098522,0.20566309867872082
0.24146043097769831,0.2098684246881925
0.3280637370220508,0.25275611872171355
0.25268968978388384,0.2255513618956571
0.3293811360998714,0.26448240228557535
0.3067344186192403,0.23529379258514266
0.21382641698817478,0.17825387790739444
0.1848750039208306,0.17160603665983276
0.412251811423732,0.29477622250098096
0.7977478749098209,0.3909847978293666
0.38085380006900665,0.28570797022562877
0.28665976600483045,0.23507275048214807
0.5403218217747248,0.34165372649355386
0.5139738402183118,0.3343593370947332
0.31297638091653335,0.2388249401804809
0.42605313509613874,0.3040599908267528
0.6558765408864214,0.3699692198871581
0.7136539004422697,0.3892109349528352
0.608105140993068,0.3593426207856942
0.6470938803676172,0.36820088306320153
0.5064772121326182,0.33038610529340584
0.7613312004014932,0.39075822967379714
0.6307518584736991,0.3631113886417516
0.7073492048555566,0.3788164300595157
0.6395345189925034,0.36797431490763216
0.5704651673410495,0.35005885245992235
0.6608952040400239,0.3754952724620223
0.5340798594774318,0.33922778941318854
0.6031178444841756,0.35625355739634507
0.3971958219629247,0.29367101198600815
0.35576048430099433,0.2706771072219981
0.4624698096044666,0.31578074833803976
0.569241868197359,0.34498041014362213
0.3180577773595559,0.2503301816413481
0.5252344656692073,0.33479589524814746
0.47504783413318274,0.3202071164505059
0.6194598663780936,0.3613430518177951
0.48386186129669717,0.32640182138692875
0.3582384492330856,0.27442929692033097
0.5805338602929645,0.35139063113046465
0.3921457921646122,0.2868131807406016
0.46623380696966843,0.31600179044103427
0.5955898497537719,0.35470626267538313
0.43358112982654246,0.3133437591525246
0.37956776763589606,0.28548140207005934
0.5026504814779963,0.3275015058493267
0.5880618550233682,0.3518327153364538
0.5453404849283273,0.3449693580384724
0.3682757755402905,0.2790711810832169
0.4147611430005333,0.2985339382518886
0.47379316834478213,0.3193229480385277
0.35190238700166243,0.2695553185493007
0.3230450738684484,0.250987781897757
