0.09682883221981743,0.08315051309398158
0.140836234747969,0.13223843811650027
0.22881967315956211,0.1976945308657667
0.22009974593017784,0.19549516194097075
0.13083027508547412,0.1289283326241566
0.10187886201812993,0.09288189167831744
0.32307644051315837,0.24922497112637534
0.1948809635833255,0.16983217378330137
0.29042376337003234,0.23043086631926216
0.17737837583513694,0.16719072065251628
0.25529312129481513,0.22092605589049577
0.37081647376180177,0.2810660860627428
0.17728427590100687,0.16407955305286775
0.31805777735955587,0.24613038168445137
0.23261503716947396,0.2096363304800482
0.12455694614347101,0.11942352219539018
0.34942442206957125,0.26911876039588645
0.562968539255356,0.33282309447892094
0.48006649728678524,0.3080498007858047
0.28662839936012047,0.2271097087217688
0.5817571594366551,0.3392277894131885
0.47627113327687337,0.2992025906134471
0.15846428907499766,0.15258536369715023
0.4260531350961388,0.29588143301595377
0.5868071892349676,0.344538325937633
0.5340171261880117,0.3177756533175657
0.6457764812897964,0.3628848204861822
0.4788118314983846,0.30362895872591333
0.3883817947994103,0.28570797022562877
0.248988425708102,0.21981531932294807
0.2966970923120354,0.24568277142588738
0.29544242652363484,0.23463066627615897
0.2803864370628274,0.22490481374439797
0.3431824597722782,0.25320925503285246
0.33436843260876387,0.24966705533236444
0.5240738998149368,0.3155818104453446
0.42859383331765005,0.29765529589248513
0.5340798594774318,0.3213233790706285
0.5465951507167278,0.32662286348992325
0.3217904080800477,0.2463458977348711
0.21131708541137353,0.18820077254214998
0.2552617546501051,0.22069948773492634
0.6420438505693047,0.3498488624620775
0.23521846868040525,0.21252645597670217
0.42106583858724633,0.2938975801415775
0.5001411499011951,0.31556523228762
0.2151124494212854,0.19483756168456187
0.20131112574887863,0.18710108807975198
0.4110285122800414,0.2892556959786916
0.4737618017000721,0.29787633799547975
0.35453718515730376,0.26957742275960017
0.340641761550767,0.25055122374434274
0.5441171857846366,0.32530213692453075
0.2426837301213889,0.21406269859251442
