0.43723973825104107,0.5059847660500544
0.544913741820345,0.5255140026344425
0.6531826293872693,0.5370826413149303
0.22010707911957167,0.3590859630032644
0.18441403926234384,0.347631865299811
0.3170731707317073,0.45547219517782483
0.18500892325996432,0.35112536509936426
0.24449732302201072,0.3980871656835232
0.29268292682926833,0.43136131951205536
0.305175490779298,0.43141859000057264
0.30517549077929806,0.43370940954126336
0.12373587150505651,0.2891014260351641
0.12314098750743606,0.2707175992211213
0.3771564544913742,0.4841647099249756
0.2325996430696014,0.39236011683179656
0.3765615704937537,0.46234465379989687
0.09875074360499703,0.2225531183780998
0.05116002379535991,0.2007903327415383
0.14812611540749554,0.3155031212416242
0.14753123140987506,0.3074279823606895
0.280785246876859,0.4176164022679113
0.04937537180249851,0.1227306568925033
0.22129684711481262,0.39127197754996845
0.11124330755502676,0.2535364526659412
0.000594883997620464,0.04816448084302159
