0.4988864841127944,0.3038500008289079
0.3695304413286911,0.2563038444747764
0.6608952040400239,0.35206480954459807
0.5478498165051284,0.3155707583401949
0.5340171261880117,0.3080498007858047
0.6432985163577052,0.33857571520935453
0.5416078542078354,0.31292377915683495
0.40469245004861837,0.2695718967070253
0.42599040180671877,0.2768607600532712
0.46748847275806904,0.2961080011715232
0.09682883221981743,0.08315051309398158
0.2879144317932311,0.22534689795038712
0.140836234747969,0.13223843811650027
0.22881967315956211,0.1976945308657667
0.2652677143126,0.2041158039577589
0.22009974593017784,0.19549516194097075
0.2539129889275744,0.2012312045136798
0.30541701954141964,0.23307231945004728
0.13083027508547412,0.1289283326241566
0.24770239327499136,0.19814766717690552
0.26529908095731003,0.21782594039599693
0.10187886201812993,0.09288189167831744
0.3657664439634893,0.25453550765081984
0.32307644051315837,0.24922497112637534
0.4323264640381419,0.27731389636441006
0.7123365013644491,0.3553804410895166
0.5541231454471315,0.3197705582970917
0.3682757755402905,0.2558617602687872
0.4549418148740629,0.2903609064936644
0.3155798124274647,0.2412729814711457
0.1948809635833255,0.16983217378330137
0.3983877544619052,0.26801907593348845
0.5705279006304695,0.3275236100596262
0.4147611430005333,0.2711247174805621
0.36698974310717986,0.25563519211321784
0.30673441861924033,0.2350727504821481
0.29042376337003234,0.23043086631926216
0.2878830651485211,0.222909908764872
0.32053574229164705,0.24413547670492539
0.3833631316458079,0.258961875763286
0.4888491578055896,0.30340791662291877
0.43609046140334373,0.2850503699692199
0.5177692042282237,0.3062925160669979
