0.46646612730393017,0.14483675636392623
0.6304098110026694,0.16361432842901655
0.3422363995471337,0.11630139910966106
0.37387093308651576,0.12354545383667374
0.3661551260119938,0.11958722811660956
0.3267992760749378,0.10884786028134975
0.36345004834431066,0.1177347901351259
0.3341376945135406,0.11578320159592234
0.3688519396949488,0.12027072906216252
0.35110640982202135,0.11683062210241552
0.4340630431848295,0.13900404170434688
0.4437043587010118,0.14023889535410727
0.3912445836466761,0.1298746300656465
0.4305866602758518,0.13532137420625412
0.40243126430702353,0.1348251488971253
0.3827547166692836,0.12502326179188764
0.45335669286349833,0.14371223625774454
0.49231587153360273,0.1508569829201942
0.4861454296032461,0.14950084900126093
0.47264483321901485,0.1467002985778471
0.509678503447459,0.15439639794450422
0.46762583982744804,0.1464355295746268
0.48421165717685755,0.14730662117029006
0.5050506719996916,0.15312846785769668
0.39046501442065334,0.1254752276781105
0.5351315764101802,0.15940196541764007
