0.261954056288466,0.13565634220296724
0.4192098699132991,0.19677607109936018
0.5057270652412009,0.2161179021920996
0.5464418708177584,0.22500477774371802
0.4910154676691092,0.21406959770581185
0.42710975756248193,0.19969335324649728
0.5079811476741967,0.21903572881145522
0.4638675532253164,0.20993051990018732
0.4768832894058126,0.2099751666221107
0.26251934341899785,0.13678884441760802
0.40845528225493033,0.19468420883558624
0.4576564608785975,0.2072304821682626
0.41466637460164923,0.1963388599078426
0.48932667236664523,0.21393946884557186
0.3937436846828386,0.189891764367669
0.3083499975268688,0.1651046666169382
0.37338628189455986,0.1844900554871638
0.4112817179075897,0.19498911327798957
0.33889670084298446,0.17468901108055412
0.3400131429257849,0.17499282657852022
0.3609499650228588,0.18244283994531318
0.4022300577299482,0.19285423770894802
0.45255474452554745,0.2045288110196821
0.29307311282424514,0.15678404217264014
0.37112513337243236,0.18252995550028556
0.35076773058415356,0.17616997551508431
0.3756474304166873,0.1859274621442078
0.289681390041054,0.1544754799658725
0.30495827474367765,0.16379793329235273
0.35359416623681295,0.17786872883704546
0.38582259876626085,0.1874519843562242
0.34849951597289447,0.17516760216068356
0.4061870676436713,0.19424808658850587
0.2761144989082892,0.15351720886117645
0.30212477300188667,0.158047762191958
0.357551176150536,0.18087421548359206
0.2942036870853089,0.15769875549985
0.3038206343934822,0.16249065549554867
0.26649048551098425,0.14306225332005545
0.3722557076334961,0.18401091993481578
0.3897937408582472,0.1896745199524567
0.29138431752178123,0.15643612442496926
0.3253156775319564,0.17033214438749872
0.35133301771468545,0.17756382439464216
0.286847888299263,0.15408291549627826
0.3813144339002692,0.18675614886088246
0.42429038799895424,0.19965033994122963
0.31514050918238284,0.1678493510707863
0.4384296323513825,0.20400666216206648
0.411295850085853,0.1959484733271227
0.3841338034637969,0.18714762438603952
0.3281491792737473,0.17220567329162315
0.45426473809540635,0.20561884440127384
0.4774556426254761,0.2138959110680857
0.3445425060591714,0.17512404438319737
0.46161347079232057,0.20749182883317968
0.3863949519859244,0.18814945326822172
0.4186375166936356,0.19642706440725213
0.39431603790250214,0.1915910621618487
0.4293779721737411,0.20100063104330132
0.35360123232594454,0.17956802663122515
