0.5293770883778074,0.1766577063648752
0.45724076568573174,0.17295259414164324
0.424460292930712,0.17151928186959997
0.3307108955129318,0.14873961842864722
0.4036212781078781,0.16441847961637004
0.4144223061475783,0.16591802351592919
0.3191413168935131,0.14787963106542124
0.4861647122342785,0.17473872174218952
0.34229424744023074,0.15655707681789874
0.47730021128254296,0.17405529955005808
0.39745359083909754,0.16388933537703715
0.27129835464064067,0.13135180799348806
0.28402213646042523,0.13479167869297046
0.23811019197236524,0.11486808683761779
0.26358254756611876,0.13124147444990936
0.2805512628745996,0.13218966564526108
0.2381129466339413,0.11870503228850907
0.3326474226008964,0.14894933879021044
0.2385041085777407,0.1223546233495547
0.29985042187642036,0.14293998020611504
0.2894322917957914,0.13889347190050358
0.30910608477195534,0.14500174478205424
0.2516190523413246,0.12326981686128081
0.3391980078287482,0.15219067211398837
0.28904663917514417,0.13683170732456437
0.26319414028389543,0.12782349720161532
0.3334104638574628,0.149059357320103
0.2967652009112421,0.14151769341308745
0.2882698246106975,0.13622514847185685
0.4252315981720066,0.1716185111807414
0.3372697447255118,0.15075735984194508
0.315276526702312,0.1453435346315415
0.4074833136375031,0.16549913406675346
0.2597232666980698,0.12642326136661916
0.3611967351751001,0.16063666156055734
0.3754658821390499,0.16366866828987972
