0.0005864853979268093,0.008887420023836995
0.005695267840108534,0.02121590446908242
0.9445806629404818,0.30446777568397965
0.0028688321874492124,0.019430035592148932
0.03342260159269649,0.03528724448599373
0.9016047088417969,0.3005029289882999
0.8608899032652395,0.2950571178580899
0.8744567943980041,0.29732212228737137
0.7986800545502077,0.2856029022547139
0.8529688173486616,0.2948823422759266
0.8150804474247635,0.2883911444860482
0.8405254343878289,0.2926167933744265
0.8207333187300822,0.28926230003577186
0.8105581503805085,0.2873457578263798
0.8026370644639307,0.28599492225208956
0.8524035302181298,0.2942289756136338
0.8671080617010899,0.2967994289575372
0.8320461274298511,0.2914407333822996
0.9191356759774163,0.3012439556777835
0.832046127429851,0.291310060049841
0.8246903286438051,0.28965432003314745
0.8111234375110404,0.287868451156214
0.8128192989026359,0.28791200893370017
0.88181259318405,0.2984987267517169
0.8416560086488927,0.29270390892939885
0.836003137343574,0.2918327533796752
0.8382642858657015,0.2923118889320232
0.7704015658453512,0.28037488001193484
0.82921262568806,0.29043836002789875
0.10019714388677298,0.0769339244849701
0.8145151602942317,0.2880862400436449
0.7619222588873733,0.2788939155774046
0.7234615357438114,0.2714874599880978
0.7913242557641619,0.2839471622380204
0.7941577575059529,0.2848188622599626
0.8269514771659325,0.29013345558549547
0.8235597543827413,0.2895672044781751
0.8314808402993191,0.2907873667200068
0.8235597543827413,0.28956720447817513
0.7896354604616979,0.28377347560029426
0.8354378502130422,0.2915278489372719
0.721200387221684,0.2707905355483189
0.82921262568806,0.29043836002789875
0.7964189060280803,0.28529799781231063
0.8173415959468909,0.2888702800383962
0.8727609330064084,0.29688654451250956
0.869376276312349,0.2967999734297558
0.8082899357692495,0.28699675113427175
0.8461853717822794,0.2933578200639102
0.01871100402060472,0.026051906714485845
0.8003759159418034,0.2858206911421448
0.8230015333413413,0.28926284450799045
0.7720974272369467,0.280418437789421
0.8501423816960023,0.2937498400612858
0.8196027444690184,0.2891751844807995
0.7935854042862893,0.28442629779036843
0.8552370319599207,0.29488288674814517
0.7551317472318592,0.2772817333381973
0.8196027444690184,0.2891751844807995
0.8840808077953092,0.2984992712239355
0.8082899357692493,0.28686607780181317
0.8648469131789625,0.2954491378554655
0.7890631072420344,0.28364225779561714
0.8280820514269962,0.2903512444729264
0.3903660940779108,0.18362053335409587
0.04135075359840589,0.04360786893029177
0.8343143420411102,0.2914412778545182
0.8869001773588367,0.2988036311941202
0.7811490874145882,0.28229196669354545
0.7901936815030981,0.283860046683048
0.8212986058606139,0.28926230003577186
0.8258209029048688,0.2900463400305231
0.44127020018230523,0.20026178224269195
0.793592470375421,0.28451395781755934
0.8620204775263031,0.29536202230049313
0.7918966089838253,0.2843397267076146
0.8037676387249946,0.28621271113952046
0.8608899032652394,0.2949264445256313
0.06510694525900748,0.053409457809120015
0.7998106288112715,0.2856900178096863
0.7839755230672476,0.28303244891081053
0.8003759159418032,0.2856900178096863
0.8088552228997812,0.28699675113427175
0.08207969135322672,0.06329816224292063
0.7472177274044131,0.2759314422361256
0.6589976045957842,0.2576780111083222
0.8314808402993191,0.29043890450011733
0.7681404173232238,0.28006997556953156
0.8885960387504324,0.299239208968982
0.3705669123310323,0.1780440488914273
0.7918966089838253,0.2841219378201837
0.42429745408808595,0.19616626221455363
0.7935854042862893,0.2844262977903684
0.7189392386995566,0.27039851555094324
0.7523053115791998,0.27702038667328016
0.7771920775008652,0.28176927336371127
0.7076334960889192,0.26817706889914794
0.7794532260229927,0.2822484089160593
0.15620296634421746,0.0967559800744947
0.7749309289787377,0.28129013781136325
0.7851060973283114,0.28311956446578296
0.7771920775008653,0.28155148447628037
0.8405254343878289,0.2926167933744265
0.8439242232601518,0.29270445340161744
0.7285561860077299,0.2726640644524433
0.15450710495262188,0.0967124222970085
0.6861455190395769,0.2642127666756867
0.7749309289787377,0.2812030222563909
0.7788879388924609,0.281943504473656
0.8642886921375622,0.2953625667727117
0.76700984306216,0.2799828600145592
0.11151701867567357,0.0796355956335506
0.3468177867595622,0.17029022002666824
0.30665413613527315,0.15687224667204966
0.7726627143674787,0.28085401556428286
0.74326071749069,0.2751909600188605
0.6097964259721171,0.24661270221017606
0.5583411649154542,0.23354428001988412
0.29137725143264953,0.15077306887954695
0.7958536188975484,0.28486242003744877
0.5679510461344959,0.23620130444654125
0.6901025289532999,0.26517103778038276
0.7817143745451202,0.2825533133584625
0.7551388133209909,0.2773693933653882
0.8495770945654705,0.2934449356188825
0.5820832243977925,0.24020861997527007
0.11660460285046036,0.08133434895551173
0.6567364560736566,0.2572859911109465
0.7308173345298573,0.2730125266723327
0.7472177274044131,0.2759314422361256
0.7008500505225369,0.2666961044646177
0.6522070929402701,0.25658852219894906
0.7573928957539866,0.2778479844455176
0.4356173288769866,0.19891149114062032
0.03907547289801514,0.03755224891527523
0.12735919050882907,0.08699794897315263
0.7409995689685626,0.2749296133539434
0.6810508687756586,0.26225212221658994
0.7342090573130485,0.2737094511121117
0.6821814430367222,0.2623392377715623
0.755697034362391,0.27745596444814197
0.8173415959468908,0.2887396067059377
0.597360109100416,0.24386856222854655
0.6148840101469039,0.24770164664733063
0.7692709915842875,0.28028776445696246
0.8258209029048688,0.29004634003052315
0.786236671589375,0.2833373533532138
0.3762339158146142,0.1807457200400078
0.3920619554695064,0.18632111555823921
0.29308724500250843,0.15417166446790634
0.809985797160845,0.2870838666892441
0.18732202287999655,0.1163591578321512
0.1584641148663449,0.09701732673941178
0.7743656418482059,0.28098523336896
0.02492916245645523,0.027532871149016057
0.3920548893803747,0.18383777776930818
0.6850078786893815,0.26368952887363395
0.8048982129860582,0.2866047311368961
0.7455218660128174,0.27588788445863943
0.545325428734958,0.23132174442365167
0.27950622169148037,0.14637373335344248
0.6273203270186049,0.25014088218655683
0.7511747373181361,0.2768461555633354
0.4293850382628727,0.19795213109148713
0.4390090516601777,0.19947774224794068
0.24782187802516936,0.1309956600119457
0.7596611103652458,0.27815343336013953
0.7477830145349449,0.27623634667852887
0.7879325329809707,0.2835551422406447
0.6838843705174494,0.26347228445842164
0.7229033147024113,0.27131377335037166
0.806028787247122,0.2866918466918685
0.6838773044283178,0.26342818220871683
0.58434437291992,0.2408619866375628
0.22577567993442663,0.1288177711376366
0.610361713102649,0.24735318442744114
0.17034927678577738,0.10625266451091965
0.7557041004515227,0.27754362447533293
0.5764303530924738,0.2393810222030326
0.33097561492640676,0.1677192222105463
0.5340196861243208,0.2287082777744807
0.6748327103398081,0.26125029333440775
0.07077394874258942,0.06029267559637403
0.7981147674196758,0.2853415555897968
0.8071593615081856,0.28677896224684085
0.7534429519293953,0.2771951622554435
0.2738674825644251,0.14489385786334946
0.400548328516616,0.18806397112990508
0.8150804474247634,0.28826047115358966
0.7387313543573034,0.274493491106863
0.32758389214321554,0.16527998667132007
0.4576635269677293,0.20692612219807793
0.5447601416044261,0.23106039775873452
0.14262194303318942,0.09174574671914652
0.08548554631468121,0.07022493780766084
0.802071777333399,0.2858206911421448
0.5645593233513047,0.23463322445703869
0.8026370644639307,0.28599492225208956
0.6878413804311726,0.2648661333379795
0.6211021685827544,0.24979241996666743
0.6923636774754275,0.2656501733327308
0.6392054889380374,0.25406217110475043
0.8229944672522095,0.2892623000357718
0.5470212901265536,0.23140885997862404
0.5741692045703464,0.23763871110358525
0.5651246104818366,0.23602707333659653
0.20315006253488876,0.12171676446295165
0.657294677115057,0.25732900441621415
0.4259933154796815,0.19756011109411148
0.47463627306194855,0.2110652000037024
0.6703104132955531,0.2607711577820597
0.6352484790243142,0.25306034222256824
0.6267691720663363,0.2500984133535078
0.049278905604115276,0.05123156893481089
0.4633305304513112,0.20862596446447618
0.12114103207297858,0.08551698453862241
0.4627652433207794,0.20744990447234926
0.07190452300365315,0.062122102250793704
0.33719377336225725,0.1689823977576456
0.40733177408299837,0.1898498400068386
0.7149822287858336,0.26939668666876104
0.1318673553748207,0.08839070890827332
0.8229944672522095,0.28926230003577186
0.14433193660304824,0.09588482452477104
0.36323231181238125,0.17791446450340592
0.762487546017905,0.27902458890986315
0.39490252330042896,0.18784672671469274
0.5832137986588563,0.24081842886007662
0.6827467301672542,0.2629926044338551
0.3558623808480721,0.17434109333288322
0.7098946446110469,0.26887399333892686
0.74326071749069,0.2754087489062914
0.38357558242239675,0.182835948887126
0.7212074533108158,0.27087819557550985
0.09113841761999986,0.07153167113224632
0.6476847958960152,0.2554124622068221
0.32703273719094683,0.16480194006340923
0.6335526176327186,0.2513615889006071
0.002861766098317564,0.011240628952528012
0.7330784830519848,0.27349166222468074
0.4933048805477633,0.21638033780145383
0.480854431497799,0.21402712887276285
0.30043597769942265,0.15608820667729836
0.7262950374856024,0.2720106977901506
0.2976095420467633,0.1558268600123813
0.6522070929402701,0.2560658288691149
0.7602263974957776,0.27871968446745987
0.4152457939104445,0.1958172555224456
0.7076334960889192,0.2681770688991479
0.7285561860077299,0.27270762222992945
0.7262950374856025,0.2719671400126644
0.027204443156845982,0.03445964671375626
0.8314808402993191,0.2906566933875483
0.5594717391765179,0.23424120445966304
0.4746362730619485,0.21076029556129916
0.7257297503550706,0.27192358223517815
0.7381731333159034,0.27431980446913684
0.7602263974957776,0.27850189558002897
0.8671080617010899,0.2959282734078135
0.7042417733057282,0.2678721644567446
0.036814324375887685,0.03659397781057921
0.14263607521145266,0.093489146763031
0.762487546017905,0.2789374733548908
0.41242642434691684,0.19133134891358736
0.7670098430621599,0.27950372446221117
0.7647486945400325,0.27950372446221117
0.5006536132446775,0.2197342866678899
0.6765285717314036,0.26220856443910373
0.01984157828166845,0.02727152448409896
0.2139046501932575,0.126291420043438
0.5436295673433624,0.22988433776660763
0.3830102952918649,0.18174700444997144
0.6488153701570789,0.25584803998168393
0.4672875403650342,0.21071673778381295
0.7873672458504388,0.2834244689081862
0.7986800545502077,0.2856029022547139
0.5560800163933267,0.23323937557748084
0.6392054889380373,0.25319101555502677
0.6725715618176806,0.2608147155595459
0.7918966089838254,0.28412193782018375
0.1805244451353509,0.1096937289323281
0.7579652489736501,0.27815343336013953
0.4791585701062034,0.21276395332566353
0.34851364815115776,0.17394907333550758
0.7404342818380307,0.27479894002148486
0.7839755230672476,0.2830324489108106
0.8048982129860582,0.2866047311368961
0.3722698398117594,0.17943844224320374
0.4548370913150699,0.20570650442846478
0.4593664544484565,0.20701378222526884
0.6527723800708021,0.2567191955314076
0.7602263974957777,0.27850189558002897
0.28628966725786276,0.1485951800052378
0.5950989605782886,0.24356365778614328
0.5945336734477568,0.2425182711264749
0.31288642674938694,0.1631892133519833
0.8026370644639308,0.2861255955845481
0.4961313162004226,0.21712082001871894
0.49329074836950004,0.21559520886226544
0.7573999618431183,0.2778485289177362
0.4152457939104445,0.19294244220835757
0.7579652489736501,0.2779792022501948
0.6075352774499896,0.24635135554525897
0.701415337653069,0.26687033557456247
0.2670699048197794,0.1414081467200177
0.6855731658199135,0.26368952887363395
0.7025459119141326,0.2674365866818828
0.6335526176327186,0.25205851334038604
0.7602263974957776,0.27845833780254275
0.7641834074095007,0.2791988200198079
0.6618169741593118,0.2580694866334793
0.4780279958451397,0.21119587333616094
0.7036764861751963,0.26756726001434133
0.4983924647225501,0.21716437779620512
0.25801117855300626,0.13927272667875754
0.6533376672013339,0.25676275330889375
0.7766267903703334,0.281464368921308
0.7449565788822856,0.2755829800162361
0.6703104132955531,0.2606404844496012
0.7059376346973237,0.2679157222342308
0.4440966358349645,0.2041819822164484
0.34568721249849843,0.16920127558951367
0.5243956727270158,0.22413362219399438
0.6946248259975547,0.26634709777250964
0.5719080560482189,0.23641909333397218
0.44748835861815567,0.2044433288813655
0.4435313487044326,0.20374640444158656
0.5747344917008782,0.23881477109571217
0.5854749471809837,0.2411233333024799
0.5509783000402767,0.23236713108332002
0.6278997463274,0.2503597600184249
0.724033888963475,0.27166223557026115
0.644858360243356,0.25484621109950173
0.18561202931013768,0.11452864223329436
0.7262950374856024,0.27196714001266437
0.16017410843620383,0.10403121785912435
0.7070682089583875,0.2681335111216617
0.4836808671504583,0.21515963108740357
0.4531341638343427,0.2053139399588706
0.7115905060026425,0.26939668666876104
0.3570070872873991,0.17516978004955785
0.32306159509896054,0.1637554644593037
0.5249609598575478,0.22465631552382856
0.25292359437821943,0.1389242644588681
0.8105581503805085,0.28721508449392125
0.7353396315741122,0.27418858666445967
0.6827467301672541,0.2628183733239103
0.7036764861751963,0.26756726001434133
0.7279908988771983,0.2721849289000953
0.7562623214929228,0.27776086889054524
0.4350379095681913,0.19816991997891803
0.6024476932752028,0.2455237577730215
0.5408101977798349,0.22975420890636764
0.7489135887960087,0.27654125112093214
0.7308173345298573,0.2727947377849018
0.5057411974194643,0.21995207555532081
0.06736809378113495,0.055848693348346246
0.6635128355509075,0.25833083329839635
0.10699472163141865,0.07876444008382694
0.8252626818634687,0.2897855378378246
0.18222030652694649,0.11147959780926159
0.5899972442252386,0.24147179552236936
0.5447601416044262,0.23088616664878986
0.5781262144840694,0.2401215044202977
0.7195045258300884,0.27074697777083273
0.6669186905123619,0.25959509778993284
0.5594646730873865,0.2339357555450412
0.5741692045703464,0.23798717332347472
0.6742674232092761,0.2611631777794354
0.23255912550080904,0.13086498667948715
0.6652228291207664,0.2593337511250157
0.7421301432296263,0.27501672890891576
0.7828449488061839,0.28264042891343494
0.5543770889125996,0.2331952733277761
0.6154492972774357,0.24826789775465102
0.5606023134375817,0.2343283200146354
0.5193080885522291,0.2240900644165082
0.2795062216914804,0.1483773911178069
0.5487171515181493,0.23171376442102729
0.5945195412694935,0.24164602663231408
0.360384677892327,0.17630119331976146
0.7217727404413475,0.2712266577953993
0.3077847103963369,0.1577434022217733
0.48084736540866735,0.21328610218327917
0.7426954303601583,0.2751474022413743
0.6425972117212284,0.25484621109950173
0.5866055214420474,0.24129756441242461
0.20880293384020743,0.12176032224043785
0.7647486945400325,0.27950372446221117
0.8767250090092632,0.29732266675958996
0.7059376346973237,0.2679157222342308
0.7149822287858335,0.27018072666351234
0.5091329202026554,0.22252198442700563
0.7081987832194514,0.2686997622289822
0.6697451261650212,0.26050981111714266
0.5300556101214661,0.22753167331013519
0.6058394160583941,0.24578510443793858
0.6160145844079676,0.24918261108186082
0.683312017297786,0.2633846244312307
0.5181775142911653,0.22365448664164636
0.6284650334579319,0.2513615889006071
0.700850050522537,0.2666961044646177
