0.28398612220094543,0.12123762891060365
0.429356773906346,0.17455942669253272
0.23759724705167432,0.08791320677258103
0.44914888956409293,0.17665074448408805
0.3365860896969355,0.14332359998497257
0.32019982900064303,0.13609355339448484
0.4497212427837564,0.18244447336196898
0.27042629715731226,0.10690766458986813
0.4174786780760453,0.17103070224393335
0.24779361366864283,0.10420544896906908
0.37053158188537394,0.16209917997039158
0.39091724903017927,0.17050855338631773
0.5882660523879848,0.21154488002826902
0.4734774344443581,0.1907215400287808
0.4412278036475152,0.1759532755720906
0.34566601423110355,0.14676738676747386
0.2800291122872224,0.11182914897358819
0.5373548801944588,0.19529510666483
0.4983430020986285,0.19324734665076085
0.5498053292444232,0.20553227331852006
0.6074787487369365,0.21289462665812206
0.5090975897569971,0.19516497780459002
0.6385836730944523,0.21607543335905055
0.5826131810826661,0.2102817044811697
0.3343390733530712,0.13639900230910668
0.43953194225591957,0.17529990890979782
0.3580670006571463,0.1513382310424302
0.30776351212894204,0.1298212334364745
0.2986977197730372,0.12494112894136633
0.3348972943944715,0.13787942227141833
0.33604200083379854,0.14201850007704284
0.6329237357000019,0.21341786446017486
0.3852219811900708,0.16567037325203995
0.6708191717130318,0.21694767785321137
0.5452618339327732,0.19668841107216925
0.2805873333286226,0.11435495559556821
