0.38905413444378345,0.4543840558959968
0.22129684711481262,0.39127197754996845
0.08685306365258774,0.22713475745948114
0.280785246876859,0.40272607525342186
0.6406900654372398,0.5118263558788156
0.23259964306960143,0.3992325754538686
0.3170731707317073,0.43829104862264473
0.38845925044616303,0.4543267854074795
0.12433075550267697,0.2903041062940267
0.18500892325996432,0.3419620869366015
0.09875074360499701,0.22828016722982647
0.3652587745389649,0.4429299581925434
0.22070196311719215,0.3648702823435084
0.2926829268292683,0.4061623045644579
0.305175490779298,0.41652826298608325
0.1719214753123141,0.32810262871542295
0.06246281975014871,0.1606437202909341
0.2201070791195717,0.35564973369222835
0.074360499702558,0.18126109615715022
0.07495538370017846,0.22026229883740908
0.11124330755502676,0.2638451405990493
0.2088042831647829,0.3431074967069469
0.544913741820345,0.49802416814615424
0.7727543129089829,0.5554664681289732
0.6162998215348008,0.5117690853902984
0.5086258179654968,0.4956760781169463
0.437239738251041,0.4945306683466009
0.22010707911957167,0.3487772750701563
0.05056513979773944,0.14346257373575397
0.4253420582986318,0.46360460454727676
0.16061867935752527,0.3086879331080694
