0.14977572849032342,0.19703140455678295
0.17113641353784387,0.20742590945010253
0.2665851133904207,0.2514298661037462
0.32812647031147085,0.2744292969203309
0.308020451052351,0.26668729726294615
0.27536777390922496,0.2587242555025669
0.20378909068096987,0.2248937616392483
0.23267777045889404,0.23993015069545376
0.2464790941313008,0.2436878664463614
0.2540070888617045,0.24832975060924734
0.21131708541137356,0.22953564580213418
0.23142310467049343,0.2372776454595189
0.2954737931683448,0.2664662551599516
0.2527837897180139,0.2476721503528385
0.36077914745459677,0.2876973491525799
0.2238951099400897,0.232635761296633
0.19124243279696373,0.2151679091074873
0.2916784291584329,0.259166339708556
0.22013111257488788,0.23020429816369276
0.20002509331576804,0.222462298506308
0.2628211160252188,0.2489984029708059
0.10579969260688184,0.15634860550063273
0.11834635049088799,0.16496924751742087
0.09071233650136445,0.1463961848133023
0.08064364354944951,0.13732793253795017
0.3294125027445815,0.2744348229729058
0.31557981242746463,0.2722188758903852
0.3720711395502023,0.2899077701825256
0.4185251403657351,0.30649145395969307
0.43988582541325555,0.3142334536170777
0.5014271823343057,0.3268439055929178
0.4160158087889338,0.30428103292974734
0.412251811423732,0.30207061189980167
0.33687776418556514,0.27751836030968
0.31178444841755276,0.2669083393659407
0.31683447821586525,0.2742082548173363
0.38587246322260904,0.2965390332723626
0.33687776418556503,0.27575002348572347
0.37081647376180177,0.28880255966755275
0.5189925033719143,0.32839120031387986
0.29167842915843295,0.2602715502235289
0.49637715253599324,0.32308066378943534
0.4951224867475926,0.3219754532744625
0.4360904614033437,0.3078177065776605
0.45745114645086415,0.3157807483380397
0.3858724632226091,0.2985284121993137
0.373325805338603,0.2910129806974984
0.4712838367679809,0.32109128486248417
0.41727047457733446,0.30538624344472015
0.3569837834446849,0.28349202314310823
0.3117844484175528,0.2680135498809136
0.1987704275273674,0.2198097932703732
0.27411310812082434,0.2560717502666321
0.24522442834290017,0.2410353612104266
0.1824284056334494,0.2144992567459287
0.2728898089771337,0.2534247710832721
0.25278378971801385,0.24568277142588735
0.2942191273799442,0.2618243709970657
0.34067312819547696,0.2830499389371191
0.29547379316834477,0.2644768762330005
0.1485210627019228,0.195484109835821
0.11207302154888492,0.15679068970662186
0.08443900755936137,0.14595410060731318
0.10200432859696998,0.14772243743126973
0.13845236975000788,0.18641585756046886
0.3406731281954769,0.2799553494951951
0.2226090775069791,0.23086189842010157
0.26529908095731003,0.2496560032272147
0.1635770521627302,0.2023364150286526
0.22888240644898217,0.23351440365603643
0.1924657319406543,0.2173728040848581
0.16988174774944326,0.20477340421416773
0.15981305479752833,0.19990495189571234
0.13970703553840846,0.1879631522814308
0.12085568206768921,0.1758003105641547
0.17866440826824753,0.21206779361298847
0.13092437501960416,0.18486856283950684
0.16109908723063893,0.19991047794828723
