0.47453209911101246,0.29292581247325833
0.2861265817897511,0.19970768758921773
0.3189930599125491,0.22320248692734973
0.295769345855735,0.20954861965687366
0.21559637455236919,0.17052567010348313
0.3035009314581906,0.21296019325939694
0.29676354475342903,0.21107455102404
0.3324967905715196,0.23796577824392937
0.3557108522118512,0.2470721428544382
0.3276802347467689,0.2273675601379775
0.404011544290113,0.2694272267049348
0.49769789866893177,0.29822681474133
0.2880570650862444,0.2057659758955854
0.28033513190027126,0.19932904457006975
0.36342313298134193,0.25161207265402247
0.38176272429802804,0.25767036096039014
0.31896410266310177,0.22243384159847934
0.3112228646441637,0.2186398385466166
0.3083174872829413,0.2175001230589812
0.22621403268308218,0.17166159916092705
0.3779307149544889,0.2520020749637449
0.3353925155162596,0.23872306428222534
0.29286396849451257,0.2080302611500903
0.3228250692560882,0.22622027178995913
0.2561751334446579,0.1890943237624999
0.3054314147546839,0.21409612231684086
0.39626065385469256,0.2607070779739569
0.2870725186050328,0.2042438309586105
0.2715996949836392,0.19097996599785683
0.253260103666953,0.17545560221278975
0.4928716904276986,0.29519767058814617
0.39142479319697693,0.2584314334288776
0.43297844615399467,0.2804116606904176
0.43781430681171035,0.28382323429294093
0.4542137624154207,0.28949909314996913
0.523778728004556,0.3061858910038205
0.5585177749249526,0.3167841091097724
