0.4140146162343226,0.14851918760175437
0.42019332214940736,0.15183809304575005
0.44797408414389256,0.15950119472878152
0.46147192586654767,0.1614196280775164
0.4471917602562937,0.1559837519090814
0.4032135881946224,0.14685426151695946
0.39936257131130154,0.14645750177923672
0.42559796816162154,0.1540764227927838
0.4035992408152697,0.1473173316356196
0.4059131565391534,0.14746066286282394
0.36193498447748207,0.13551967532169398
0.3638632475807185,0.13910295600180225
0.439481462504924,0.15557588793892138
0.48037716826299315,0.1663151770207597
0.46263163839006566,0.1623899489843211
0.34920844799612144,0.13543147148956824
0.31254665708044443,0.11861690720980488
0.3360907495709615,0.13258674039667
0.32992030764060487,0.13006190570207063
0.3750609468873702,0.14579581553145057
0.3137146335886905,0.1268863314852793
0.29711228826982466,0.11117447261393079
0.41595114332228705,0.1516286089444514
0.43407957115428586,0.15495838236061965
0.5444147859214756,0.17821222015266985
0.5363133262263065,0.1757755105367747
0.5174108384914372,0.1730961616291122
0.5297544770137265,0.17406648253591692
0.49388051930880034,0.16963400371133378
0.5301401296343737,0.1743641704693413
0.5413268102947214,0.1761724277813405
0.5035245894865588,0.17144226102333301
0.5289831717724319,0.1738018710395397
0.5081524209343262,0.17296377712750205
0.5413295649562972,0.1766907040485008
0.5579153823057069,0.18010868129679483
0.532839697978905,0.17565415151418023
0.5181821437327317,0.1733497476464737
0.52126736469791,0.1734489769576152
0.5054528525897951,0.17149738841841158
0.5328396979789047,0.17459570552867137
0.49850835075656785,0.1697773349385381
0.49349486668815307,0.16886222018023353
0.47304701380911857,0.164562047103839
0.48192253340715835,0.16868573376256052
0.47574658215364957,0.1656535695263951
0.46995903818236423,0.1625002037744783
0.2994262039937084,0.11131780384113514
0.27627051878541464,0.09933263563052078
0.28206357207985217,0.106455331334939
0.30405954476462793,0.11712838878926145
0.3032827302001813,0.11282829446628846
0.2882367686717848,0.1091566524472114
0.4306114522300363,0.1548261553658526
0.4217331779704205,0.1531500462951989
0.4078414196423899,0.1485080833693171
0.44410653929111543,0.15569708945467275
0.45953264411700706,0.15957805806820535
0.4371620374578881,0.15553162851601546
0.42675217136198734,0.1547378727803053
0.41517432875784044,0.15119845775599527
0.44796306549758835,0.15651297490183586
0.3167998545538688,0.12895912154023423
0.3476630828519563,0.1340642333381977
0.36194049380063414,0.13652315141896737
