0.5345425767200628,0.18597483122722405
0.29979296358844265,0.11165328444698774
0.2998000296775744,0.11370104446105689
0.25056352060824894,0.08124614445610219
0.3116710594187435,0.11914576664682973
0.27660912514750463,0.1012859889330577
0.25115707209530735,0.0970597955724608
0.2856607853251461,0.10951895335016479
0.31053341906854814,0.11596550441811983
0.540181315847118,0.1884565355994993
0.5130545996707203,0.1858436134225469
0.6187774252584423,0.2066653200053794
0.5531899859384826,0.19538276669202093
0.511351672189993,0.18505902895557708
0.5684668706411062,0.19952184449764546
0.5073946622762698,0.18309892896869884
0.5034305862734152,0.1808333800671988
0.5356660848919947,0.18810861785182842
0.47118095547657235,0.17734657997942982
0.4462941895549071,0.16841614665032523
0.4129351827643954,0.15939914223846682
0.42876322241928766,0.1655843466415048
0.5447318772478995,0.19473103344638393
0.4915666226213776,0.1796578645472904
0.451417104175352,0.1764335000688757
0.5407607351559133,0.188588297876395
0.5758297355162837,0.20488054007288303
0.39201955893471635,0.15208143562078816
0.5339631574112675,0.18593018450530072
0.323012132475039,0.12781648672767296
0.3569505585743458,0.13970939339805655
0.37222744327696944,0.1490318467245368
0.41011581320086765,0.1542163111898297
0.4061446711088814,0.1523422378134867
0.3388472382190629,0.13387156227047092
0.370510383617979,0.14415174222942861
