0.43882781054236936,0.31754139514806834
0.47553595042518904,0.3281547589747862
0.4368876748293936,0.3126152494689531
0.25333732299881273,0.23493284766055406
0.22145539135722628,0.20955240608706513
0.30066312101234544,0.26220650432978293
0.4648989874615109,0.32511804196121935
0.30455304485477946,0.2633537926778013
0.4842327776758912,0.32929447446242155
0.44559415449657824,0.3183024676165558
0.45524657097904464,0.32019568271229565
0.486172913388867,0.3323274050457969
0.3122749780407525,0.2644897217352452
0.31324987210548166,0.2660080802420286
0.3132595245219641,0.26790508176795996
0.24367525409986387,0.21864741140699953
0.2320827019044218,0.2148571947853283
0.2514164921188019,0.22925698880352588
0.24561538981283962,0.22546677218185462
0.2446404957481105,0.22054062650273942
0.23787415179390156,0.21599312384277222
0.2417351183868882,0.2163717668619202
0.32097180529145475,0.2694158674143604
0.28328877134390595,0.24857535564045571
0.2890802212333858,0.2542550009276754
0.2958562176040772,0.2546412168072063
0.2717058715649463,0.24592485450641985
0.2852192546403992,0.2504685707361956
0.3132402196889992,0.26448972173524526
0.3209718052914548,0.2697945104335083
0.5016167797608131,0.33346333410324075
0.49775581316782663,0.3327060480649448
0.5315682281059063,0.3482417711405863
0.5238366425034507,0.34369426848061907
0.32098145770793723,0.2720701549785877
0.36156986901670835,0.2948076682784238
0.36059497495197923,0.28950287958016063
0.3258269707821353,0.2853302335091499
0.3876410459358501,0.298976527919243
0.3934228434088474,0.3008659565847914
0.4272449107634097,0.3118617498608486
0.38087470198164103,0.2978368124316076
0.40309456472427874,0.30503860265580207
0.3770137353886545,0.2974581694124596
0.38184959604637025,0.2978405988617991
0.29779635331705295,0.2580527904097296
0.614617619521047,0.3713541410293789
0.6155925135857763,0.37741621576593803
0.5740678178782057,0.361126993082192
0.5846758235924363,0.3633950647668884
0.5788843737029564,0.3618804926902965
0.5470120944778525,0.3497563432171782
0.5093483653632687,0.3429331960121317
0.41759249428094325,0.31148310684170066
0.3953533267053407,0.3027591716805313
0.41082615032673436,0.3069356041817335
0.38569125780639185,0.29896895505886006
0.3528633893495236,0.28912045013082116
0.3673420140732232,0.2951787384371888
0.3876313935193676,0.29897274148905156
0.4388278105423693,0.3133763219374405
0.5025820214090597,0.3395216224096084
0.5653709906275036,0.3603659206137046
0.5518286503026032,0.3554322020742064
0.5614907192015521,0.3580864896384337
0.5286531983282016,0.3474769122419074
0.5750137546934875,0.361498063240957
0.5190007818457351,0.3436904820504277
0.6059400971033099,0.37022199840212644
0.5856507176571654,0.3641561372353759
0.5798303105182383,0.36338749190650543
0.5885464426019055,0.3690784964842996
0.5460372004131233,0.3493739137678388
0.5479580312931343,0.3531565575291271
0.5025723689925772,0.33383819069219733
