0.19631171921475313,0.34992268484050165
0.09934562760261748,0.2581180917473226
0.11183819155264722,0.2730656892503293
0.22010707911957167,0.3659584216253365
0.14812611540749554,0.3166485310119695
0.12373587150505651,0.2833743771834374
0.1600237953599048,0.3235209896340416
0.1719214753123141,0.32581180917473224
0.25639500297441997,0.4061050340759406
0.07495538370017846,0.23400721608155317
0.09934562760261749,0.2649905503693947
0.19571683521713265,0.338411316648531
0.2801903628792386,0.41526831223870336
0.3765615704937537,0.46692629288127824
0.31647828673408684,0.4290704999713647
0.3039857227840571,0.41870454154973935
0.14753123140987506,0.3005555237386175
0.23259964306960143,0.3992325754538686
0.19690660321237358,0.34997995532901893
0.35276621058893515,0.43714563885229935
0.2688875669244497,0.40730771433480323
0.06305770374776919,0.206517381593265
0.6162998215348007,0.5083328560792624
0.5086258179654968,0.5014031269686731
0.6287923854848305,0.5186988145008876
0.05056513979773944,0.1835519156978409
0.03807257584770969,0.15485940095069012
0.03747769185008923,0.10669492010766851
0.02498512790005949,0.06998453696810034
0.17251635930993459,0.3338869480556669
0.14812611540749554,0.3166485310119695
0.7364663890541345,0.529064772922513
