0.2749556602906989,0.1250718022738249
0.24440895697458329,0.11601015114004316
0.2602440627186071,0.12027935780590764
0.3055094296959462,0.14977123999736475
0.26025112880773876,0.12271913781735246
0.25912055454667504,0.11910384228599928
0.30721942326580515,0.1529084889208071
0.34000607683665324,0.16222985330285017
0.3694292719808368,0.17238099334600498
0.3496300902339582,0.166935182215795
0.4067594208633347,0.18523217112108462
0.39204075720211135,0.181441011063131
0.487623744885918,0.20566294665097862
0.5040241377604737,0.21006282664930162
0.4186304506045039,0.19041554664194035
0.27495566029069896,0.12672699781829982
0.4774556426254761,0.20357271780386038
0.4661428339257072,0.20235255556202872
0.5323026264653302,0.21742517998890368
0.3637693345863865,0.17028967555444968
0.28233265734413976,0.1396222778430842
0.5170328078518382,0.2156387666397516
0.4904643127168406,0.20740634669486308
0.45935232227019307,0.20013056443801483
0.513641085068647,0.21276395332566353
0.5311720522042666,0.21572642666694253
0.5017629892383463,0.20805916888493722
0.5000671278467506,0.20758003333258923
0.42598624939054985,0.19146147777382733
0.39091724903017927,0.17800049111394114
0.453127097745211,0.19786501553651473
0.4853696624529222,0.20392118002374987
0.296471901696568,0.14802947337013603
0.2879855286494584,0.1435860355943268
0.5379554977706489,0.2213018221851739
0.4406837147843783,0.19481542664026338
0.3558553147589404,0.16846024890003
0.3739515690250917,0.176911002204568
0.400527130249221,0.18361944440965874
0.40957879042686246,0.18544941553629699
0.34398428501777123,0.16575966669588665
0.32700447283442036,0.15996484887356865
0.28685495438839465,0.14245353337968608
0.31569873022378303,0.15970350220865154
0.3807350145914741,0.17730302220194366
