0.4329253679539201,0.15951198394753258
0.5363160808878826,0.17875246862443997
0.41750477245118056,0.15633680349784898
0.29905432468094134,0.1244385176369469
0.30754970098148593,0.1258941958807078
0.2963602656595624,0.12368894257072117
0.3762206594108881,0.14720715559888398
0.44604582104065615,0.16146372999357927
0.2843967704347682,0.117304953960356
0.5181876530558839,0.17737420499405374
0.3399555397621625,0.13835330218215497
0.3360962588941136,0.13774682208286895
0.3075386823351817,0.12582772799292732
0.290572721688277,0.1233580994468281
0.3750581922257942,0.1459721444422805
0.302527952928343,0.1254749914178459
0.280149082284496,0.11704018495713571
0.3480542447957556,0.14095531522986435
0.4275344952495862,0.15893889529897992
0.3631057156473042,0.14515633774853892
0.3191220342624807,0.13675437146461128
0.37776602455505337,0.14833183321190874
0.3415009049063278,0.13921336829880246
0.3461232270309431,0.14044806444171978
0.339186989182444,0.13816594779230928
0.265499792023051,0.11497857788803958
0.3870244421121644,0.14997470833867219
0.39319212938094494,0.15170562979071833
0.4518306103503655,0.16264345624826104
0.36156035050313895,0.14238886376217222
0.4093978034328593,0.15504658619274542
0.3110150652441594,0.12916860564153285
0.3611719432209156,0.1417493072258391
0.44295233609074963,0.16081299047138728
0.24042410769624903,0.11318118854821299
0.3438093113070594,0.13935654201916373
0.4205872387547829,0.15814490330300515
0.2874792367383705,0.12229941720105457
0.3932003933656731,0.15303994901188478
0.4661052666374673,0.1712875893034268
