0.2878648893590178,0.12278453827774616
0.28748474606152263,0.12009447890475412
0.23732786808476644,0.11031424899044022
0.26124383988805056,0.11537510136549772
0.6196280655940015,0.18597447239342121
0.5953347051547982,0.18577609252455984
0.5513620424162791,0.18573175434823236
0.41635056925081476,0.15919248131634142
0.39474024918668627,0.15511266031341822
0.2782208191812595,0.11889246543177627
0.2627919596937919,0.1181867560213488
0.40284170888185533,0.1555427327484527
0.39396894394539167,0.15507958387637102
0.3677335470950717,0.14686528699597517
0.4147996947834974,0.15833225769285078
0.38239936532597285,0.15050401008484818
0.3924345974475307,0.1541095779832525
0.46186308781034713,0.1658630536276937
0.46108902790747647,0.16573066912608356
0.2284578578098788,0.10495586618880141
0.2955889604182679,0.12368894257072117
0.4333247938824476,0.16457307258285475
0.43062247087634054,0.16224661775711677
0.3661936912740585,0.14588409811699782
0.46341120761608834,0.1663262812531969
0.5224325865445801,0.180703978410222
0.468416427699775,0.16686629346470247
0.5201131614975443,0.1783112919569682
0.4857845689367833,0.17307403191765922
0.4730525231322706,0.1694905937307079
0.4460458210406561,0.16545495339726907
0.40400142140537326,0.15738406649749911
0.4707358527468108,0.1676602854606772
0.4765289060412483,0.1720486623691975
0.47536919351773044,0.16978836041755382
0.41981868817506435,0.15953419241240713
0.48887805388668987,0.1765803705049221
0.3897267651182714,0.15138604840610562
0.4553097479209192,0.16549929157359658
0.3006051991482587,0.12798895814027264
0.3708215227218261,0.14855226403880153
0.35230193294602796,0.14447260054272132
0.3137228975734187,0.1366992440695327
0.3743006602923799,0.1496550482006379
0.30909506612565124,0.12952165723030046
0.34690279625696585,0.1419036639320591
0.25352527815195264,0.11497802661408879
0.3272290032808019,0.14016148074073267
0.2732100897744208,0.11851767789866342
0.26202340911407324,0.11749222959678013
