0.7022155743056185,0.23016624611027017
0.9467771836890978,0.25213065413143215
0.7053035499323729,0.23054119115022612
0.729602419694728,0.23346302184281284
0.710702686621435,0.23100426126888626
0.8943146539731859,0.2504764385119668
0.7157161706898497,0.23166579000982931
0.7153305180692024,0.23163271357278217
0.7411747529757228,0.23489641286827767
0.7164874759311443,0.23199655438030084
0.713402254965966,0.23156656069868786
0.9332765873048666,0.25213057537801065
0.7126309497246714,0.23150040782459355
0.8136967282884459,0.2427030032853566
0.7276741565914917,0.23339686896871853
0.7149448654485552,0.23156656069868786
0.7762774054393544,0.2387004393889649
0.7299880723153753,0.23349609827985998
0.7712639213709396,0.23831454762341475
0.8538128648204922,0.24658420815915383
0.7184184936959568,0.23200765861273812
0.7905493070648804,0.24017793233049262
0.7488905600502447,0.2356351987157523
0.7269028513501972,0.233066104598247
0.8464827103666176,0.24606593189199355
0.7218893672817824,0.23240457585730395
0.7195754515578986,0.23237149942025678
0.746576644326361,0.235569045841658
0.7157189253514258,0.2318753528645495
0.7257458934882554,0.23296687528710555
0.7411747529757229,0.23500666765843484
0.8777288366237763,0.2488776653012662
0.7238176303850189,0.23290072241301124
0.8001933772426385,0.24124748254843875
0.9031874189096498,0.2509395873840485
0.7932516300709873,0.24059697928651144
0.718804146316604,0.23204073504978526
0.8109944052823388,0.24243831303555782
0.8514961944350325,0.24615413572411932
0.7292167670740809,0.23339686896871853
0.7658620300203016,0.23790652614641167
0.8839020332157091,0.24901004980287636
0.8221783312811103,0.24335342779386235
0.9197759909206354,0.25210844566655766
0.8572837384063178,0.24702522731978255
0.8862159489395929,0.2496715785438194
0.7338473531834243,0.2340474509840674
0.7253602408676081,0.23290072241301124
0.7650907247790071,0.23749858342283015
0.7897780018235857,0.23994639727116251
0.8638398329573218,0.24758752674958415
0.7269028513501972,0.23333071609462422
0.86268287509538,0.247554450312537
0.8102231000410441,0.24228395632933777
0.7539040441186595,0.23640698224685253
0.7866955355199833,0.23967083904919115
0.7369325741486028,0.23436718987552324
0.7269028513501973,0.23317635938840417
0.7265171987295499,0.23303302816119986
0.730762132218246,0.23377181400867447
0.8391553105743191,0.24500748590648466
0.8568980857856705,0.24683779417651533
0.7554466546012487,0.2365723644320883
0.7434914233611826,0.2352052050341393
0.7380895320105447,0.23457667397682186
0.7195754515578987,0.23221714271403673
0.7801366863074035,0.23900923155482653
0.9332765873048666,0.2521085244199792
0.7631652163373465,0.23744353478117308
0.7947942405535765,0.2408395398248572
0.7600772407105921,0.23700243686712283
0.774349142336118,0.23846890432963483
0.8194815175981552,0.24300069121878096
0.8009646824839332,0.24142389021269023
0.7392492445340624,0.23460982916729056
0.7411747529757229,0.23483025999418336
0.7527470862567176,0.2361974981455539
0.8136967282884459,0.24254864657913655
0.7419460582170174,0.23507282053252915
0.828354282534619,0.24413639431082143
0.7261315461089026,0.2329999517241527
0.757377672366061,0.2366716724966513
0.8734866577966562,0.2484476716196532
0.7404034477344282,0.23483025999418336
0.8036642508284643,0.24155619596087885
0.8198671702188025,0.24326530271515817
0.8156249913916823,0.24274710520141946
0.7708782687502923,0.23817121639621044
0.8271973246726771,0.2438717828144442
0.7801366863074035,0.2390974353869523
0.7770487106806491,0.23882171965813778
0.775891752818707,0.23856813364077628
0.7562207145041192,0.236605519622557
0.7824506020312871,0.2395494800265967
0.7890066965822912,0.23994639727116251
0.7396321424931338,0.2347310306830419
0.758531875566427,0.23672672113830834
0.8553527206415054,0.24677156254899948
0.8445516926018052,0.24603277670152485
0.828354282534619,0.24426870005901002
0.7299908269769515,0.23370566113458016
0.8939290013525388,0.2502779798896839
0.7550637566421775,0.23645116291633694
0.8094517947997496,0.24218472701819632
0.8835136259334859,0.24894381817536052
0.7323047427008352,0.23377181400867447
0.9074323523983461,0.2513476088610516
0.7373182267692501,0.23440026631257038
0.7589202828486503,0.23690320755598138
0.8395382085333903,0.2455697065828647
0.7535183914980121,0.23626365101964822
0.7353899636660136,0.2341687312532403
0.7299908269769516,0.2335513044283601
0.8295084857349847,0.24435682513771423
0.7585346302280029,0.23682602920287135
0.7330760479421297,0.23387104331981592
0.778205668542591,0.23896505088534212
0.7728065318535288,0.23842480241357195
0.8622972224747326,0.24747727195942695
0.7774343633012963,0.23883274513715352
0.7550610019806013,0.23641800772586824
0.90742959773677,0.2510718931322371
0.7859214756171128,0.23962665837970673
0.8055952685932767,0.24178780977363049
0.8175504998333428,0.24295651054929654
0.7917062649268223,0.24031023807868124
0.8368386401888593,0.24478689757274877
0.7913233669677509,0.24029929135308706
0.8283515278730429,0.24398195885117982
0.8935461033934675,0.2500024216677125
0.9105175733635243,0.25144683817219304
0.9093606155015825,0.2514137617351459
0.7654763773996542,0.23761986369200302
0.8545841700617868,0.2467054884283267
0.8765718787618345,0.24878946146914047
0.787464086099702,0.23990229535509966
0.888915517284124,0.2496715785438194
0.7496618652915393,0.23584468281705093
0.8055925139317007,0.24174362910414604
0.7778200159219437,0.23889889801124783
0.7512044757741284,0.2361974981455539
0.740017795113781,0.23479718355713622
0.8229523911839809,0.24386067858200694
0.7631624616757705,0.2373001248005472
0.8997165453238242,0.2505536956184984
0.7762774054393544,0.238579159119792
0.885058991077651,0.24921953390417498
0.7681759457441852,0.2379396025834588
0.7431057707405353,0.23517212859709216
0.7805195842664747,0.23937299360892367
0.761234198572534,0.23703551330416997
0.7326903953214824,0.23383796688276878
0.8900697204844898,0.24985893293366507
0.8518818470556797,0.24630849243033937
0.7508188231534814,0.23597698856523955
0.7365469215279555,0.23430103700142893
0.7944085879329292,0.2407733869507629
0.7450340338437718,0.2354477655724851
0.7485049074295974,0.23563519871575228
0.799422072001344,0.2412144061113916
0.8059809212139241,0.24205242127000767
0.8048239633519821,0.24166652950445758
0.865382443439911,0.24809469878430715
0.7882381460025726,0.23993545054556836
0.8607573666537196,0.24719068825843984
0.7951798931742238,0.24110415132123444
0.8079091843171605,0.24208549770705484
0.7581489776073558,0.23668269797566702
0.8746408609970222,0.24854682217737312
0.7693329036061272,0.23809395928967886
0.8333677666030337,0.24466561730357586
0.7261315461089026,0.23296687528710555
0.7816792967899926,0.23952742906856528
0.790166409105809,0.23999057794064696
0.783604805231653,0.239593503189238
0.762391156434476,0.23724499740546862
