0.5405389770839704,0.1670759350728442
0.5023511036551606,0.16115501658113915
0.5710137980998345,0.17166277060364737
0.3480349621647233,0.12493474294607573
0.3063734604885117,0.11569507651721815
0.3376195867456704,0.12492363871363847
0.3646373074835892,0.1349574546453139
0.3549822186595266,0.12802203457731975
0.3349172637395633,0.12128515188503011
0.34996873459111183,0.12707384338196803
0.34880626740601783,0.12523243087950012
0.6107360180265053,0.17645885397548455
0.4988774754077588,0.15942393762224996
0.3098470887359134,0.11672052481910143
0.2944154745868697,0.11340169812852731
0.2909335823547398,0.10582687903104311
0.2812895121769815,0.10505501674652135
0.5521140650265411,0.1701080993090096
0.4224962192269869,0.14708579657628953
0.5270411353613152,0.1647716099585592
0.5274240333203865,0.1654771618621436
0.518942430327722,0.16298548235801294
0.4660942479911631,0.1584315657574138
0.3978089421824082,0.13881652980765816
0.3974232895617609,0.13725091178742624
0.35769005098878576,0.13171580630784982
0.355373380603326,0.12910268902770317
0.3897102371488151,0.13693117289597043
0.45875582955256033,0.15236723728508295
0.462229457799962,0.15332653271287192
0.4444921919117627,0.14969922887012233
0.418639693020514,0.1433922611060241
0.42828100853669626,0.147185025887431
0.37890645444753884,0.13660025101865583
0.4518168370424851,0.15098913116153972
0.40012285790629193,0.13937882923745978
0.42134477068819715,0.1440208709167631
0.41054374264849697,0.1423669703109839
0.40707011440109525,0.1419589488339808
0.4097724374072024,0.14201415498248093
0.4012825704298099,0.14118708654945902
0.3885477699637212,0.1368097351199545
0.3218050746375554,0.11967543194873531
0.27780211062169957,0.09184602036516229
0.5999404993099573,0.17424281144674683
0.5987835414480155,0.17166284935706888
0.32181058396070755,0.12055762777683583
