0.2212603117844484,0.1625433104370555
0.6156017690787616,0.32839120031387986
0.4473510868542392,0.28769734915257994
0.48132116307518585,0.2978818640480546
0.45243248329726166,0.2941186222445721
0.42354380351933757,0.2779770226733938
0.5013958156895957,0.3204281585535005
0.493899187603902,0.2987715585126077
0.6545277751638908,0.329280894778433
0.34688372384806,0.2414829714689906
0.34816975628117064,0.24148849752156545
0.43863115962485494,0.28505589602179476
0.3029704212540385,0.22601002425937083
0.41723910793262453,0.2704560651190036
0.25397572221699444,0.20146329872182406
0.3155170791380446,0.2335254557611861
0.3507104545026819,0.24989362348793387
0.16094225400708886,0.12340228004929238
0.324331106301559,0.23375202391675554
0.259025752015307,0.2078790457612414
0.281641102851228,0.2226943927144523
0.37078510711709173,0.27045053906642874
0.41849377372102514,0.2757610755908732
0.34945578871428135,0.24171506567713485
0.2615350835921082,0.21384718254209473
0.32555440544524955,0.23595691889412637
0.3368777641855651,0.24038328700659256
0.3657664439634893,0.25674592868076546
0.24644772748659075,0.18201159365830208
0.7462752109406856,0.3562756616066446
0.6709011637025188,0.3297340310895719
0.7249145258931653,0.3467653251253034
0.6935478811831499,0.33902885152049345
0.7701452275650074,0.3602599455131217
0.67341049527932,0.3303971573985556
0.69351651453844,0.333718314996049
0.1985822276591073,0.14639065876072746
0.2414290643329883,0.17471720425948134
0.36833850882971053,0.25719906499190437
0.6960258461152411,0.3396864517769023
0.5930491515322607,0.3208812948646394
0.5767071296383426,0.32065472670906997
