0.3388755025755895,0.1540409911354478
0.29023961108245416,0.13626778450442956
0.5498406596900813,0.2169471333809928
0.3337949844899344,0.15286547561553945
0.42427625582069095,0.18192123555991618
0.3287003342260159,0.1507741578239841
0.24045901314999188,0.12459157777703973
0.21556518113919487,0.10568586893138071
0.32360568396209755,0.1440221578414072
0.2659181322913207,0.12659686895805985
0.29872598412956386,0.1418872822723657
0.40053419633835263,0.18174700444997144
0.5091117219352604,0.20505368223839063
0.42993619321514115,0.1830107244692893
0.34736894171183075,0.1602272844829229
0.4005341963383526,0.17887219113588337
0.5023212102797464,0.20365928888661422
0.5803661647388019,0.22034464002491502
0.5820690922195292,0.22509298224312752
0.4259721172122865,0.18200835111488856
0.35866761823333637,0.16353713109965418
0.39202662502384805,0.1720749999591646
0.3801697274609422,0.16828656226230382
0.47236099236155765,0.1996084155803992
0.6289808579645423,0.2264862866504668
0.47801386366687626,0.20357217333164185
0.5147716593297108,0.20805971335715578
0.5797796793408753,0.2179473288465193
0.39543954607443416,0.17556125557471494
0.3552758954501452,0.16092366445048326
0.46669398887797564,0.19346568001041028
0.46725927600850753,0.19538222221980234
0.46783162922817106,0.1962103644642584
0.5390790059425808,0.2138528977628181
0.325866832484225,0.14415283117386574
0.34680365458129886,0.15852853116096177
0.2925148917828449,0.1410602289723468
0.38469202450519707,0.17172762668371228
0.45595353339787026,0.19337856445543794
0.3428395785784442,0.15591452003957224
0.2902254789041909,0.1289925467197999
0.37223450936610114,0.16493097997921202
0.3818655888525378,0.16880925559213802
0.43049441425654145,0.19150394660687636
0.47291921340295784,0.20008700666052864
0.3767709385886194,0.1654112044759972
