0.0005864853979268093,0.008887420023836995
0.005695267840108534,0.02121590446908242
0.9445806629404818,0.30446777568397965
0.04247426177033797,0.03864173782464837
0.0028688321874492124,0.019430035592148932
0.0458730506426608,0.042998060045485204
0.03342260159269649,0.03528724448599373
0.0022964789677856995,0.01672890891578703
7.066089131648307e-06,0.002701126676361902
0.9338402074603764,0.3029432534719632
2.119826739494492e-05,0.008669631136406081
0.0005935514870584577,0.013417973354618569
0.9180051017163525,0.3015053023427006
0.9536323231181233,0.3049474557085462
0.9016047088417969,0.3005029289882999
0.8354378502130422,0.2915278489372719
0.8320461274298511,0.2914407333822996
0.8671080617010899,0.2967994289575372
0.76700984306216,0.2799828600145592
0.7964189060280803,0.28529799781231063
0.8529688173486616,0.2948823422759266
0.7941577575059529,0.2848188622599626
0.7986800545502077,0.2856029022547139
0.8382642858657015,0.2923118889320232
0.0826449784837586,0.06382085557275483
0.8048982129860582,0.2866047311368961
0.836003137343574,0.2918327533796752
0.0871814077062768,0.06534646672920838
0.026059736717518964,0.02727152448409896
0.8088552228997812,0.28699675113427175
0.8405254343878289,0.2926167933744265
0.10528472806155978,0.07188122229657296
0.8145151602942317,0.2880862400436449
0.8173415959468909,0.2888702800383962
0.8416560086488927,0.29270390892939885
0.8552370319599207,0.29488288674814517
0.8405254343878289,0.2926167933744265
0.8744567943980041,0.29732212228737137
0.8150804474247635,0.2883911444860482
0.8128192989026359,0.28791200893370017
0.8727609330064084,0.29688654451250956
0.8252626818634687,0.2897855378378246
0.8111234375110404,0.287868451156214
0.037379611506419545,0.03646330447812065
0.8648469131789625,0.2954491378554655
0.8269514771659325,0.29013345558549547
0.924788547282735,0.30246357344739666
0.09057313048946798,0.06691454671871094
0.8439242232601518,0.29270445340161744
0.82921262568806,0.29043836002789875
0.7483483016654767,0.2760621155685842
0.8207333187300822,0.28926230003577186
0.8235597543827413,0.28956720447817513
0.720076879049752,0.2707039644655651
0.7873672458504388,0.2834244689081862
0.2772380070802212,0.14463087778177663
0.1081111637142191,0.07510449783055045
0.017580429759540987,0.026792388931750954
0.7817143745451202,0.2825533133584625
0.832046127429851,0.291310060049841
0.8501423816960023,0.2937498400612858
0.8196027444690184,0.2891751844807995
0.8105581503805085,0.28721508449392125
0.82921262568806,0.29043836002789875
0.11715575780272891,0.07745661781480431
0.8088552228997812,0.28699675113427175
0.7557041004515227,0.2776742978077915
0.7528776647988634,0.2768902578130402
0.8246903286438051,0.28965432003314745
0.5775609273535376,0.2400779466428115
0.88181259318405,0.2984987267517169
0.7483483016654768,0.27623634667852887
0.7981147674196758,0.2853415555897968
0.8150804474247634,0.28826047115358966
0.8942489100557509,0.29932632452395436
0.3654793281562454,0.17595327557209056
0.7879325329809707,0.28355514224064476
0.6075352774499897,0.24656914443268987
0.7596611103652458,0.2784147800250566
0.806028787247122,0.2866918466918685
0.8280820514269962,0.2903512444729264
0.26308463054952974,0.1367452866401218
0.5764303530924738,0.23898900220565694
0.13301206181414774,0.08987276228724067
0.7918966089838253,0.2841219378201837
0.8258209029048688,0.29004634003052315
0.9033005702333925,0.3009385067631617
0.8524035302181298,0.2942289756136338
0.8196027444690184,0.2891751844807995
0.8620204775263031,0.29536202230049313
0.8173415959468908,0.2887396067059377
0.5741692045703464,0.23868409776325364
0.735346697663244,0.27357932225187176
0.793592470375421,0.28451395781755934
0.6505182976378063,0.2560663733413334
0.8314808402993192,0.2907873667200068
0.7918966089838253,0.2843397267076146
0.8071593615081857,0.2869096355792994
0.7771920775008652,0.28176927336371127
0.7913242557641619,0.2839471622380204
0.8105581503805085,0.2873457578263798
0.8196027444690183,0.2890445111483409
0.44522721009602817,0.2016556311222498
0.6086658517110534,0.24757097331487207
0.7596611103652459,0.2781969911376257
0.8343143420411102,0.2914412778545182
0.8258209029048688,0.2900463400305231
0.7890631072420344,0.28364225779561714
0.7896354604616979,0.28377347560029426
0.7517400244486679,0.2767154822308769
0.7811490874145882,0.28229196669354545
0.7658792688010962,0.27959084001718354
0.7404342818380308,0.27466826668902633
0.8869001773588367,0.2988036311941202
0.6539100204209974,0.25737310666591895
0.8003759159418034,0.2858206911421448
0.7766267903703334,0.281464368921308
0.21729637297644872,0.12367795339426702
0.4491771539206197,0.20339739774947854
0.8461853717822793,0.2932271467314516
0.4633234643621796,0.2081027266624234
0.29478310639410404,0.15068704226901172
0.8885960387504324,0.299239208968982
0.04472834420333378,0.038771866684888336
0.7127210802637062,0.2695273600012196
0.458794101228793,0.2056629466509786
0.8461853717822794,0.2933578200639102
0.3660375491976456,0.17678032887210943
0.1284756325916295,0.08224906228272155
0.7579652489736501,0.27802276002768095
0.11206817362794215,0.07667257782005302
0.7409995689685626,0.2749296133539434
0.7511747373181361,0.27667192445339067
0.46161347079232073,0.20736115550072118
0.31343051561252383,0.1576557421945824
0.4423937083542373,0.20065325776784904
0.771532140106415,0.28028776445696246
0.7472177274044131,0.2759314422361256
0.7081987832194513,0.26874332000646833
0.5062994184608646,0.21964662664069895
0.705372347566792,0.2679157222342308
0.26989634047243866,0.144587864476509
0.4197892892220943,0.19294407562501326
0.053787070470106904,0.04474037114493252
0.7704015658453512,0.2802006489019901
0.6431624988517604,0.255151115541905
0.48028207827813557,0.2111953288639424
0.2998706905688907,0.15495570446265763
0.7743656418482059,0.28098523336896
0.701415337653069,0.26726235557193806
0.4316461867850002,0.19512087555488525
0.6329873305021868,0.2528861111126235
0.7579652489736501,0.27815343336013953
0.7302520473993256,0.2728818533398742
0.7602263974957777,0.27850189558002897
0.7704086319344828,0.2802447511516949
0.762487546017905,0.2789374733548908
0.74326071749069,0.2754087489062914
0.7721044933260784,0.2804189822616396
0.8048982129860581,0.2864740578044376
0.5922725249256294,0.24282317556887817
0.705372347566792,0.2675237022368552
0.5227068774245519,0.22557157332325697
0.6884066675617044,0.2646483444505486
0.7998106288112715,0.2856900178096863
0.06680280665060308,0.05083954893743524
0.7557041004515227,0.27754362447533293
0.482543226800263,0.21354744884819624
0.7110252188721105,0.26909178222635777
0.17543686096056416,0.10651401117583675
0.10811116371421907,0.07340574450858932
0.7178157305276247,0.2700070400257862
0.809985797160845,0.2870838666892441
0.501204768196946,0.21929761994859095
0.23821199680612767,0.12703190226070307
0.2399219903759866,0.1318679045061065
0.45596766557613366,0.2054015999860615
0.2285950494979543,0.12690068445602595
0.7342090573130485,0.2730125266723328
0.6307261819800594,0.2517100511204966
0.7726627143674787,0.28050555334439337
0.7019806247836008,0.2675237022368552
0.8608899032652395,0.2950571178580899
0.7359119847937758,0.2736228800293579
0.38753259233611986,0.18562364664624167
0.5809526501367288,0.24094910219253515
0.6182757329300951,0.24913905330437466
0.6075352774499897,0.24656914443268987
0.06792631482253517,0.05362670222433234
0.7839755230672476,0.2830324489108106
0.7234615357438116,0.2712261133231807
0.6674839776428937,0.2598564444548499
0.12960620685269322,0.08634349336642272
0.7641834074095007,0.2791988200198079
0.6697451261650214,0.26125029333440775
0.09904537135831432,0.07013727778046988
0.2942178192635722,0.14759444006749278
0.027755598109114557,0.02788133336890552
0.7851060973283114,0.28311956446578296
0.6584323174652522,0.2581571466606702
0.7376078461853716,0.2740584578042198
0.7409995689685626,0.27475538224399865
0.30552356187420937,0.15643666889718782
0.6872760933006408,0.2645612288955762
0.565117544392705,0.23663633774918455
0.6578670303347205,0.2578957999957531
0.7183739515690248,0.27009361110853997
0.8495770945654705,0.2934449356188825
0.7070682089583876,0.2686126466740098
0.802071777333399,0.2858206911421448
0.34171607040651214,0.16610758444355753
0.7698362787148193,0.2799828600145592
0.43390733530712766,0.19512087555488528
0.39883126885762543,0.1869298354986086
0.7664445559316282,0.2796779555721559
0.7534358858402636,0.27732529111568344
0.7551317472318593,0.2774995222256282
0.5368390556878485,0.22875129107974831
0.8235597543827413,0.2895672044781751
0.7523053115791998,0.2767590400083631
0.786236671589375,0.2833373533532138
0.678789720253531,0.2626005844364794
0.573596851350683,0.2368976844141016
0.5939613202280933,0.24452138441862076
0.7749309289787377,0.28129013781136325
0.09282721292246379,0.06739313779884037
0.34455663823743465,0.17129204890885044
0.7918966089838254,0.28412193782018375
0.6369443404159099,0.25397505554977806
0.29477604030497234,0.14977178446958334
0.07586153291737621,0.05689516895245179
0.7901936815030981,0.283860046683048
0.592258392747366,0.242822086624441
0.6346831918937824,0.2536701511073748
0.6963206873891504,0.2658679622201616
0.5272291744688068,0.22709609553527338
0.6488224362462107,0.25554368001149924
0.7319479087909211,0.2729254111173604
0.7489135887960086,0.27636702001098745
0.5504200789988766,0.23310815777280372
0.32136573370736493,0.1617082489174531
0.47520156019248033,0.20941000445922747
0.6872760933006407,0.2645612288955762
0.1528112435610263,0.09736578895930123
0.7494788759265406,0.2766283666759045
0.5877431617922427,0.24221282221185306
0.6245080235442089,0.2514051466780933
0.7602263974957776,0.27871968446745987
0.3999689092078208,0.18749663107814754
0.1443319366030483,0.09627684452214666
0.6527723800708021,0.2564142910890043
0.4361826160075184,0.19655937115636646
0.7387384204464351,0.2746247089115401
0.7839755230672476,0.28303244891081053
0.3422672253587807,0.16719543993627495
0.687269027211509,0.26425577998095434
0.7229033147024113,0.2710524266854546
0.614318723016372,0.24783231997978916
0.6510765186792065,0.2561529444240872
0.7619222588873733,0.2788939155774046
0.19354018131584708,0.115836464502317
0.6923636774754275,0.26517103778038276
0.640336063199101,0.25406217110475043
0.8037676387249946,0.28621271113952046
0.7426954303601582,0.2751474022413743
0.3077847103963369,0.1573078244469115
0.6007518318836073,0.24609000888034188
0.5453183626458264,0.2300144666268476
0.6318496901519914,0.2520144110906813
0.44408956974583297,0.20152441331757268
0.4067664869524664,0.19085166888902078
0.029465591678973446,0.031323486734751105
0.3801838596392055,0.1820083511148885
0.6765285717314036,0.2618601022192143
0.6855731658199133,0.26368952887363395
0.14036079451106198,0.09296536448875965
0.1782420983458285,0.10716574442147378
0.7958536188975484,0.28486242003744877
0.7573928957539866,0.2777173111130591
0.3592541036312632,0.17503801777266215
0.7381731333159033,0.27418913113667825
0.6991541891309415,0.2665654311321592
0.7647486945400325,0.27928593557478026
0.7093293574805148,0.2689611088938992
0.7217656743522158,0.27074697777083273
0.4910366659365043,0.21459392445230177
0.7573999618431183,0.2777178555852777
0.29590661456603606,0.15190611556640626
0.7149822287858335,0.2700064955535676
0.46445403862324336,0.20879965110220233
0.1805385773136142,0.10995616454168233
0.5385419831685757,0.22883895110693925
0.2156005115848531,0.12189208451733353
0.6527794461599337,0.2572859911109466
0.6499530105072744,0.25576146889893014
0.7828449488061839,0.28264042891343494
0.28291207665293483,0.14689751562771383
0.4152457939104445,0.1924633066560095
0.553246514651536,0.23363085110263793
0.47633213445354405,0.21097808444873004
0.5424919269931672,0.22914331107712396
0.4248556751294862,0.19477186886277723
0.7455218660128174,0.27588788445863943
0.8048982129860582,0.2866047311368961
0.4203333780852312,0.19403138664551214
0.6465542216349515,0.2551946733193912
0.6312914691105913,0.2517971666754689
0.683312017297786,0.2633846244312307
0.7879325329809707,0.2835551422406447
0.5572035245652589,0.23528604664711286
0.6810508687756586,0.2630361622113412
0.6601352449459796,0.25924663557004335
0.7409995689685626,0.2749731711314296
0.7636181202789688,0.2790245889098632
0.4876378770641814,0.214070686650249
0.31345171387991877,0.15926901337822685
0.47407098593141656,0.2091051000168242
0.12167098875785219,0.08046155998913233
0.7189463047886884,0.2705732911331066
0.29874011630782704,0.15229868003600047
0.7794532260229927,0.2822484089160593
0.4915948869779044,0.21803444440149167
0.05436648977890206,0.04731136896105444
0.7749309289787377,0.2812030222563909
0.5164816528995697,0.2238287177515911
0.3762268497254825,0.17800103558615973
0.2953483935246358,0.15107906226638737
0.6974512616502141,0.2659986355526202
0.7347743444435803,0.27318675778227747
0.42202923947682675,0.194249175532943
0.1556376792136856,0.09832406006399726
0.35303594519541265,0.17225032001354645
0.6782244331229992,0.26203433332915904
0.20088891401276132,0.1173609867143334
0.7059376346973238,0.2680463955666894
0.7935854042862893,0.2844262977903684
0.3224963079684287,0.16240517335723204
0.6917983903448955,0.2651274800028966
0.6691798390344894,0.26007423334228086
0.6935013178256229,0.2653458133625461
0.4175069424325719,0.19263753776595424
0.4016789027776797,0.1880204133524189
0.22351453141229918,0.12463622449896306
0.39714247355516147,0.18597210886613116
0.25235830724768754,0.13596233558980766
0.8456200846517474,0.29270445340161744
0.3722698398117594,0.17717343781392225
0.7342161234021802,0.2730566289220375
0.7234686018329433,0.27161867779277493
0.4401325598321098,0.19786556000873334
0.7579581828845185,0.27793510000049
0.4254350944382813,0.19507786224961762
0.20597649818754812,0.11919041336875306
0.869376276312349,0.2967999734297558
0.14998480790836696,0.09666886451952231
0.6154492972774358,0.24852924441956808
0.56059524734845,0.23563450886700232
0.7873672458504388,0.28342446890818623
0.25179302011715576,0.1326519445008578
0.2172963729764487,0.12210987340476445
0.1601741084362038,0.10546862451616835
0.6194133732802904,0.25009786888128926
0.6669186905123619,0.25959509778993284
0.7359119847937758,0.2738406689167888
0.7223380275718794,0.2707910800205375
0.3790532853781417,0.17965623113063467
0.46219289010111586,0.2079284955524787
0.6041435546667985,0.2464820288777175
0.5096911412440557,0.22117114885271538
0.1109375993668784,0.07558363338289845
0.443524282615301,0.2009581622102523
0.07245567795592173,0.05475974891119168
0.7788879388924609,0.281943504473656
0.7257297503550707,0.2720542555676368
0.735346697663244,0.2732308600319823
0.32759802432147866,0.1658473267230776
0.509125854113524,0.22095335996528442
0.4197680909546994,0.19294244220835752
0.4836738010613267,0.21402658440054426
0.27950622169148037,0.14489276891891228
0.25575003003087876,0.13609300892226622
0.5860473004006471,0.24121099332967086
0.18110386444414608,0.11400703784789733
0.8026370644639308,0.2861255955845481
0.54589071586549,0.23180087997599966
0.2189922343680443,0.12398285783667032
0.7223380275718795,0.2709653111304822
0.6895372418227681,0.26504036444792417
0.35360123232594454,0.17281657112086682
0.26424346916712005,0.14027564450537694
0.6770938588619355,0.2619907755516728
0.4361614177401234,0.1965577377397107
0.41468050677991264,0.19237619110103715
0.7240338889634752,0.27166223557026115
0.6573017432041887,0.25759089555334985
0.41128878399672136,0.19098234222147933
0.5204457289024245,0.2245261866635886
0.5673786929148324,0.23672345330415687
0.5277944615993387,0.22809792441745555
0.7087640703499831,0.2687868777839545
0.6652228291207665,0.2593773089025019
0.6437277859822922,0.255151115541905
0.24500957455077332,0.13225992450348217
0.6714409875566169,0.2616423133317834
0.727990898877198,0.2724027177875262
0.2240798185428311,0.12672699781829982
0.3264533178821517,0.1641910422341655
0.6273273931077366,0.25162239109330564
0.7647486945400325,0.27950372446221117
0.1590294019968768,0.10024060227338931
0.6940595388670231,0.2655630577777584
0.5119664219444465,0.2235243577814064
0.4412631340931736,0.19912873555583263
0.7726627143674787,0.28085401556428286
0.751174737318136,0.2766719244533907
0.6007447657944757,0.2450440777484549
0.18108266617675112,0.11012876223497134
0.5736039174398145,0.23798717332347474
0.6963206873891504,0.2656501733327307
0.7364772719243077,0.2739277844717612
