0.5235785257602178,0.17402222311301094
0.4309943501891076,0.15857473947777506
0.374680803589875,0.14923592249119755
0.28671068615865203,0.12083310724538564
0.35577005187027755,0.14387714592245104
0.34073235432660925,0.14124213519111606
0.4244492742844078,0.15667867210075778
0.3550070106137111,0.14208022910315368
0.3337850978318059,0.13957713035289965
0.44875089870833923,0.16557639117328504
0.47498078623550705,0.1689503452589377
0.3962856143308514,0.1533596879033406
0.5039074874456299,0.17377958382124362
0.4005333024811237,0.15501366726254132
0.4390985645458527,0.1613974196126419
0.4055440318879624,0.15613818736872298
0.38933835783604803,0.1514741734848098
0.23114916216968165,0.09645498560741846
0.250051649904551,0.10498886387242701
0.2658771806589702,0.11094301630802228
0.3522991782844519,0.14182640682552755
0.2928866374121607,0.12646728452926048
0.307552455643062,0.1313408612678939
0.38587023891179845,0.15005196544520374
0.427528985926434,0.1584315657574138
0.30099360643048195,0.12728340623668824
0.32877436842496716,0.1375485209674291
0.3106431859313924,0.1325427959874502
0.25237933893631503,0.11078865960180224
0.2674197911415593,0.11185813106632686
0.27590965811895185,0.11813178613311329
0.27320733511284473,0.11288357936821015
0.31102608389046366,0.13420756456540206
0.274755454918586,0.11734905587641889
0.37120717534247333,0.14685434027038102
0.3264576980395074,0.13621435925310577
