0.5459463777577606,0.17022945833160405
0.5455497064908091,0.16631509826733812
0.24849802077565758,0.09546253498916078
0.33106900151781854,0.12138461745643618
0.3569215004090672,0.1296100185692693
0.28014632762291986,0.11055712454247216
0.3133124529985869,0.11664318895914831
0.40591866586230557,0.14556443797896357
0.43408232581586187,0.148365224662642
0.42481564427402274,0.1460054571395923
0.6597386928028958,0.18156435954055572
0.5193280829483694,0.16267676894557284
0.363094697001,0.13624743569015288
0.46378308692885545,0.15906009681473124
0.43715377347316,0.1486294423919115
0.40283344489712725,0.14107706801956651
0.4522079989862846,0.15397719348164232
0.4306004335837321,0.14773645734505994
0.4934838480418489,0.16162919093223657
0.32528145754653315,0.12002840478408136
0.39318937471936893,0.14015084902882466
0.34033292839808166,0.12796706468908428
0.30637896981166385,0.1146919154336309
0.4402417490999144,0.14890515812072605
0.38045457425328016,0.13925754896828688
0.3268213133675463,0.12006140246770697
0.2963437376901062,0.11181402915026398
0.4518168370424852,0.15382267926857923
0.3364681382068806,0.1273383761249237
0.3626952710724724,0.13035943612865192
0.4113095385666395,0.14591701704720192
0.5652290087901252,0.17030663668471407
0.5212508367284538,0.16559836337789494
