0.3846177974342085,0.28637109653461246
0.6458392145792164,0.35582252529550573
0.3482011229258807,0.2755345074353037
0.37702706941438474,0.2761921076917126
0.47627113327687337,0.3115809483811429
0.8077852012170259,0.3925320925503286
0.7073492048555566,0.3737324616906406
0.6420438505693046,0.3551538729339472
0.36325711238668806,0.27597659164129285
0.42354380351933757,0.2956603909129592
0.5001411499011951,0.3226385795834462
0.44487312192214806,0.30295478031177997
0.6320065242620998,0.35073303087405583
0.20250305824785922,0.1999104779482872
0.2012170258147486,0.19681036245378836
0.2250870424390703,0.21494134095191786
0.28537373357171986,0.2379407717685026
0.3280951036667608,0.25939290786412544
0.33813242997396575,0.26447687623300054
0.3180577773595559,0.2593929078641254
0.5440858191399267,0.33126474765280917
0.22637307487218092,0.21494686700449273
0.19117969950754368,0.1959261940418101
0.2991436905994166,0.2425771298788137
0.2577397195821963,0.23240919314106356
0.2175590477086666,0.2007946463602655
0.1861296697092312,0.19525754168025153
0.21379505034346477,0.20035256215427635
0.3381324299739657,0.2613822867910765
0.2414290643329883,0.2217991721973243
0.16730968288322198,0.18199501550057745
0.22888240644898217,0.21936770906438405
0.22129167842915842,0.20852559391250047
0.67344186192403,0.36179066207635907
0.3017157554656379,0.2536402871336918
0.4197170728647156,0.28946015992396157
0.5717198331294502,0.33591215786827
0.4260531350961388,0.3003022750758451
0.6533985759543303,0.35604909345107516
0.6646592014052258,0.3562646095014949
0.6609265706847339,0.3560490934510752
0.7324425206235688,0.3788164300595157
0.6721558294909193,0.3617851360237842
0.6872745522411468,0.37284829327866237
0.7261691916815659,0.3774901774415483
0.49763181832439385,0.3182177375235548
0.5415451209184153,0.32308066378943534
0.565446504187447,0.3321544421173624
0.5440858191399266,0.32551765297495044
0.47752579906527404,0.31246511679312117
0.5955898497537719,0.34520145224661675
0.5817885260813652,0.3410016522897199
0.5805024936482546,0.33679632628024825
0.6269564944637872,0.3480749995855461
0.34318245977227824,0.268240118036483
0.3168031115711553,0.2574035289371743
0.3795991342806061,0.27973983344477543
0.47881183149838463,0.3166704428025928
0.4586744455945548,0.30803874868065506
0.6395031523477934,0.35492730477837775
0.37831310184749545,0.27973430739220057
0.47250713591167154,0.31003365366018093
0.4009598193281266,0.28748183310216013
0.4235124368746276,0.2952127806543952
0.24895705906339202,0.2271041826691939
0.42351243687462753,0.2910129806974984
0.471221103478561,0.3100281276076061
