0.22514977572849035,0.232635761296633
0.16988174774944326,0.20587861472914054
0.06932028480913396,0.09200877537148888
0.13597440481791664,0.1837688783771089
0.14475706533672095,0.19305264670288075
0.13722907060631725,0.18841076253999484
0.118377717135598,0.1762479208227187
0.15103039427872403,0.19371577301186446
0.09701703208807753,0.16585341592939915
0.12966970923120358,0.1833212681185449
0.069351651453844,0.11433955382651512
0.17116778018255388,0.2058841407817154
0.14472569869201093,0.1910577417233548
0.5026818481227063,0.3341382949917386
0.4562278473071736,0.32109128486248417
0.15231642671183465,0.19372129906443933
0.18622376964336126,0.21273644597454705
0.2778771054860262,0.2565138344726212
0.40851918070324017,0.3062759379092733
0.4549731815187729,0.3193229480385277
0.46874313854646965,0.3224120114278768
0.4913898560271008,0.3308226634468201
0.49264452181550145,0.3325910002707766
0.36331984567610803,0.2907974646470787
0.1585897556538377,0.19615276219737957
0.1560490574323265,0.19437889932084818
0.18995640036385308,0.21339404623095584
0.11332768733728553,0.16673758434137742
0.5930805181769707,0.35470626267538313
0.3143251466390641,0.26801907593348845
0.2050751231140805,0.22489928769182316
0.2929644615915436,0.26027707627610375
0.49010382359399013,0.33081713739424523
0.5453718515730372,0.34320654726709077
0.4662651736143785,0.3221964953774571
0.5127191744299112,0.33524350550671145
0.20378909068096987,0.2248937616392483
0.1987704275273674,0.22091500378534606
0.18998776700856312,0.2136206143865253
0.22643580816160097,0.23264128734920786
0.46501050782597786,0.3210912848624843
0.3532511527241931,0.2857079702256287
0.43486716225965305,0.31312824310210485
0.15981305479752833,0.19681036245378838
0.17991907405664817,0.20875216206806996
0.4750478341331828,0.32462795851039733
0.5127505410746213,0.3354700736622809
0.3532197860794831,0.28327098104011367
0.1635770521627302,0.2023364150286526
0.27916313791913683,0.2565193605251961
0.2565164204385057,0.24611932957930163
0.34067312819547696,0.28194472842214624
0.3746432044164235,0.2914661170086372
0.41855650701044506,0.3080442747332298
0.37335717198331303,0.2914605909560624
0.39725855525234466,0.29589248512110344
0.4198425394435557,0.3080498007858047
0.35453718515730376,0.2857134962782036
0.27038047740033255,0.25143539215632105
0.5466265173614379,0.3449748840910473
0.7538345723157993,0.390763755726372
0.8065619020733352,0.39563220804482746
0.7739405915749193,0.39452699752985454
0.3620338132429974,0.289686728079531
0.308020451052351,0.2644768762330005
0.3205671089363571,0.2742027287647615
0.6320065242620997,0.3673111885986484
0.6119318716476899,0.35957471499383853
0.5955898497537718,0.355811473190356
0.6332925566952103,0.3673167146512233
0.5868385558796776,0.3542697045219689
0.43232646403814184,0.3115754223285681
0.7262005583262758,0.39009510336481346
0.395972522819234,0.2958869590685286
0.4700291709795803,0.32308066378943534
0.3180577773595559,0.26978188670487013
0.27285844233242373,0.25165090820674074
0.1573350898654371,0.194384425373423
0.2238951099400897,0.23086742447267644
0.2678397791788213,0.2514298661037461
0.18493773721025064,0.21273091992197218
0.526520498102318,0.3416537264935539
0.5955898497537718,0.355811473190356
0.5692418681973589,0.35183271533645377
0.4072331482701295,0.30627041185669845
0.4436498227784574,0.3171070009560071
0.44493585521156803,0.3177756533175657
0.3858724632226091,0.2958759069633789
0.2992691571782567,0.263156149667608
0.1912110661522537,0.21427821464293414
0.08315297512625075,0.138433143052923
0.07691101282895768,0.1271655218527749
0.33317650010978334,0.2779714966208189
0.3318904676766727,0.277965970568244
0.3770898027038048,0.2945496543454115
0.1886703679307425,0.21294643597239185
0.23267777045889404,0.23993015069545376
0.1924657319406543,0.2173728040848581
0.21131708541137356,0.22953564580213418
0.29798312474514604,0.26204541310006024
0.3105297826291522,0.2675714656749245
0.37963050092531603,0.29455518039798634
0.26912581161193194,0.251435392156321
0.696057212759951,0.38434248263437987
0.634578589128321,0.36732224070379815
0.5968445155421725,0.35890606263228
0.7060945390671559,0.3843424826343799
0.6169505348012924,0.3633324307447462
0.6156958690128916,0.36156409392078964
0.6496032119444183,0.374611104050044
0.5818198927260751,0.3525013676980124
0.6131865374360905,0.3604588834058168
0.7274865907593865,0.3901006294173883
0.6797465575107431,0.3803637247804777
0.4311031648944512,0.3102546957631755
0.39845048775132524,0.30229165400279623
0.4763024999215834,0.32573316902537014
0.45494181487406293,0.3179911693679854
0.48006649728678524,0.3286067163642995
0.5189925033719143,0.3378960107426463
0.5227878673818261,0.3398909157221722
0.559204541890154,0.35139063113046465
0.6282738935416079,0.36665358834223954
0.6508892443775289,0.37461663010261886
0.6646905680499356,0.3763849669265754
0.29042376337003234,0.25982946601753976
