0.5860570049666548,0.16458449182897816
0.5544307354120009,0.16214778221308299
0.6331066246856243,0.1671644539186561
0.4653284520730205,0.1498980025060914
0.3900903804463103,0.12770268945297164
0.4406246470589857,0.139434192892803
0.43290333066131165,0.13580657403636726
0.43522000104677144,0.13774713709655512
0.42017403951837495,0.1342408772627138
0.44023623977676235,0.13832054075879396
0.29478735389963673,0.09597002203756995
0.38699138617325174,0.12565155658894045
0.3364571195605765,0.11659924454992852
0.48653383688546953,0.15084603619460005
0.4016544497425769,0.1301501882876179
0.37426760435346723,0.12494600468535608
0.48730514212676407,0.1563256992654117
0.3646180248525568,0.1246039785756042
0.2971012696235205,0.0992445893052381
0.3619129471848736,0.11805468653342481
0.31292129105478744,0.107513934827291
0.3310552282099383,0.11469175792678783
0.4456326218042483,0.141617080231072
0.4521997350015564,0.14750500103915143
0.44564364045055255,0.14340352284530444
0.44409276598323516,0.13993026069508877
0.39857198343897465,0.1280113241119902
0.4159346153528308,0.13386608972960093
0.3167888359075645,0.11429491943564353
0.3773500706570695,0.1253648941345318
0.4051308326515546,0.13238851803465168
0.42981810969613327,0.13575144664128863
0.4348371030877002,0.13606031756057185
0.5127692337357894,0.1597328872949547
