0.19066428303926625,0.0934003977914029
0.2715851357749027,0.13774874893895975
0.33605613301206183,0.16514876886664295
0.22689918810635878,0.12411298669691029
0.4163622359932448,0.18797576663049553
0.5226927452462885,0.216074888886832
0.48819609810558146,0.20731868666767211
0.2800715088220123,0.14445719114405048
0.5498335936009496,0.2217815022097405
0.3202210272680379,0.1597906177636239
0.45030066209255154,0.20126252218043697
0.306074716826478,0.15456259552084484
0.2653528451607889,0.1375298711070917
0.5113870026356512,0.21150132225078283
0.36376933458638644,0.17329516220099628
0.3943019057242388,0.18361889993744013
0.4242833219098226,0.18889102442992398
0.3202139611789062,0.15970295773643298
0.3179598787459105,0.1553041666825471
0.5719009899590873,0.2278812244744618
0.37168335441383255,0.1756908399627363
0.42654447043195,0.1933339177335146
0.2116152373146035,0.11021642226216229
0.44636485044622354,0.19338019787209368
0.5006394810664141,0.2095842355691722
0.3716833544138326,0.17834786438939348
0.35189123875608563,0.1662382577760161
0.45483709131506983,0.20405130888398987
0.3660375491976456,0.1743846511103694
0.4644399064449799,0.20435566885417455
0.4107022985987945,0.18653781550123297
0.4485906685226928,0.19551180660782372
0.27440450533843036,0.13988253556356411
0.3558553147589404,0.16981054000210166
0.44917008783148793,0.19769078442657
0.2777962281216215,0.14336715776245873
0.25685233993541595,0.1269872555387798
0.3937578168611018,0.1805279311525769
0.3581235293701995,0.1700724311392373
0.33379498448993444,0.16349357332216805
0.2896884561301856,0.1507736133517655
0.27270864394683475,0.13875003334892339
0.37452392224475517,0.17956857110344374
0.39204075720211135,0.1801342777385455
0.3688569187611732,0.1754294932978192
0.25856233350527486,0.13225883555904502
