0.28320189959556374,0.187579751685908
0.33249679057151965,0.21486855407590275
0.5614328047026573,0.3077042495106039
0.5720504628333704,0.3092188215871958
0.3933649289099526,0.25767793382077314
0.5894344649182923,0.30922260801738727
0.4687213443885677,0.2906463814979875
0.5131514174573605,0.3035316034395931
0.31701431453364354,0.20917376306791718
0.2609820368529261,0.18567896372978512
0.33053735002557894,0.21334262270873638
0.3614926496848487,0.2493402145391346
0.3556818949624039,0.2379733511043123
0.2522948620187064,0.18037796146171348
0.405913070337159,0.2660080802420286
0.40493817627242984,0.26259650663950534
0.3401994189245278,0.2167541963112597
0.5913649482147856,0.31641682538119886
0.5652551616297141,0.3088250328472819
0.3576413355083446,0.24177114058636653
0.4329687937375122,0.267534011609195
0.36730340440729337,0.25313421759099736
0.34121292265518677,0.23721985149620786
0.29868437563343986,0.18873082646411787
0.3141668516713159,0.2069208371039867
0.43200355208926555,0.26715536859004696
0.4136736131890619,0.26602322596279454
0.44939720659066995,0.2845805203312369
0.4735668574627658,0.3031491739902537
0.44652078647889504,0.27852980488525225
0.434908929450488,0.2739747293649021
