0.5961911564560188,0.3027856766918717
0.4184612117643652,0.2694158674143604
0.5131417650408779,0.30125595889451384
0.26675418190944106,0.17166159916092705
0.4116948678101563,0.26146057758206137
0.23101128367486798,0.1398442262619225
0.25900329147402057,0.1515821598555098
0.34795030935994825,0.24289192392304454
0.3450642368316908,0.2368374220468684
0.27545100916014326,0.17772367389748617
0.2803158270673063,0.19515639849905905
0.2599781855387497,0.15991609270695678
0.5720311580004055,0.30277431740129723
0.4967036997712378,0.29442902525927583
0.3595525139718729,0.24592864093661132
0.43202285692223047,0.283444591273793
0.3682396888060926,0.2470645699940553
0.37115471858379745,0.2591887194671736
0.2909817472804317,0.23038913143077835
0.49574811053947354,0.2838308071533239
0.3160683777183618,0.23227856009632677
0.3701798245190684,0.24971885755828258
0.4213858939585525,0.2728350138772666
