0.9332765873048666,0.25213057537801065
0.9197759909206354,0.25210844566655766
0.9105175733635243,0.25144683817219304
1.3773307880260371e-05,0.008589241920351784
0.8985568328003063,0.25069694809228116
0.91398844694935,0.2518327299377432
8.263984728156224e-06,0.0057445108274535375
0.00040218059010360284,0.010783390997901144
1.1018646304208297e-05,0.007288156643075555
0.1358791915619207,0.09019211975938311
0.8129254230471513,0.24144609867756475
0.7550610019806014,0.23434521767091332
0.09921740064624364,0.07317909685733684
5.509323152104149e-06,0.004068559263642909
0.0011762404929742361,0.013561890463283542
0.9004850959035426,0.2507631009663755
0.9074323523983461,0.2513476088610516
0.1995394205844841,0.11362205020199859
2.7546615760520743e-06,0.0021720981195179254
0.8028957002487456,0.24016706435832
0.08918492318626199,0.06905541019861534
0.9047300293922388,0.2511711224433786
0.5660388792934844,0.20241393412638567
0.903573071530297,0.25113804600633144
0.007365965054363246,0.02518329661980077
0.13934731048617024,0.09042357606529164
0.9016448084270606,0.2510718931322371
0.0007905878723269453,0.012757030495136152
0.04326471471347388,0.04893312346071514
0.9093606155015825,0.2514137617351459
0.4198352161445205,0.1725888320875462
0.28403590976830545,0.14180427711407464
0.856126780544376,0.24667241199127957
0.4422058228036396,0.17663526163973614
0.0509832764495718,0.05294655532927948
0.898173934841235,0.250686001366687
0.7361557595841561,0.23120271989116917
0.8603717140330722,0.247146586342377
0.4730607871169987,0.18247884427148803
0.023194250470358464,0.03712436291435227
0.8646138928601924,0.24763170741906856
0.2986907093529025,0.14389911812706097
0.0007878332107508932,0.011455945217859925
0.10886147082400194,0.08074265421554072
0.16134052850936995,0.09955298770399205
0.9001021979444713,0.2507521542407813
0.7924803248296928,0.24010083273080415
0.5849413670283539,0.205644556984834
0.6161930026086645,0.21252484965774954
0.5120309844334074,0.19143208450620158
0.8970169769792932,0.25065292492963986
0.5938168866263935,0.2068354662253746
0.5394233391456693,0.19698924094380948
0.029364692400715108,0.04015636964367463
0.6358640409232523,0.21490643187856612
0.33495582900162807,0.15209144280284695
0.36350789623740776,0.16116580579989034
0.8572837384063179,0.2470693292358454
0.7404006930728523,0.23120279864459073
0.0015674024367736308,0.01572304185720729
0.3449883064616096,0.15573000838487688
0.45069844444260804,0.17967853010833884
0.5992215326386078,0.21054018468149882
0.4584087421939777,0.18244584658786245
0.008522922916305116,0.02553611194830373
0.05985604138603552,0.057599386227333876
0.38742662270226796,0.16385625893999006
0.70568920255302,0.2274099551097623
0.6968109282934045,0.22509436825619697
0.4460678583332645,0.17841052126810977
0.4472275708567825,0.17885161918216
0.6732833637723435,0.2213566521164471
0.0011789951545502879,0.014466058495993934
0.6848556970533383,0.22492898607096118
0.22152712928453175,0.11803239931512874
0.8055925139317007,0.24068518311863715
0.8611430192743669,0.24727889209056558
0.8568980857856707,0.24689292157159393
0.05638516780020991,0.05477686359931015
0.8923863908699494,0.2504102856378725
0.20726073698215802,0.11446022286745777
0.10037711316976154,0.0787360170346801
0.8140823809090931,0.24186506688016204
0.18256519595285123,0.10642225489789188
0.4425942300858629,0.1768889264105192
0.017018299216849712,0.0334527208952752
0.026670633379336183,0.04009037427642341
0.8912294330080076,0.25037720920082535
0.787466840761278,0.2389652083921852
0.09072753366885114,0.07149204106108896
0.7481192548089501,0.23270242129757143
0.8943146539731859,0.2504764385119668
0.5517669776679586,0.2001646576537577
0.6844672897711149,0.22296637205274195
0.003112767580938844,0.018821280214045503
0.23040540354414754,0.12298307565345062
0.15786690026196834,0.09585937348030507
0.013930323590095339,0.031137291548552944
0.22847438577933507,0.12212300953680309
0.20918624542381842,0.11745907440631143
0.06448662749537909,0.05786407647713266
0.7562179598425434,0.23464290560433773
0.8198671702188025,0.24306684409287527
0.5888006478964027,0.20617385873101002
0.6829219246269499,0.22240399386951873
0.08957057580690926,0.06966181154447981
0.012384958445930126,0.030067741330606787
0.8653851981014872,0.24773093673021002
0.8252690615694407,0.24311102476235968
0.5266968026643087,0.1963166867238507
0.8673134612047235,0.24787426795741435
0.8622999771363087,0.24751042714989566
0.5386547885659507,0.19673573367986955
0.7338445985218484,0.23043101511349048
0.5826274513044701,0.20524763974026813
0.5228347671346837,0.19498244625610578
0.3237691483412805,0.14738348450971397
0.8264260194313824,0.24403716499967998
0.5710551180234752,0.20287708299846732
0.417898689056556,0.1704165764611852
0.8387669032920959,0.24505150906912598
0.6813848234675128,0.22181980098852883
0.4248459455513593,0.1729525941416433
0.8082920822762317,0.24071825955568432
0.6138763322232048,0.21178606381027493
0.5027670575531443,0.18923777792180912
0.7785913211632383,0.23753173861329882
0.684467289771115,0.22248125097605032
0.8094517947997496,0.24107115363760884
0.7049123879885737,0.22583315410367158
0.8804284049683073,0.24939586281500492
0.741174752975723,0.23218414503041115
0.5776167218976312,0.20490592864420248
0.22384655433156758,0.11912407924452786
0.055608353235763214,0.05301262944995224
0.5741403389886536,0.20392450350496052
0.8908437803873605,0.25017875057854244
0.06680329788083886,0.06153563974278818
0.8819710154508965,0.24971560170646073
0.011225245922412202,0.027035655847862883
0.8538128648204922,0.24646292788998092
0.001953055057420921,0.017244557961376333
0.5062461951236982,0.18938134540927806
0.8221810859426862,0.2430888950509067
0.6258343181248468,0.21402431480388717
0.0779927332027624,0.06486549191237799
0.0015646477751975786,0.015535529960518551
0.9109004713225957,0.25145778489778725
0.0035011748631621864,0.019879804952975942
0.5965219642940767,0.20959199348614715
0.04519848713986244,0.05282527506010658
0.07799824252591452,0.06634306360732725
0.011999305825282832,0.027686237863211765
0.8422405315394975,0.24563593821038057
0.0023414623396442636,0.018633847070778302
0.24892774798152173,0.12883792002448288
0.14166673553320605,0.09566083610460059
0.31528479068704013,0.14700861822317957
0.09304420405431098,0.07255056580001941
0.8611430192743668,0.24738914688072278
0.00039942592852755076,0.009482305720624916
0.87580057352054,0.24871228311603044
0.8792714471063655,0.24936278637795778
0.8815853628302492,0.2495171430841778
0.2458342630316152,0.1276910339465836
0.5725977285060644,0.20314169449484457
0.26512515804870795,0.13166044265250665
0.7010531071205246,0.22520462304635414
0.19258665476652864,0.10770105295687203
0.11234060839455572,0.0820879989157229
0.8680847664460181,0.24808375205871297
0.35618049644510924,0.1559728051834873
0.24352585663088358,0.12716196846067224
0.7130166023453188,0.2299127388463302
0.17330126907258805,0.104283075708578
0.47846818779078887,0.18696645049114974
0.5170472231633982,0.19344982591949944
0.4553235212287995,0.1811779165010549
0.8106087526616914,0.2411703829487503
0.333415973180615,0.1502723175186751
0.4765399246875526,0.18332804241596296
0.1308546888472017,0.08825132043893062
0.6482104341071178,0.22024292122901654
0.7839904578523003,0.23846890432963486
0.044812834519215146,0.052571689042745076
0.3287826324096953,0.1488939751348673
0.8437831420220866,0.2458454223116792
0.7485021527680216,0.23409155290013028
0.03245542268904554,0.0432657122329501
0.8468683629872649,0.2462754159932922
0.3006217271177149,0.144075604544734
0.6370209987851941,0.21573334280474496
0.12353004371647924,0.08753474305633051
0.6825417813294545,0.22226082014915755
0.2659019726131546,0.13609284272366823
0.8769575313824818,0.24909817488158054
0.40517766189834736,0.1697552052270852
0.042105002189955956,0.047687165578517515
0.8788857944857184,0.24916432775567485
0.4310246514664441,0.17659123847709485
0.7824506020312872,0.23771925050998755
0.007360455731211144,0.023154450974065634
0.044810079857639094,0.05101701774810734
0.5733745430705112,0.20346159089314345
0.7022155743056184,0.2256678506718574
0.19568013971643508,0.11189097124310937
0.03438644045385804,0.04439038984597485
0.8580550436476124,0.2471354821099397
0.8700130295492545,0.2481168284957601
0.3681329730235992,0.16187135770347472
0.8673107065431475,0.24776393441383562
0.5417427641927052,0.1998890994317863
0.1945204271929172,0.10807607675024951
0.887758559422182,0.24999131743527522
0.6713523460075311,0.22130144596794699
0.7427173634583121,0.23236055269466258
0.03129571016552761,0.040851053575086387
0.5062434404621221,0.18928203734471508
0.7839904578523003,0.2381381399591633
0.5552433605769364,0.2018627389290213
0.3962993876387317,0.1692036950160347
0.02358265775258181,0.03950594513516883
0.3083375341922369,0.14507900188858583
0.8260403668107352,0.24333153434267404
0.856126780544376,0.2468047177394682
0.17098735334870432,0.10309232397488051
0.3627365909961132,0.1596112132586741
0.0077516176750105385,0.025514060990272303
0.006591905151492614,0.022911969189141387
0.6219750372567978,0.21377065003310408
0.08532839697978908,0.06851516172684517
0.003503929524738238,0.020706794632576308
0.5093286614273004,0.19023022854006683
0.8877558047606061,0.24980380553858647
0.07413345233471345,0.06278159762498581
0.036703110839317835,0.04569147512325108
0.0050465400073274,0.02205190307249387
0.39591098035650835,0.16696544402242247
0.8329821139823863,0.2448089485307802
0.7716495739915871,0.23705764301562293
0.36235093837546595,0.1563476714700217
0.7631624616757706,0.23607629662980256
0.7770487106806491,0.2372561016379059
0.4904289283540072,0.18823453808480037
0.8758005735205399,0.24897689461240766
0.11619713460102864,0.08445847690410219
0.6401089744119487,0.21700135164497403
0.8179389071155662,0.24266992684830946
0.23734439605422275,0.12360042372490927
0.5891863005170499,0.20618488421002568
0.1636599535564058,0.10167003718185291
0.8518846017172559,0.2464519024109652
0.8700130295492544,0.24870117888359317
0.728059809212139,0.23012230170105039
0.0907302883304272,0.07247338744690937
0.4198324614829445,0.17059314163227973
0.7716468193300108,0.23659449414354128
0.019332214940733457,0.034202453468344
0.07452185961693679,0.06402755550718346
0.6798394583233475,0.2214669069066043
0.01972337688453285,0.03603284049179622
0.8175532544949188,0.24199737262835064
0.3935970646326246,0.16459496603404317
0.6343159211175111,0.21406833796652847
0.33110205745673116,0.1498312983580464
0.037474416080612416,0.04593403566159686
0.9016420537654845,0.25079617740342264
