0.011878095830300802,0.004922573328157217
7.066089131648307e-06,0.002352664456472441
0.0033987888723228353,0.004356322220836843
0.9536323231181233,0.3049474557085462
0.9559005377293824,0.3049480001807648
0.9197080291970798,0.3017236357023501
0.9129245836306975,0.30098315348508503
0.899915913539333,0.2997194334657671
0.836003137343574,0.2918327533796752
0.8552370319599207,0.29488288674814517
0.8405254343878289,0.2926167933744265
0.8314808402993191,0.2907873667200068
0.8620204775263031,0.29536202230049313
0.8529688173486616,0.2948823422759266
0.8320461274298511,0.2914407333822996
0.8416560086488927,0.29270390892939885
0.8671080617010899,0.2967994289575372
0.8111234375110404,0.287868451156214
0.8354378502130422,0.2915278489372719
0.8173415959468909,0.2888702800383962
0.8727609330064084,0.29688654451250956
0.8343143420411102,0.2914412778545182
0.8128192989026359,0.28791200893370017
0.8382642858657015,0.2923118889320232
0.8744567943980041,0.29732212228737137
0.8145151602942317,0.2880862400436449
0.8405254343878289,0.2926167933744265
0.8196027444690183,0.28904451114834095
0.8269514771659325,0.29013345558549547
0.8258209029048688,0.2900463400305231
0.8642886921375622,0.2953625667727117
0.82921262568806,0.29043836002789875
0.8150804474247634,0.28826047115358966
0.8105581503805085,0.28721508449392125
0.0594187435080306,0.032760348919576555
0.8258209029048688,0.29004634003052315
0.8456200846517474,0.29270445340161744
0.8235597543827413,0.28956720447817513
0.869376276312349,0.2967999734297558
0.8280820514269962,0.2903512444729264
0.2822973268984814,0.13164848220201988
0.8246903286438051,0.28965432003314745
0.8071593615081857,0.2869096355792994
0.8461853717822794,0.2933578200639102
0.8105581503805085,0.2873457578263798
0.8461853717822793,0.2932271467314516
0.0118922280085641,0.008626073358919899
0.7879325329809707,0.28355514224064476
0.8150804474247635,0.2883911444860482
0.8524035302181298,0.2942289756136338
0.8869001773588367,0.2988036311941202
0.8207333187300822,0.28926230003577186
0.8885960387504324,0.299239208968982
0.7935854042862893,0.28442629779036843
0.7896354604616979,0.28377347560029426
0.7958536188975484,0.28486242003744877
0.8026370644639308,0.2861255955845481
0.8003759159418034,0.2858206911421448
0.8212986058606139,0.28926230003577186
0.8767250090092632,0.29732266675958996
0.7981147674196758,0.2853415555897968
0.2817320397679496,0.1303853066549206
0.8196027444690184,0.2891751844807995
0.8439242232601518,0.29270445340161744
0.93441256068004,0.30250822016932
0.93441256068004,0.3034229334965298
0.8196027444690184,0.2891751844807995
0.7749309289787377,0.28129013781136325
0.7302591134884572,0.27253393559220335
0.7641904734986324,0.2788944600496232
0.7602334635849093,0.2781539778323581
0.7918966089838253,0.2843397267076146
0.8037676387249946,0.28621271113952046
0.8501423816960023,0.2937498400612858
0.8495770945654705,0.2934449356188825
0.8230015333413413,0.28926284450799045
0.7918966089838253,0.2841219378201837
0.88181259318405,0.2984987267517169
0.7692780576734192,0.2799834044867778
0.8229944672522095,0.28926230003577186
0.7766267903703334,0.281464368921308
0.7704086319344828,0.280026962264264
0.786236671589375,0.2833373533532138
0.832046127429851,0.291310060049841
0.7901936815030981,0.283860046683048
0.09168250648313676,0.05005605341490253
0.8196027444690183,0.2890445111483409
0.7743656418482059,0.28098523336896
0.7240409550526067,0.2711836444901317
0.4174998763434403,0.18871679331997923
0.82921262568806,0.29043836002789875
0.7817143745451202,0.2825533133584625
0.5871708085725793,0.24090554441504897
0.7941577575059529,0.2848188622599626
0.8942489100557509,0.29932632452395436
0.7788879388924609,0.281943504473656
0.7771920775008652,0.28176927336371127
0.6273203270186049,0.25040222885147395
0.7998106288112715,0.2856900178096863
0.6041294224885352,0.2441288199490265
0.2930519145568502,0.1367458311123404
0.7647557606291642,0.27902513338208174
0.10978582683841973,0.056590808982267087
0.5526741614318723,0.2311475133137069
0.8252626818634687,0.2897855378378246
0.7364772719243077,0.2739277844717612
0.6703104132955532,0.2610325044469768
0.3015312215148281,0.14044824219866595
0.7664516220207599,0.2791993644920265
0.6957624663477504,0.26486667781019807
0.7319549748800529,0.2727517244796343
0.7619293249765049,0.2784153244972752
0.6352484790243144,0.2526247644477064
0.7704086319344828,0.2802447511516949
0.6493806572876109,0.255630251094253
0.793592470375421,0.28451395781755934
0.6256244656270094,0.2495746310792365
0.7749309289787377,0.28107234892393235
0.7534358858402636,0.27732529111568344
0.7743656418482059,0.28076744448152907
0.7472177274044131,0.2761492311235565
0.7811490874145882,0.28229196669354545
0.7704086319344828,0.28002696226426393
0.7721044933260784,0.2804189822616396
0.40619413373280305,0.18536284445354317
0.4344726224376595,0.1961662622145536
0.8314808402993191,0.29043890450011733
0.09846595204951913,0.05310509783893532
0.7726697804566103,0.28072388670404286
0.023212102797464686,0.01485592448388117
0.7817143745451202,0.28255331335846257
0.7851060973283114,0.28311956446578296
0.40165770451028476,0.1818771333102114
0.7771920775008653,0.28155148447628037
0.7726697804566103,0.2805932133715843
0.05092530437178934,0.025310880025002164
0.7443912917517538,0.2754958644612638
0.7794532260229927,0.2822484089160593
0.7336508362716484,0.2731437444770099
0.7624946121070367,0.2784588822747614
0.6476847958960152,0.2552382310968774
0.6295956077189957,0.25175360889798276
0.7048070604362602,0.2679157222342308
0.2862684689904678,0.13578756000764436
0.3315197037895436,0.1568717021998311
0.3750750771970238,0.17146573554657657
0.3869602391164562,0.17821828000137205
0.18275026321182014,0.0906127000322872
0.7839755230672476,0.2830324489108106
0.7381731333159034,0.27431980446913684
0.7986800545502077,0.2856029022547139
0.6612658192070433,0.2575478822480822
0.056027020724839414,0.031453615594991075
0.721765674352216,0.2703549577734571
0.7647557606291642,0.2789380178271094
0.6793550073840628,0.2628619311013965
0.7726697804566103,0.2805932133715843
0.7376078461853716,0.2740584578042198
0.3501883112753585,0.1660199244163666
0.7811490874145883,0.2822484089160593
0.053200585072180104,0.03019044004789178
0.774365641848206,0.28076744448152907
0.7749309289787377,0.2812030222563909
0.8235597543827413,0.2895672044781751
0.7228962486132797,0.27044207332842946
0.6177104457995631,0.24839857108710955
0.7025459119141326,0.2674365866818828
0.4752015601924804,0.2090179844618518
0.4078899951243986,0.18675669333310102
0.696893040608814,0.26517158225260135
0.6024335610969396,0.24260429773701012
0.5843443729199199,0.23894544442817076
0.7426954303601582,0.2753651911288052
0.6850078786893815,0.2633846244312307
0.735346697663244,0.27357932225187176
0.7161128030468972,0.26996293777608144
0.31511224482585615,0.14650386221368245
0.43786434522085066,0.19712453331924962
0.7070682089583876,0.2686126466740098
0.7794532260229926,0.28207417780611455
0.7579581828845184,0.27780442666803146
0.12733799224143413,0.07105416899655403
0.4027882787713485,0.18357588663217253
0.7234615357438116,0.27100832443574985
0.6086658517110534,0.24656914443268987
0.028864974102783332,0.01677246669327321
0.7387384204464351,0.2744069200241092
0.6940524727778915,0.26464779997833
0.7715392061955466,0.28028830892918105
0.7217798065304794,0.27035604671789426
0.43445849025939626,0.19599094216017177
0.74326071749069,0.2754087489062914
0.7455218660128174,0.2757572111261809
0.773800354717674,0.2807238867040429
0.6776591459924672,0.2620778911066452
0.46444697253411166,0.20522736887611676
0.6041435546667985,0.24521885333061821
0.1895619731347291,0.10002335785817695
0.7828449488061839,0.28264042891343494
0.16126935225160927,0.08068152676543756
0.09904537135831429,0.05637302009483617
0.5345708410765894,0.22574525996098313
0.6431624988517604,0.2538879399948057
0.7161128030468972,0.2697015911111643
0.48085443149779905,0.21015048667649258
0.061694024208421364,0.040950300031416045
0.7409995689685626,0.27497317113142955
0.670875700426085,0.2612938511118939
0.2195221910529179,0.10777664225071747
0.6431624988517604,0.25475909554452936
0.2596858416772069,0.12716203112094304
0.30379237003695553,0.14070958886358303
0.515351078638506,0.2182533222333597
0.44747422643989243,0.200783386628089
0.6375096275464417,0.2530167844450821
0.6482500830265472,0.25558669331676687
0.7093293574805148,0.26896110889389924
0.4497495071402831,0.2031801533342662
0.6555988157234612,0.2570676577512971
0.6974583277393458,0.2656507178049493
0.6516418058097383,0.2559787133141425
0.07301389899732194,0.04953227114063118
0.8648469131789625,0.2954491378554655
0.7042417733057282,0.2678721644567446
0.7342161234021803,0.27344864891941323
0.6029988482274713,0.24408526217154033
0.7540011729707955,0.2774124066706558
0.3496230241448266,0.1629708799923338
0.7771920775008652,0.28155148447628037
0.8314808402993192,0.2907873667200068
0.40336769808014367,0.18527572889857083
0.5752997788314101,0.2362448622240274
0.7002847633920053,0.26713168223947953
0.15052889677150386,0.0765870956817364
0.7879325329809705,0.2834244689081862
0.1850396760904742,0.09884729786605004
0.3439560206612446,0.15791708885949945
0.8484535863935385,0.2933583645361288
0.3914825361607111,0.17922010888355425
0.7964189060280803,0.28529799781231063
0.3660163509302507,0.16802358218073102
0.17144452060118287,0.08995933336999445
0.034531977586365274,0.023132991150693033
0.6997194762614733,0.26682677779707625
0.7387384204464351,0.2746247089115401
0.6352484790243142,0.25284255333513733
0.5713286367394238,0.2349370399550048
0.7636110541898371,0.2786755822177551
0.7590887571455823,0.2780222155554624
0.6697451261650212,0.26072760000457357
0.47066513096996215,0.20531448443108913
0.2065347192289483,0.10760350008520989
0.7670169091512916,0.27950426893442976
0.6137534358858402,0.24717895331749642
0.7466524402738812,0.27588788445863943
0.33434613944220287,0.1573943955296653
0.2698610100267804,0.12951415110519693
0.39771482677482495,0.1810941822598973
0.42995032539340466,0.19281231334811758
0.3699874930222371,0.17046390666439437
0.5718939238699556,0.23550329106232518
0.7110252188721106,0.26935312889127483
0.7404342818380307,0.27479894002148486
0.4938560355000319,0.21372222443035954
0.6629616805986388,0.25898528890512623
0.6380749146769736,0.25327813110999914
0.5656898976123684,0.2343283200146354
0.6629475484203756,0.25789525552353454
0.7749309289787378,0.28107234892393235
0.6352484790243144,0.2519278400079275
0.7687127705428873,0.2796785000443745
0.510828781594251,0.21786130223598407
0.22236275888384055,0.11078321784170125
0.6454236473738878,0.2548026533220155
0.5034800488973368,0.21685947335380185
0.5334402668155257,0.22517900885366277
0.7381731333159033,0.27418913113667825
0.5385419831685757,0.22657394667765776
0.11317754962161092,0.06369072671251486
0.5470212901265536,0.22905673999437015
0.809985797160845,0.2870838666892441
0.6522070929402701,0.2562836177565458
0.7477830145349449,0.27645413556595977
0.13977430911313515,0.07410321342058682
0.30380650221521893,0.14214808446506416
0.806028787247122,0.2866918466918685
0.7511747373181361,0.27667192445339067
0.7913242557641619,0.2839471622380204
0.7523053115791998,0.27723817556071106
0.8840808077953092,0.2984992712239355
0.2998494923014959,0.13822788449130774
0.6635269677291707,0.2593337511250157
0.7404342818380308,0.27466826668902633
0.4717957052310259,0.20592429331589568
0.8048982129860582,0.2866047311368961
0.7421301432296263,0.27501672890891576
0.7359119847937758,0.2738406689167888
0.14486189328792193,0.07623754451740979
0.3705527801527689,0.17133506221411804
0.4865073028031176,0.21102164222621622
0.6889648886031046,0.26412510664849576
0.2670487065523844,0.12794716006013146
0.28513789472940404,0.13326120891344578
0.5724733431787509,0.2361577466690551
0.5170469400301015,0.2225655422044918
0.5408031316907032,0.22805491111218795
0.1538923551981685,0.0780223244499061
0.5159163657690379,0.21890668889565243
0.15390648737643176,0.07928658894144257
0.5645593233513048,0.23389274223977358
0.6392054889380372,0.2535830355524024
0.46275111114251605,0.20500957998868588
0.8082899357692495,0.28699675113427175
0.5255262469880796,0.2225655422044918
0.2834420333378085,0.13208514892131884
0.23537849506433672,0.11518364231224282
0.8908642533616915,0.2992397534412006
0.5164816528995697,0.22112813554744776
0.378466799980215,0.1779558443920178
0.4191957377350359,0.1895879488697029
0.7409995689685626,0.2749731711314296
0.11319168179987424,0.06904942228775246
0.6120575744942445,0.2470482799850379
0.5436295673433624,0.22879539332945306
0.7449565788822856,0.2756700955712085
0.8173415959468908,0.2887396067059377
0.674267423209276,0.2617729866642419
0.7551317472318593,0.2774995222256282
0.6612658192070433,0.25746076669310985
0.4446477907872331,0.19917174886110023
0.7178086644384928,0.2701371688860261
0.8026370644639307,0.28599492225208956
0.4729262794920896,0.20753593108288446
0.7263021035747343,0.27166278004247973
0.19182312165685653,0.1039435578319334
0.03225669688597452,0.019385933342444168
0.8671080617010899,0.2959282734078135
0.6290303205884638,0.2514487044555795
0.49385603550003193,0.21537741997483448
0.2489453861971015,0.11731797340906577
0.5555005970845316,0.23262847774823714
0.2291603366284862,0.11461739120492245
0.5475865772570855,0.2301892422090109
0.12168512093611548,0.07070570677666457
0.020936822097073933,0.011326655563063222
0.6691798390344894,0.26068404222708735
0.6838914366065812,0.26316792448823695
0.62279802997435,0.24909549552688848
0.5600228941287865,0.23341251774298843
0.7285632520968616,0.2721419155948277
0.7873672458504388,0.2834244689081862
0.5051617781106692,0.21768598218160215
0.5673716268257007,0.23467569329008772
0.6765285717314036,0.2618601022192143
0.6883996014725727,0.2638637599835787
0.7195045258300885,0.27018072666351234
0.8608899032652395,0.2950571178580899
0.6985889020004097,0.2662169689122697
0.7494788759265406,0.2766283666759045
0.6607005320765115,0.25746076669310985
0.7879325329809707,0.2835551422406447
0.7025459119141326,0.2673059133494243
0.7426954303601583,0.2751474022413743
0.2217974717533087,0.1090409067422539
0.25007596045816516,0.11997499783572292
0.6646575419902344,0.2593773089025019
0.6974583277393458,0.26604273780232496
0.7195045258300885,0.27018072666351234
0.4293709060846094,0.1928112244036804
0.3677263445001096,0.1701590022219911
0.9033005702333925,0.3009385067631617
0.202563577136962,0.10655702448110435
0.5300485440323345,0.22483054663377328
0.32190982257050194,0.1535613111108812
0.5781262144840694,0.23824851998839186
0.25798998028561126,0.12193509782260115
0.42203630556595845,0.1927687555706314
0.5962154026610891,0.24221227773963447
0.6782244331229991,0.26225212221658994
0.49272546123896815,0.21258972221571878
0.24951067332763333,0.11971365117080583
0.9033005702333925,0.30002379343595187
0.5373972767292488,0.2263115110683035
0.6652228291207664,0.25994356000982227
0.7624946121070367,0.27845888227476134
0.6239286042354136,0.2495746310792365
0.7602193314066459,0.2781093311104348
0.5775609273535376,0.23724669110620963
0.5792567887451332,0.23837919332085036
0.04357657167487511,0.024875302250140337
0.7342161234021802,0.2734486489194132
0.4876378770641814,0.2125026066607464
0.45540237844560183,0.20435621332639312
