0.4604758304421252,0.2032661799448014
0.4757527151447488,0.2074052577504259
0.48253616071113126,0.21136901550166853
0.4644399064449799,0.2035280710819371
0.49441425654143195,0.21402658440054426
0.453127097745211,0.2029177177249119
0.4214639523462948,0.19564302441250087
0.256308251072279,0.14393286439756053
0.4469160053984921,0.20239556886729632
0.4395672727015778,0.20021767999298717
0.45935938835932477,0.20309303777929383
0.4712233520113623,0.204224995521716
0.4819708735805994,0.20749237330539827
0.46670105496710734,0.20361518663690942
0.33946198797351634,0.1755601666302778
0.35699295510913576,0.18056985551340737
0.4350308434790597,0.19869206883653362
0.38979374085824714,0.18897759551267776
0.41976102486556766,0.19516334438793426
0.3909243151193109,0.18954384661999815
0.39770776068569325,0.19128615771944543
0.39205488938037464,0.18997942439485996
0.4107164307770578,0.19503267105547573
0.4214639523462949,0.19830004883915797
0.35360123232594454,0.1789146599689324
0.37226277372262767,0.18449059995938236
0.351905370934349,0.17830485108412586
0.29421781926357216,0.16022619553848574
0.2885578818691219,0.15722016441972053
0.3174016577045103,0.16876406439799613
0.37509627546441865,0.18544941553629699
0.40280241094961167,0.19272410884870805
0.44069078087350994,0.20204656217518827
0.3123070074405918,0.16493043550699346
0.28402145264660367,0.1546927243810848
0.2936454660439086,0.1593544955165435
0.31456815596271925,0.16728255549124732
0.3564206018894722,0.17913190438414475
0.32531567753195634,0.1705499332749296
0.3236198161403608,0.17020147105504013
0.2778103602998848,0.1533865355287179
0.30834999752686876,0.16475620439704872
0.35302887910628106,0.1785220954993382
0.3660375491976456,0.1829219754976612
0.36490697493658186,0.18287841772017502
0.3790462192890101,0.1862329110588297
0.3371937733622572,0.17386086883609808
0.4033606319910119,0.19381250881364404
0.39883833494675697,0.1915910621618487
0.35698588902000417,0.1797417132689513
0.3943160379025021,0.19119904216447306
0.3581235293701995,0.1811361066207277
0.39996890920782074,0.1921573132691691
0.3671681234587093,0.18374957326989869
0.383568516333265,0.1879316643807908
0.38130736781113755,0.18710406660855333
0.37677800467775097,0.18588390436672164
0.3287144664042792,0.1722927888465955
0.29816776308816356,0.16127103772593554
0.29703718882709984,0.16122747994844935
0.3434119317981077,0.17608231548789338
0.36151525215339064,0.18122322217570008
0.41240522607952174,0.19507568436074332
0.38582966485539244,0.18880281993051448
0.38017679355007383,0.18627646883631585
0.26480169020852024,0.14881242442045017
0.2772380070802213,0.15186146884448296
0.2710198486443708,0.15160012217956584
0.2857243801273309,0.15560798218051322
0.24274135993951426,0.14014333775626264
0.2766727199496894,0.15181791106699674
0.2681863469025798,0.14894255328069012
0.2693239872527752,0.15038050440995274
0.26252640950812955,0.1464592154917591
0.3004359776994227,0.16297033552011525
0.24499544237251009,0.1412752954986848
0.24216900671985075,0.13826980885213824
0.2596999738554702,0.14545738660957694
0.2206810296705083,0.13077732665229622
0.25122066689749223,0.14210343774314088
0.2591346867249384,0.14537027105460457
0.26988927438330707,0.15090319773978692
0.24839423124483295,0.14184209107822376
0.28007857491114396,0.15373554222082592
0.26819341299171146,0.14933511775028435
0.29137725143264953,0.1583956799396289
0.3077776443072053,0.16362315771018937
0.2302979769786816,0.1351336488731331
0.2828979444746716,0.1546497110758172
0.25291652828908784,0.14375863328761582
0.2512206668974923,0.14232122663057178
0.29930540343835893,0.16135869775312645
0.3383243476233209,0.17494981327325265
0.31966280622663773,0.16937387328280268
0.342281357537044,0.1757774110454901
0.34737600780096245,0.17786872883704546
0.35811646328106783,0.18083065770610587
0.3343602716204662,0.17316339992410057
0.34680365458129886,0.17621298882035194
0.3485065820620261,0.17817363327944874
0.2868549543883946,0.15652269550772302
0.24047314532825517,0.13796490440973497
0.23708142254506398,0.1375293266348731
0.26309876272779303,0.14759226217861846
0.2845867397771355,0.154736282158571
0.2778032942107531,0.15277618217169278
0.4107093646879262,0.19398673992358875
0.4022300577299482,0.19246221771157238
0.3468107206704305,0.1767797843998909
0.30439298761314576,0.16314456663005997
