0.4213640533192296,0.16140860259850068
0.4213668079808056,0.1618717514705824
0.3179788497084191,0.13819910298277796
0.3372697447255118,0.1433151615063356
0.30601810914520094,0.1361923082950743
0.31450522146101745,0.13801159108608924
0.45994308869183886,0.1684101755405891
0.4715154219728336,0.17020740737357262
0.44913655132898656,0.16696560152926548
0.38664705347624523,0.1537787348593594
0.35231570625390823,0.14782473993060724
0.3017731756565048,0.13413046496571357
0.26666776853129714,0.1259712954803963
0.3048583966216832,0.1351448090351596
0.28942678247263937,0.13198033905080553
0.3006162177945629,0.13392098086441492
0.29406012324355896,0.13388790442736775
0.45222728161731696,0.16783677187835025
0.207627106971773,0.09843965058366919
0.2172711771495313,0.1006117487031871
0.4248404362282073,0.16342642276522013
0.4421975588189114,0.16651363564304258
0.22769481655331233,0.1093001411812588
0.2253726368447004,0.10258538820042212
0.4537698920999061,0.1681785617278375
0.4722867272141282,0.17149738841841158
0.275920676765256,0.1263791594505563
0.2543213753474317,0.12010558313719139
0.2566380457328915,0.12163820347379768
0.2774715512325734,0.12771347867172275
0.2504620944793827,0.11798861241275205
0.34537395908225693,0.14661193723887828
0.3746918222361792,0.15310618063940065
0.38934937648235235,0.1544293168747083
0.4965773329917553,0.17201542842530726
0.5309059255525163,0.1734819746412408
0.5309086802140923,0.1736584610589138
0.5135515576233883,0.17291967521143917
0.3596431060462067,0.1486626763358018
0.39089198696494154,0.1557413488775787
0.3916632922062361,0.15770388414237643
0.41557926400952017,0.16022887634381888
0.3959054710333562,0.15887258491804254
0.2292429363590536,0.10939952799924335
0.2330994625655265,0.11003900578215499
0.23696425275672758,0.11678683520003882
0.3658190572997155,0.15252175149814604
0.37661733067783965,0.153304560508262
0.3600315133284301,0.150239398588471
0.35424396935714464,0.14845319223450315
0.3411262709319847,0.14353567108664997
0.32608306406516435,0.14265355401197102
0.34151192355263205,0.14381130806204293
0.22691800198886564,0.10584900874249609
0.22344161907988794,0.10159301633558597
0.2940546139204068,0.13224495054718274
0.28287068792163544,0.13180393138655402
0.3430545340352212,0.14515641650196048
0.2635770382429667,0.12358963450615817
0.2793998143358098,0.12949960627226903
0.30331854080066994,0.13447233356862234
0.31836725699064244,0.14015069152198154
0.39127763958558875,0.1559287820208459
0.4352585663088362,0.16490399446016935
