0.48367380106132657,0.20840763110482668
0.38470615668346037,0.17743478447883937
0.3140028688321874,0.15743849777937005
0.42992912712600956,0.191895966604252
0.20141887069763498,0.10224371556553513
0.3275838921432155,0.1617518066949393
0.22803682845655415,0.11705717121636726
0.21669575540025865,0.10516317560154652
0.2455677955921736,0.12359138231151325
0.22687798983896384,0.11047776892707938
0.3174016577045103,0.15913779557354976
0.2370531581885374,0.1192328822018021
0.22064569922485,0.10594667112407924
0.5317373393347984,0.21642335110672148
0.5306067650737346,0.21507306000464982
0.35360123232594454,0.17055156669158533
0.25801117855300626,0.1372690689143932
0.33720083945138885,0.16684861113304122
0.3366284862317253,0.16262296224466294
0.5238303855964839,0.21394110226222757
0.22801563018915924,0.11100100672913216
0.3320991230983388,0.16262241777244438
0.5436083690759674,0.2194723955307542
0.3762056514580875,0.17608285996011197
0.39655598815723464,0.1800466177113546
0.38752552624698805,0.17856674222126154
0.30325534726295034,0.15260304000618521
0.41408695529285405,0.18475140215208088
0.469520424530635,0.20143675329038171
0.38243794207220133,0.17673731556684186
0.3643275556277867,0.17194432662670606
0.4915948869779043,0.20897442668436564
0.46161347079232057,0.19925940888829116
0.475187428014217,0.20457400221382405
0.5605811151701866,0.22517955332588133
0.39430897181337043,0.17978635999087464
0.4406766486952466,0.19394372661832116
0.4401184276538464,0.1935086933156779
0.4570911737480656,0.19899806222337407
0.4468877410419655,0.19721001545756628
0.41974689268730436,0.19111138213728213
0.3677334105892412,0.17551715332501017
0.23083499975268687,0.1187537466494541
0.2387772839366596,0.1212387178550408
0.43843669844051414,0.1918981444931263
0.4101511436465259,0.1846223622362781
0.2642364030779884,0.13957817559337943
0.5085464348047286,0.2121535999686384
0.24669130376410567,0.1285999822502057
0.28459380586626715,0.14650440668590106
0.4627440450533843,0.20060969999036282
0.34737600780096245,0.16976698222461548
0.39657012033549793,0.18327098218976925
0.4508588831339518,0.19747245106692052
0.5503988807314814,0.22130236665739247
0.29873305021869545,0.15221102000880957
0.39148253616071116,0.17961212888092992
0.4090205693854622,0.1832720711342064
0.4819708735805993,0.20466111776879642
0.5894178249164433,0.22727087111743666
0.41465930851251753,0.18684271994363624
0.49441425654143206,0.21071619331159436
0.29760247595763173,0.1482472622575669
0.4695204245306351,0.20357108438720464
