0.18441403926234384,0.38313956818051653
0.7245687091017252,0.5336464120038944
0.6406900654372397,0.5221350438119238
0.2575847709696609,0.4348548193116087
0.25639500297442,0.43244945879388347
0.2212968471148126,0.4176164022679113
0.29327781082688875,0.46692629288127824
0.4134443783462225,0.5140026344424717
0.3771564544913742,0.49676421739877435
0.32956573468173705,0.4841647099249756
0.31707317073170727,0.47379875150335027
0.22070196311719215,0.4003779852242139
0.20880428316478283,0.3935055266021419
0.13622843545508628,0.34986541435198437
0.22070196311719215,0.4003779852242139
0.17251635930993459,0.36710383139568176
0.12373587150505651,0.32117289960483364
0.0874479476502082,0.2810262871542294
0.09994051160023795,0.30971880190138024
0.03866745984533017,0.16751617891300613
0.06305770374776919,0.24775213332569726
0.05116002379535991,0.2374434453925892
0.07555026769779893,0.276444648072848
0.14872099940511602,0.3602313727736097
0.28138013087447944,0.45089055609644346
0.12433075550267697,0.33382967756714965
0.07555026769779892,0.25582727220663193
0.08804283164782867,0.2902468358055094
0.0511600237953599,0.22255311837809977
0.05056513979773944,0.21333256972681977
0.049970255800118976,0.1743313670465609
0.03747769185008923,0.13303934482561136
0.26888756692444976,0.44281541721550877
0.4497323022010708,0.5220777733234065
