0.21330403261706743,0.11422319331867252
0.6567152578062619,0.23232575119470816
0.46217875792285246,0.19703796223649583
0.6680280665060309,0.23489620453861154
0.42315981373789047,0.18453579115352425
0.6629263501529808,0.23485155781668818
0.5187216031543022,0.20866897776974377
0.4016577045102847,0.18396790662954818
0.3801697274609422,0.17133560668633666
0.21157990686894523,0.09222433779927595
0.34510072710057166,0.16053164445310758
0.286847888299263,0.13896836670857288
0.25290239611082455,0.12894789999787656
0.28232559125500806,0.1374002867190703
0.28684082221013135,0.1374868578018241
0.4785720847082765,0.20074037332282138
0.4192028038241674,0.18427444448860716
0.2936172016873821,0.14057891553112448
0.3977148267748249,0.17935187116044998
0.37621271754721913,0.17081291335650245
0.4322044078264003,0.1867572378053196
0.5735827191724194,0.22234829778927942
0.564531058994778,0.21986496000034844
0.45369945096487446,0.19481651558470053
0.5238091873290889,0.2133732177382515
0.516453388543043,0.20792795108026008
0.5973318447438895,0.22513654002061373
0.47179570523102576,0.19834524003329992
0.4446336586089697,0.19285478218116658
0.6080864324022582,0.2318019689204368
0.43446555634852774,0.18876089556968398
0.5192939563739656,0.2113265466686195
0.5532041181167457,0.21746764882195266
0.4751732958359537,0.19978155774590675
0.3818726549416694,0.17482077335744983
0.35302887910628106,0.16937496222723983
0.34114371718684866,0.16013962445573196
0.3298309084870797,0.15965994443116538
0.39034489581051574,0.17847908219407055
0.4587658368722663,0.19529401772039282
0.30268299404328686,0.14985835555233712
0.5096699429766607,0.20666477553316082
0.4395460744341829,0.19159160663406727
0.42429038799895413,0.18505848448335846
0.4836596688830633,0.20426855329920218
0.5549141116866048,0.21903681775589243
0.4740497876640216,0.19904162000086026
0.6041223563994036,0.228403917804296
0.2500618282799019,0.11897208000910357
0.37224864154436443,0.17081236888428386
0.2727157100359664,0.1363549000594019
0.4503006620925516,0.19407548889521684
0.19462835904212097,0.08355688455174418
0.26761399368291633,0.13360967113333522
0.307763512128942,0.15160012217956584
0.3977006945965616,0.1791329933285819
0.5475653789896906,0.21716383332398656
0.49384190332176847,0.20601140887086808
0.31173465422092833,0.15447602443809105
0.5294761908126708,0.21611844666431818
0.4706580648808304,0.1979526755637057
0.5792426565668698,0.22500586668815517
0.6765144395531406,0.24713648448444742
0.6691586407670946,0.24164766004896984
