0.17988770741193819,0.14663380507402146
0.6722185627803394,0.3615751460259394
0.6847965873090556,0.36180171418150875
0.650889244377529,0.3584805565840154
0.6948025469715506,0.3713009985577004
0.5931118848216808,0.3542697045219689
0.4599918446723754,0.3208702427594896
0.24271509676609893,0.24125640331342116
0.2213857783632885,0.22821491923674164
0.2967598256014555,0.26647178121252646
0.33317650010978334,0.2779714966208189
0.24776512656441144,0.24369339249893626
0.3783758351369155,0.2945551803979864
0.3582698158777956,0.28681318074060164
0.36576644396348923,0.29078641254192894
0.552899846303441,0.3449748840910473
0.49766318496910383,0.32839120031387986
0.42228913773093696,0.3100281276076061
0.3205671089363571,0.27530793927973435
0.4235751701640475,0.31003365366018093
0.29296446159154355,0.26204541310006024
0.38715849565571975,0.29853393825188856
0.4059784824817289,0.30428103292974734
0.3419591606285876,0.283055464989694
0.33816379661867574,0.27862909687722776
0.3670524763965999,0.2907919385945038
0.32185314136946774,0.2753134653323092
0.5240425331702269,0.33856466310420485
0.5177378375835138,0.33590663181569513
0.3858724632226091,0.2985284121993137
0.5303158621122298,0.3398909157221722
0.4222891377309369,0.308038748680655
0.39719582196292463,0.3003022750758451
0.40346915090492774,0.30229165400279623
0.36077914745459677,0.2888025596675527
0.4423951569900567,0.3157807483380397
0.2464790941313008,0.2436878664463614
0.3168658448605753,0.27222440194296005
0.27285844233242373,0.25430341344267554
0.27536777390922496,0.2587242555025669
0.26787114582353133,0.25143539215632105
0.31307048085066347,0.2702294969634342
0.2766538063423356,0.25872978155514176
0.2954737931683448,0.2664662551599516
0.2916784291584329,0.2620398870474854
0.34067312819547696,0.2830499389371191
0.2665851133904207,0.2514298661037462
0.3318904676766727,0.277965970568244
0.3620651798877074,0.28880808572012756
0.31178444841755276,0.2669083393659407
0.31557981242746463,0.2722188758903852
0.25529312129481513,0.2483352766618222
0.3117844484175528,0.2702239709108593
0.2050751231140805,0.22489928769182316
0.2904864966594524,0.25917739181370575
0.20378909068096987,0.2248937616392483
0.23396380289200466,0.23993567674802863
0.22518114237320033,0.23264128734920786
0.18371443806656002,0.2019053829278132
0.2238951099400897,0.232635761296633
0.29547379316834477,0.2644768762330005
0.25278378971801385,0.24568277142588735
0.23267777045889404,0.23993015069545376
0.35698378344468495,0.28680765468802677
0.19622972930585614,0.21206779361298844
0.37708980270380477,0.29256027541846036
0.3984818543960353,0.3003078011284199
0.4021831184718171,0.30228612795022136
0.46874313854646965,0.3230751377368605
0.49763181832439385,0.32816463215831043
0.44368118942316737,0.3157862743906146
0.47881183149838463,0.32661733743734844
0.3770898027038048,0.2945496543454115
0.3406731281954769,0.28106056001016794
0.4989178507575045,0.3301595371378364
0.45870581223926477,0.32086471670691474
0.3368777641855651,0.2786235708246529
0.2715724098993131,0.2542978873901007
0.3532511527241931,0.2857079702256287
0.4072331482701295,0.30627041185669845
0.5780245287161633,0.35183271533645377
0.5491672155829491,0.34100165228971996
0.5227878673818261,0.337459452589232
0.5478811831498385,0.3409961262371451
0.43486716225965305,0.3133492852050995
0.5127191744299112,0.3319278739617929
0.44493585521156803,0.3177756533175657
0.5140052068630219,0.3319334000143678
0.5014271823343058,0.330380579240831
0.25406982215112456,0.24767767640541336
0.28920046422634177,0.2591718657611309
0.5617138734669552,0.34674874696757874
0.2527837897180139,0.2476721503528385
0.35453718515730376,0.2857134962782036
0.3519964869357925,0.2837185912986776
0.4185251403657351,0.30649145395969307
0.4335811298265424,0.3113543802255735
0.308020451052351,0.26668729726294615
0.33189046767667263,0.2759765916412929
0.38342586493522784,0.2965500853775123
