0.461041117572657,0.1769572823431471
0.4598893450441984,0.1763022822641986
0.4887401869687184,0.1847541245131738
0.41687806049985515,0.16109680661599082
0.5401742497579863,0.19172282443874444
0.31280869976893894,0.1118721622788558
0.3025982009737071,0.09549171558295824
0.29694532966838844,0.08804333563282099
0.3031917524607655,0.10067726899268829
0.4033323676344853,0.15892055115833742
0.3676980801435829,0.14354302228905919
0.4361260872944651,0.16545476225348338
0.42369683651189577,0.16275472452155865
0.3705386479745055,0.15774394669399192
0.3133951851668657,0.12184852673984736
0.39654892206810294,0.15774449116621048
0.35355883579115466,0.14201795560482422
0.32584563421683005,0.1363979133646695
0.32188155821397535,0.12537725118844673
0.5978900657852898,0.20806134677381155
0.5645169268165148,0.2015696045117146
0.5023070781014832,0.18545104895295272
0.5153157481928476,0.18954602450887245
0.4395390083450513,0.17307900673022109
0.5893754283816536,0.20453044443633783
0.5956077189957674,0.20509778448809537
0.642547749097307,0.21864588670295393
0.6125733990008551,0.20840872004926386
0.5769391115099525,0.20213476667459782
0.5435801047194408,0.19359689781508743
0.6623539969333174,0.22378733786297922
0.633489022830534,0.21298228668531302
0.5848601974265303,0.20252733114419205
0.5515011906360187,0.19655937115636643
0.523787989061694,0.19015528892146039
0.5571469958522057,0.1969072889040373
0.4802396817433456,0.1805273866803583
