0.1948495969386155,0.16673205828880255
0.7625544995451836,0.3595857670989883
0.3280323703773408,0.2368355612535298
0.6156645023681817,0.3261918313890839
0.6295285593300084,0.35051751482363613
0.7450205451522851,0.3573808721216174
0.45622784730717353,0.31003917971275585
0.2024716916031492,0.17094843640342397
0.25654778708321574,0.20324268765093031
0.33057306859885194,0.23684108730610465
0.2125090179103541,0.17780074159625558
0.27411310812082434,0.20633727709285427
0.19742166180483672,0.17072186824785454
0.21504971613186535,0.18952149910754254
0.1345315391612559,0.12294914373815355
0.5277437972460086,0.3228596216864408
0.10815219096013301,0.11122838622686658
0.2765910730529155,0.2118578036151436
0.40221448511652713,0.2733351385105078
0.24644772748659077,0.194832035631987
0.7939838775446191,0.36158619813108905
0.8592264985414511,0.36512287177900216
0.19240299865123425,0.15613308945021298
0.33941846240707635,0.24171506567713485
0.1860983030645212,0.15347505816170334
0.24767102663028137,0.19659484640336872
0.16605501709482137,0.15060703687534882
0.3343684326087639,0.23684661335867951
0.281641102851228,0.2158420875216207
0.26655374674571064,0.20522654052530656
0.3456604247043694,0.25674040262819064
0.3381324299739657,0.23949911859461434
0.23769643361249643,0.18975359331568684
0.3431510931275682,0.2430357922425274
0.14337693296948026,0.13246500627206967
0.4097738464916407,0.2883715275667133
0.4060098491264389,0.27577212769602294
0.6219691979548948,0.3425544730632568
0.24513032840877005,0.19017909936395133
0.373325805338603,0.27134023353098186
0.27154104325460304,0.20588414078171538
0.15347699256610522,0.1428650372179641
0.2854051002164299,0.21959980327252834
0.2929017283021235,0.23639347704754066
0.5717198331294502,0.32419692640955794
0.6194284997333837,0.34166477859870364
0.4385684263354349,0.28880255966755275
