0.1940772040898524,0.098498291173942
0.21104995018407163,0.10625266451091968
0.19973007539517101,0.10289762670004644
0.20933289052508108,0.10394246888749625
0.5322884942870669,0.21376523773562717
0.46667985669971235,0.19664430882246448
0.2919566707414447,0.14563434008061457
0.5809385179584654,0.21995316449975796
0.15165240494343596,0.086169262256478
0.4519823913058839,0.19268055107122187
0.17598094982370108,0.09388062228818805
0.19125783452632472,0.0979325845388402
0.16524049434359567,0.09104936675158617
0.17371273521244196,0.09183286227411888
0.31569873022378303,0.1535618555830998
0.5583129005589276,0.21834043778833204
0.45878703513966124,0.19616680668677222
0.511952289766183,0.21237247780050647
0.4553811801782067,0.19594792885490414
0.3875325923361197,0.17538756893698879
0.4480324474812925,0.19263753776595421
0.5356872831593897,0.21402712887276285
0.49158075479964103,0.20731814219545353
0.3897796086799839,0.17582205776741341
0.18785197956487024,0.09710389782216558
0.6018470756990127,0.22404705111124057
0.47573858296648563,0.20100117551551994
0.1946495573095159,0.09936999119588422
0.20933995661421273,0.10516263112932794
0.21333229697359404,0.11927807339594401
0.212187590534267,0.11073966006421505
0.22973268984814973,0.12415708894661505
0.2529235943782195,0.13265194450085782
0.26988927438330707,0.1377051911614736
0.25009715872556015,0.12498577566328967
0.26480875629765194,0.1368781378614547
0.28742024151892653,0.1434118044843821
0.36885691876117327,0.16915717333980893
0.3790391531998784,0.17412330444545232
0.3688498526720416,0.16780633776551868
0.34453543997003977,0.1617948200002069
0.4684039824478346,0.20087159112749853
0.4361543516509917,0.19063333552937126
0.4169275231237767,0.18749663107814757
0.4423866422651055,0.192202504463311
0.3620664071056592,0.16715297110322594
0.41692045703464503,0.18605867994888495
0.3711180672833007,0.17111727332668714
0.3909101829410476,0.17630119331976146
0.4022229916408166,0.18327098218976925
0.31908338691784255,0.1558263155401627
0.3767709385886193,0.1730338155360792
0.3626316942361911,0.16715297110322597
0.32303333074243396,0.1559128866229165
0.3371867072731255,0.16148991555780362
0.37168335441383255,0.17259823776121735
0.30268299404328686,0.1488565266701549
0.3139958027430558,0.15255948222869903
0.3909243151193109,0.18196479333740237
0.41694165530203997,0.1905467644466175
0.5176051610715018,0.21254670891045122
0.38130736781113755,0.17521279335482545
0.3897866747691156,0.17604039112706293
0.3089152846574006,0.1522986800360005
0.39148960224984275,0.18296662221958457
0.40562178051313935,0.18527518442635224
0.3909172490301792,0.1781747222238859
0.3026759279541552,0.1464167466587101
0.34793422884236264,0.16510575556137536
0.351884172666954,0.167065311076035
0.32643918570388847,0.16048754220340283
0.2828838122964083,0.1409714800007187
