0.0010038513141765039,0.017054081582424906
0.8909083889151653,0.43808618672401833
9.652416482466385e-06,0.00606207473655912
0.16729568247410737,0.1553648036167981
0.0638603874479976,0.07427461463606728
0.04160191503943012,0.05191195792518771
2.8957249447399156e-05,0.011749292884161742
0.006804953620138801,0.025766657453019863
0.12189071534058554,0.13111650467056166
0.10543334523798034,0.11595185175368514
0.0658101755774558,0.0901851943006653
0.6755243675254101,0.40130480384398387
0.17117595390005885,0.16218795082184462
0.772106446848969,0.4236674605548634
0.6407467109390838,0.39902158643852154
0.5692802193029027,0.3853752920284284
0.20501732608758597,0.18682246564761198
0.11413982490516503,0.1242895710353236
0.6021177401762532,0.39106251017603105
0.4610766305344544,0.3433080526010882
0.6127450507234488,0.39409544075940633
0.7354079593826317,0.4179802424072608
0.3992625553807397,0.3111082502527441
0.4900531848148185,0.35883998924653815
0.4137218752714743,0.3171589656987288
0.5827936023783556,0.3872685071241683
0.5702454609511494,0.38613257806672435
0.7151185799364873,0.41342895331710205
0.515168772502196,0.36869228060476855
0.7141533382882407,0.41305031029795414
0.47847028503585887,0.35353898697846653
0.5190490439281475,0.3705930685608914
0.6928987171938498,0.4084990212077954
0.41953262999391916,0.32549668498036727
0.6822810590631367,0.4073630921503515
0.1876043667532166,0.17506938633325886
0.3866758042876035,0.30238431509157476
0.23306724838563328,0.22584541520100257
0.433065317902337,0.3273974729364901
0.6813158174148901,0.40660580611205555
0.49972490613024995,0.3630126353175489
0.3963475256030348,0.30807153323917735
0.5335276686518472,0.37475814177151917
0.5103425642609628,0.3664204224898807
0.12863775446182954,0.1386855786233297
0.26011331936950416,0.2383482076932688
0.4697831102016391,0.3493739137678388
0.5943958069902802,0.3906838671568831
0.6030829818244998,0.3929557252717709
0.4958639395372633,0.36111942022180904
0.013571297574347739,0.02577044388321134
0.36833621297091734,0.29746195584265106
0.4552851806449746,0.34141483750534823
0.5798978774336156,0.3872685071241683
0.705466163454021,0.4115357382213622
0.4610766305344545,0.3433080526010881
0.560593044468683,0.38348207693268854
0.549956081505005,0.3800667168999738
0.48814200635129024,0.3584689190877732
0.5885947046843178,0.3876509365735078
0.5238752521693806,0.37210764063748336
0.36735166648970574,0.2913960946759005
0.19920657136514122,0.17924203240426953
0.5200142855763942,0.3709717115800394
0.5287014604106138,0.37362221271407525
0.5489908398567583,0.3800667168999738
0.21565428905126394,0.2103059056951696
0.5451298732637717,0.37930943086167784
0.512292352390421,0.36680663836941163
0.5460951149120183,0.3796880738808258
0.4736440767946256,0.3516457718827266
0.5267709771141205,0.3724862836566313
0.194380363123908,0.17848474636597353
0.4804007683323522,0.35467491603591045
0.6040482234727466,0.39333436829091895
0.39634752560303477,0.31110067739236114
0.16439995752936742,0.15309294550191022
0.17602146697425697,0.16446738179711545
0.5113271107421745,0.36642799535026366
0.5373886352448337,0.3751367847906671
0.3634906998967193,0.2876096644844206
0.4417717975695217,0.33876433637131237
0.41663690504917916,0.32436075592292335
0.45238945570023475,0.34103619448620026
0.568314977654656,0.38499664900928043
0.5915000820455403,0.3906838671568831
0.5702454609511493,0.38575393504757644
0.4050540052702195,0.3160306095016678
0.37702338780513706,0.29897652791924295
0.47750504338761224,0.35240305792102256
0.5480255982085117,0.37968807388082587
0.17695775137305625,0.17013566779376071
0.3934518006582948,0.3065569611625854
0.5596278028204363,0.38310343391354057
0.5055163560197297,0.36339127833669693
0.5055163560197298,0.36490585041328877
0.34320132045057483,0.2751068719921545
0.5171185606316543,0.3690784964842995
0.17697705620602117,0.17165781273073552
0.265904769258984,0.23872685071241684
0.2804220036486135,0.2516158590842139
0.673593884228917,0.4005475178056879
0.23111746025617505,0.21977955403425203
0.34418586693178643,0.28685237844612477
0.40119303867723294,0.31375875138678
0.5644347062287045,0.3838531470914535
0.48717676470304355,0.3584689190877732
0.5171185606316542,0.36983578252259547
0.2978156581500179,0.26714779572966396
0.4398220094400635,0.3361062623768936
0.5741064275441359,0.3865112210858724
0.014546191639076844,0.03637623484954619
0.3152093126514223,0.27169908481982263
0.578932635785369,0.38688986410502035
0.4900724896477835,0.3596048481452171
0.2253260103666952,0.2167504098810682
0.5393384233742919,0.3781735018042339
0.2707502823331821,0.2463072839557593
0.37800793428634866,0.29936274379877387
0.29393538672406644,0.2610819345629134
0.43210007625409036,0.32701882991734216
0.5557475313944849,0.3823385750148616
0.43598034768004185,0.3349779061798326
0.5451298732637717,0.37893078784252987
0.5441646316155251,0.37893078784252987
0.5393384233742918,0.3774162157659379
0.5354774567813053,0.3747657146319021
0.4668873852568992,0.34861662772954277
0.16243086456694433,0.14171850920670498
0.20983388191233673,0.19855661281100784
0.5074661441491878,0.3660493523311157
0.4842617349253387,0.35656813113165037
0.5161533189834077,0.36869985346515155
0.6021177401762532,0.39219843923347497
0.31422476617021083,0.2716915119594397
0.36737097132267066,0.2921609535745794
0.6803505757666434,0.4039553049780197
0.5441646316155251,0.3785521448233819
0.40117373384426797,0.3118579634306571
0.2929701450758198,0.2580527904097296
0.10247970579434562,0.09056005088962178
