0.28063679595254415,0.14728844668065233
0.48762374488591803,0.20723102664048115
0.19973714148430266,0.10629567781618728
0.21614460044799005,0.11631505558244642
0.3694363380699684,0.1788716466636648
0.4740639198422849,0.20322425558397095
0.6516135414532118,0.24129756441242464
0.3400131429257849,0.167065311076035
0.33208499092007543,0.163056906602869
0.339447855795253,0.16397270887451604
0.227457409147759,0.12123762891060366
0.20991937592300788,0.1121765222490405
0.4208915991266313,0.19228853107384622
0.3965771864246295,0.18453470220908713
0.5396584252513761,0.22108457776996157
0.3043859215240141,0.15264659778367135
0.3569929551091357,0.17407974666796613
0.2834561655160718,0.14789771109324032
0.3417160704065121,0.1692873022000489
0.3055235618742095,0.15595753334483986
0.26479462411938864,0.1399696511185365
0.24557486168130524,0.13347954227309528
0.4621858240119841,0.2023961133395149
0.39488132503303397,0.18270527555466745
0.5911207523971707,0.2301462289037433
0.4746292069728168,0.20527147112582153
0.45709823983719733,0.20187342000968073
0.5945054090912301,0.230929724426276
0.4497353749620198,0.19991223107836534
0.5611393362115867,0.22152015554482338
0.27159220186403427,0.14528478891628793
0.31570579631291473,0.16301443776982003
0.42032631199609954,0.1895879488697029
0.42145688625716327,0.1925498777387633
0.3982730478162252,0.18514451109389368
0.256308251072279,0.1349599622354069
0.2840285187357353,0.14807248667540363
0.578677369436338,0.22443961558083475
0.3943089718133704,0.1826176155274765
0.44974950714028306,0.20069736001755378
0.3846990905943288,0.18074463109557068
0.35302887910628106,0.17033323333193584
0.39262017651090647,0.18170344667248525
0.3994106881664205,0.18601621111583594
0.23650906932540047,0.12559395113144048
0.522120392026625,0.2169019421868509
0.4814055864500675,0.20553227331852006
0.5707492174306286,0.2235238133091878
0.48479730923325864,0.2067518910881332
0.5323096925544618,0.2207361155500721
0.488768451325245,0.21359155109790098
0.3892284537277153,0.18078873334527543
0.43276969495693224,0.19951966660877113
0.4729121473138263,0.20287415994742578
0.38187265494166944,0.18070107331808447
0.40562178051313935,0.18828067107289884
0.5243886066378841,0.21942883775326805
0.30948057178793253,0.15678513111707734
0.2947760403049724,0.14863928225494258
0.265932264469584,0.144717993336749
0.29816776308816356,0.15155765334651683
0.21955045540944448,0.12023634450064005
0.22860211558708599,0.12481045560890779
0.3156987302237831,0.15830965332909372
