0.040764268200479084,0.03319592669443838
0.15729821015962295,0.08677852666906596
0.07130390542746307,0.04103741558638841
0.08941429187187767,0.05380147780649566
0.0005864853979268093,0.008887420023836995
0.03340846941443319,0.0281862378113088
0.15617470198769084,0.08203127339529065
0.005695267840108534,0.02121590446908242
0.08942842405014095,0.06190431336336279
0.04699655881459289,0.03894664226705165
0.26026526098600195,0.13408880668568326
0.9445806629404818,0.30446777568397965
0.21501402618692628,0.11108812228410452
0.04247426177033797,0.03864173782464837
0.33945492188438464,0.1526482312003271
0.1092276057970195,0.07009426447520228
0.9016047088417969,0.3005029289882999
0.14485482719879028,0.08015720001894765
0.2930660467351135,0.1438468377870253
0.9033005702333925,0.3009385067631617
0.8354378502130422,0.2915278489372719
0.42541389617088643,0.185798422228405
0.9321443460687808,0.30342238902431123
0.8953865504059464,0.2983685978914769
0.5854749471809836,0.23219398891781243
0.17315451417104177,0.09553581783266299
0.8529688173486616,0.2948823422759266
0.07188332473625822,0.0477028444862115
0.23763964358646417,0.11980076672577818
0.28119501699394434,0.14240943112998128
0.4808261671412724,0.20457291326938692
0.37735035789741456,0.16833066451200857
0.4915807547996412,0.20487890665622735
0.13411437171868484,0.07858912002944506
0.4593452561810616,0.1950337599999129
0.7800185131535246,0.28142081114382184
0.37450979006649193,0.16658726446812414
0.6578670303347204,0.25393204224451044
0.816776308816359,0.28821691337610345
0.32417097109262943,0.1479859155926498
0.6227980299743501,0.2460464511028557
0.4044841401629441,0.17551769779722873
0.4791303057496768,0.20313550661234286
0.7873601797613071,0.2823785377762992
0.6346690597155191,0.2462206822128004
0.8405254343878289,0.2926167933744265
0.5141922400209157,0.21084632217183438
0.5215551048960931,0.21280751110314974
0.5939542541389615,0.23715957555123726
0.7771920775008653,0.28028830892918105
0.1109234671886151,0.07122676668984303
0.6765285717314037,0.25746076669310985
0.7981147674196758,0.2850802089248797
0.15503706163749548,0.08054976448854186
0.13581023311028045,0.07959094891162725
0.836003137343574,0.2918327533796752
0.6527723800708021,0.25205851334038604
0.6844425915588497,0.2593337511250157
0.6946177599084233,0.261555197776811
0.80546350011659,0.2858206911421448
0.8671080617010899,0.2967994289575372
0.8320461274298511,0.2914407333822996
0.6980165487807459,0.26355940001339395
0.19236014443086186,0.09614453777303238
0.8111234375110404,0.287868451156214
0.8167692427272273,0.28817281112639864
0.8314808402993191,0.2907873667200068
0.20481059348082617,0.10420381555241333
0.518163382112902,0.21176212444348133
0.34283251248931257,0.1570029200045082
0.6669045583340987,0.25711121552878324
0.2263127027084319,0.11740345554738242
0.21217345835600368,0.10572942670886687
0.5939542541389615,0.23768226888107147
0.8416560086488927,0.29270390892939885
0.6041294224885353,0.23898900220565697
0.7098946446110468,0.26582494891489405
0.7466524402738813,0.27301307114455137
0.3869531730273246,0.16954973780940313
0.7415577900099628,0.2730125266723328
0.5447318772478997,0.21925406217110477
0.8207333187300822,0.28926230003577186
0.7115905060026425,0.266042737802325
0.4497353749620199,0.18889211337436113
0.8196027444690184,0.2891751844807995
0.8292126256880601,0.2899592244755507
0.7121557931331745,0.2680028377892032
0.7144169416553018,0.26817706889914794
0.8082899357692495,0.28699675113427175
0.6499459444181427,0.25083889557077294
0.5860402343115155,0.23345716446491174
0.5515294549925452,0.22121525110242013
0.6380749146769736,0.2479205244791987
0.5266426890708801,0.21690194218685088
0.5996071254442802,0.23820496221090567
0.5554864649062684,0.22496121996623183
0.8048982129860581,0.2856900178096863
0.8071593615081856,0.28643050002695136
0.7245991760940068,0.2700070400257862
0.8258209029048689,0.28956720447817513
0.4553882462673384,0.1944675088925925
0.7619222588873732,0.2779792022501948
0.5916931056168342,0.23450255112458013
0.8065940743776537,0.2862562689170066
0.4966683389744279,0.20993160884462453
0.7822796616756519,0.2822048511385731
0.7036764861751965,0.2654764866950046
0.7641834074095007,0.2791988200198079
0.7166780901774292,0.26904822444887166
0.782279661675652,0.28181283114119743
0.6154492972774358,0.2442605822259222
0.7262879713964708,0.27039851555094324
0.5322955603761986,0.2179037710690331
0.6109128680549175,0.2396859266454359
0.8552370319599207,0.29488288674814517
0.45088008140134694,0.1926827289600962
0.3462242352725038,0.16270898885519816
0.7545664601013273,0.2767590400083631
0.6465542216349516,0.24826898669908817
0.7800185131535244,0.28150792669879415
0.687834314342041,0.2603355800071979
0.5243815405487525,0.216205017747072
0.8744567943980041,0.29732212228737137
0.5532253163841409,0.22465631552382856
0.8478812331738749,0.2930529156215069
0.7494788759265406,0.274581151134054
0.7879325329809705,0.28307600668829674
0.3366214201425936,0.15134095340352305
0.8501353156068706,0.29340083336917777
0.8473159460433429,0.2927915689565898
0.7590887571455823,0.2776301955580867
0.5815038050889973,0.23005856887655238
0.6216603896241546,0.24543609774583058
0.11489460928060147,0.07628055782267737
0.5848955278721885,0.2314959755335964
0.2574388253333427,0.12603061785073943
0.4616205368814524,0.1979532200359243
0.8173415959468909,0.2888702800383962
0.7986871206393394,0.2852985422845292
0.7777573646313971,0.2810287911464462
0.722330961482748,0.26926601333630257
0.40957879042686257,0.18453470220908713
0.561718755520382,0.22962299110169054
0.7918895428946937,0.28307600668829674
0.5464418708177585,0.2207361155500721
0.6657881162512982,0.2558926867036073
