0.5022858798340882,0.18170344667248525
0.49494421322630566,0.1815733178122453
0.48984249687325554,0.17926366666104046
0.4316108563393418,0.16345164896133757
0.6267338416206782,0.21921322675471144
0.31280869976893894,0.11361447337830309
0.3671257269239194,0.14297622670952026
0.43614728556186005,0.16915880675646466
0.36318991527759137,0.14289074457120363
0.3761773871015609,0.1461564889382302
0.32130920499431176,0.1296018111323879
0.40784759858960873,0.15861510224371556
0.4564905561718756,0.16968095561408025
0.3507324001384953,0.14062410672526637
0.5565887748108054,0.19464282894697438
0.5729750355070979,0.19751709778884385
0.6221832802198966,0.20745044894456782
0.6159651217840462,0.20684064005976127
0.5967312271676996,0.20361627558134662
0.5271797118448851,0.19128779113610117
0.5786349729015483,0.20248322889448728
0.5316949428000084,0.19189705554868913
0.46441870817758496,0.17412493786210806
0.5571540619413373,0.19638514004642169
0.5136128207121204,0.1901552889214604
0.5667780753386422,0.19642978676834505
0.47403565548575827,0.17922174230020999
0.5775185308187477,0.19795430898036143
0.3326290797832124,0.13365377338304
0.3959695027593078,0.15386676002550306
0.3179174822111206,0.12106448674509607
0.382967898757075,0.15007723338420517
0.30547409925028796,0.11191680900077913
0.5102140318397976,0.18370819338128683
0.31735219508058876,0.11932217564564877
0.462729912875121,0.1710764379102938
0.26812981818952664,0.08686836458513122
0.2935748051525922,0.10202701562254135
