0.4491374182034503,0.47391329248038483
0.17311124330755503,0.3522707748697096
0.3277810826888757,0.4278678197125021
0.4973230220107079,0.5220777733234064
0.1356335514574658,0.2776473283317107
0.4128494943486021,0.4704197926808315
0.4610350981558596,0.4830765706431475
0.47352766210588937,0.49344252906477293
0.34027364663890547,0.4347975488230914
0.4003569303985723,0.4497451463260981
0.37656157049375377,0.4382910486226447
0.2082093991671624,0.3991753049653513
0.15942891136228435,0.32117289960483364
0.09875074360499701,0.2317163965408625
0.074360499702558,0.15606208120955273
0.12314098750743604,0.2409369451921425
0.06186793575252825,0.14798694232861806
0.07495538370017847,0.19735410343050228
0.049970255800118976,0.13195120554378328
0.3045806067816776,0.41876181203825663
0.24509220701963114,0.40730771433480323
0.6168947055324211,0.5370253708264131
0.14812611540749554,0.3063398430788614
