0.4686730823061554,0.2629865089492277
0.31800851343133757,0.21069969443508355
0.3556529377129565,0.22622405822015063
0.3199196918948659,0.2148571947853283
0.2754992712425556,0.203868974369654
0.3691759732048919,0.22660648766949007
0.3276705823302864,0.2160044831333467
0.39042094188280035,0.23456177750178908
0.33440796903504794,0.21826876838785159
0.5720504628333704,0.30467510535742004
0.41849016901381264,0.2614757233028273
0.4165403808843544,0.25124478892544894
0.4107199737454272,0.2512334296348745
0.3962510014382101,0.24934400096932607
0.5440391502012528,0.28194895134815834
0.5314717039410817,0.27891223433459167
0.3663092055095993,0.2262392039409165
0.3943012133087519,0.24441406886001946
0.3720523933166669,0.23227856009632677
0.39040163704983544,0.2341755616222581
0.2754317043271783,0.15499751988822458
0.27156108531770934,0.14287715684529778
0.2638488045482187,0.1425023002563413
0.4686923871391203,0.2785184455946778
