0.008894802229072147,0.017189430566297743
0.0015618931136215262,0.013054718428560529
0.9332765873048666,0.25213057537801065
0.0007878332107508932,0.010673136207743968
0.07991273232127069,0.0595840512035846
0.808677734896879,0.24230592853394764
0.79942482666292,0.24020014079536717
0.7434914233611826,0.234201886443709
0.6860154095768562,0.2279610715537051
0.011985532517402576,0.02191951857088371
0.7704926161296451,0.23727815259593732
0.7269028513501972,0.2326691873536812
0.7712639213709397,0.23731122903298446
0.7195754515578986,0.23237149942025678
0.7053035499323729,0.23054119115022612
0.8318224014588685,0.24440092705377708
0.7473479495676555,0.23518315407610788
0.6952710724723914,0.22924002711952834
0.6813848234675127,0.22724433666426191
0.20378159941160426,0.11019312622811042
0.8082920822762317,0.24157824691891028
0.8005790298632859,0.24069620859765287
0.09920638199993945,0.066839131409613
0.7816792967899926,0.23838077925093065
0.8260403668107352,0.24280231134991961
0.02896526647218756,0.03024407024143673
0.7002873112023822,0.22984650721881436
0.6914173009274944,0.2285013987788968
0.6844700444326911,0.22781766157307923
0.160178061324276,0.09411726904240013
0.6863983075359276,0.2279940692373307
0.709542974097917,0.231070335389559
0.8291228331143375,0.2438496531029912
0.6964307849959093,0.22929523326802848
0.15555022987650854,0.09313600141000125
0.6813848234675128,0.22720023474819903
0.22538916481415674,0.1189366461012607
0.7164902305927203,0.2319415057386438
0.7087716688566225,0.23073957101908749
0.6821588833703833,0.2274649249979978
0.704146592070431,0.23028760513286461
0.824497756328146,0.2424825724584638
0.7056864478914443,0.23057418883385172
0.6945025218926728,0.229118825603777
0.7145619674894839,0.23120279864459073
0.03591252296699089,0.03293444462811492
0.5278565151878267,0.20089233926879504
0.6829274339501019,0.22758612651374915
0.6806135182262183,0.2271781837901676
0.2408207789632005,0.12331391877734371
0.6898719357833291,0.2283249123612238
0.6756000341578036,0.22638434930103593
0.6752143815371561,0.22626306903186302
0.6929599114100836,0.22888729054444693
0.6678842270832817,0.22532582456210548
0.8048239633519821,0.24112628103268743
0.5266995573258848,0.20057260037733923
0.679070907743629,0.22708997995804187
0.00040218059010360284,0.01056288141758679
0.6825417813294548,0.22749792268162342
0.7018299216849714,0.23007804227814443
0.6875580200594454,0.22819260661303517
0.652455367595814,0.22297731877833607
0.5637332275543289,0.20760717100305331
0.6551549359403451,0.2234183379389648
0.5313273887736523,0.20141053678253376
0.7149448654485552,0.23137912755542067
0.6698152448480942,0.22551333645879423
0.6925742587894362,0.2287990867123212
0.6034664661273039,0.2146968690238459
0.2481536880786511,0.12588301289484902
0.6674985744626344,0.22531479908308977
0.2030102941703097,0.10934416434390015
0.5058688064877791,0.19610712386913048
0.5641188801749761,0.20791588441549338
0.5733745430705111,0.20922791641836377
0.7072318130356092,0.23071759881447762
0.2068723296999347,0.11270709295053713
0.6192782235738429,0.21759657000497967
0.7157189253514258,0.2318753528645495
0.6910316483068472,0.22841319494677106
0.6613281325322777,0.22449891363592667
0.6053947292305404,0.21535839776478896
0.10114015442632798,0.0710179454634131
0.18294258458877036,0.10207797990543446
0.7184184936959568,0.23200765861273812
0.5471446555433432,0.20440962458165207
0.6501386972103541,0.22263545017542727
0.6370237534467703,0.2205405304090194
0.6663416166006925,0.22529274812505834
0.544059434578165,0.20420014048035345
0.6721264059104018,0.22616376096730004
0.31181391710121453,0.14459403831873738
0.22732293724054528,0.11998422411459696
0.6497557992512829,0.2225032231806602
0.17136749664619952,0.09893556087911184
0.5830213679098455,0.21141111877031898
0.20957189804446574,0.11315913759018155
0.6370237534467704,0.22051847945098796
0.6597827673881125,0.2241790959910493
0.49468488048900766,0.1934940853424054
0.676371339399098,0.22645050217513024
0.5726032378292166,0.20904048327509656
0.5699036694846855,0.20886407561084508
0.5872635467369657,0.21203957107421487
0.6281537431718826,0.21928362580122757
0.624682869586057,0.21886465759863027
0.23387076780682112,0.12011629360252093
0.12004264216119731,0.07360909053894983
0.6705865500893886,0.2257448715181243
0.6374094060674177,0.2206618106781923
0.5490729186465797,0.20479551634720222
0.03591252296699089,0.03309982681335069
0.08608868357477945,0.06435824112423344
0.1254472881734115,0.08142631266793676
0.6702008974687415,0.22560154029091997
0.5467590029226961,0.20437654814460493
0.6983590480991457,0.2296149721594843
0.33149321940053056,0.15275320780405466
0.7022155743056185,0.23016624611027017
0.6559262411816396,0.223682949435342
0.6358667955848284,0.22050745397197222
0.6474418835273992,0.22233784099542445
0.6563118938022869,0.2238042297045149
0.18949867913977422,0.10247489715000031
0.46999209412127685,0.18819051492215907
0.265127912710284,0.1281764700369614
0.6628679883532909,0.22477447185789806
0.41366477421416403,0.17440803612513964
0.2878924359747783,0.13621435925310577
0.16789111373722182,0.09434880410173019
0.06679227923453465,0.04994754628358272
0.6509127571132248,0.22288911494621033
0.5239999889813538,0.20002132642655335
0.15786414560039227,0.09331240907425273
0.44144278154707306,0.18146465770888512
0.1293093237030365,0.08483334319063661
0.6505271044925776,0.222745783719006
0.04016572044041529,0.039969015253828975
0.5803217995653144,0.21039677470087295
0.7037581847882077,0.23025444994239594
0.6030808135066567,0.21468584354483022
0.7920891628858934,0.23917453498664074
0.5672041011401546,0.20832382713907494
0.3172185631134287,0.15086769338552383
0.6377950586880649,0.22082719286342803
0.7828334999903583,0.23850198076668197
0.5116535957974884,0.19701121314841935
0.5502298765085217,0.20502705140653227
0.6786852551229817,0.22677024106658605
0.5980673294382419,0.21364944851735274
0.5124249010387829,0.1973530029979066
0.4410571289264258,0.1813433774397122
0.1949033251519884,0.10609141177399879
0.5116535957974884,0.19716556985463943
0.657854504284876,0.22400268832679782
0.6790709077436291,0.22695767420985324
0.19489781582883633,0.10494460444952108
0.6574688516642289,0.22382628066254634
0.3160560959283347,0.1466668283736923
0.5695180168640382,0.20865459150954646
0.5510011817498162,0.205115255238658
0.5953622517705588,0.21355006169936816
0.16828227568102122,0.09819685378505875
0.6239115643447624,0.21853389322815875
0.5193721575335863,0.19940389960167318
0.6374094060674175,0.22063975972016084
0.5340269571181834,0.201597969925801
0.5463733503020487,0.20423321691740062
0.627382437930588,0.2189969633468189
0.6748287289165088,0.2262520435528473
0.5884205045989076,0.21222700421748206
0.5776222312207835,0.21027549443170004
0.07103445806165484,0.05214161660771054
0.4719203572245133,0.18820154040117473
0.36004253197473435,0.1610887849536234
0.5131962062800776,0.1977940221585353
0.5826357152891982,0.21083779386150167
0.12236206720823317,0.07933147165495041
0.036303684910790286,0.036484806378019104
0.6860126549152803,0.22790586540520497
0.5355695676007726,0.20180745402709963
0.6536123254577558,0.22333013410683905
0.3882061919282907,0.16918180156484633
0.5999955925414783,0.2137597033075099
0.3743171882618362,0.16425325493797746
0.6771426446403926,0.22671511367150746
0.680227865605571,0.2271120309160733
0.5830213679098455,0.21135599137524036
0.6732861184339197,0.22621896711580017
0.5999955925414783,0.2141896969891229
0.5490729186465798,0.20477346538917077
0.30293564284159863,0.14357945798902672
0.4283250831219131,0.1785096718258297
0.6304676588957664,0.2199231035841392
0.6227490971596685,0.21798246177052977
0.668272634365505,0.2254251326266685
0.6474418835273992,0.22208425497806294
0.6204351814357847,0.2176847738371054
0.5598767013478559,0.2067361581608116
0.06138763322232048,0.047830496805721844
0.3963048969618838,0.16969999907858507
0.6601684200087599,0.2243003762602222
0.4510840970632553,0.18397846692446873
0.6647990061181033,0.22507223854474398
0.2759316954115602,0.1353652398620524
0.6343241851022392,0.22028694439165786
0.4912084975800299,0.1933285456503266
0.5178295470509972,0.19940389960167318
0.8040499034491115,0.24110415132123442
0.5857209362543765,0.21196239272110484
0.6381807113087122,0.22095949861161668
0.6632536409739381,0.2249178030851024
0.630082006275119,0.21977977235693485
0.46921527955683,0.18751780319535719
0.2882780885954257,0.1363466650012944
0.004264216119728611,0.01385965715012946
0.522843031119412,0.19964646014001897
0.4541748273515859,0.18529065643418222
0.5675897537608019,0.2084892093243107
0.6532266728371084,0.22320885383766614
0.640494627032596,0.22130128846110392
0.5259282520845903,0.20002132642655335
0.432181609328386,0.17871915592712834
0.6451279678035154,0.22201810210396863
0.565275838036918,0.20797101181057198
0.5938196412879695,0.21299878774858227
0.2794025689973858,0.1359936921659483
0.6979733954784983,0.22952676832735855
0.44915583396001885,0.18363667707498146
0.2894350464573675,0.13938969720963243
0.6582401569055234,0.22412396859597072
0.611565171160897,0.21631761443915642
0.4144415887786106,0.17480511087654851
0.6431941953771269,0.2217423076217326
0.2967679555728181,0.14223442830253072
0.5641188801749762,0.20775050223025762
0.5853352836337292,0.21177495957783768
0.5382746452684557,0.20332912763811178
0.5413598662336341,0.20367091748759902
0.483495445167084,0.1904729465852557
0.5814787574272563,0.21078266646642305
0.5930483360466751,0.21270109981515795
0.5668184485195072,0.20823562330694922
0.6123364764021916,0.21696811770108376
0.5934339886673223,0.21278930364728366
0.5618049644510925,0.20707794801029886
0.8001933772426385,0.24055287737044853
0.6389520165500068,0.22106975340177382
0.6165786552293118,0.21721067823942955
0.28866925053922504,0.13876140241257962
0.40055258511215613,0.17326138630750498
0.5714462799672747,0.2089963813590337
0.5633475749336816,0.2076071710030533
0.6482131887686938,0.22241501934853447
0.6466705782861045,0.22205117854101578
0.44375669727095685,0.18254515465242543
0.6555405885609922,0.22353961820813767
0.3237719030028565,0.15260964031658567
0.4738486203277497,0.1900979227918782
0.33496133832478014,0.1548148936265723
0.46073092190258963,0.18637115337772253
0.35695731100955597,0.1596003452865015
0.5749171535531002,0.20932714572950523
0.6358667955848284,0.22040822466083076
0.36466760876092563,0.16290791023779527
0.4846468937058738,0.190847655364947
0.562576269692387,0.2074748652548647
0.3777880618476618,0.1653999047556121
0.028191206569316927,0.025227398535863636
0.5656614906575653,0.20802613920565058
0.611565171160897,0.2166924807256908
0.608865602816366,0.21608607937982635
0.5128105536594303,0.19758453805723666
0.710702686621435,0.23112554153805917
0.5371121780833616,0.20213821839757112
0.5891918098402021,0.2122490551755135
0.3708463146760105,0.16408787275274167
0.6065516870924823,0.21544660159691473
0.5062544591084264,0.19657019398779066
0.5660471432782126,0.2082356233069492
0.463816142867768,0.18674601966425694
0.4869663187529097,0.1928985519687136
0.5911200729434385,0.2126349469410636
0.26628487057222583,0.1325535852062013
0.49661314359224396,0.19440920010070997
0.5062544591084263,0.19619532770125628
0.6077086449544242,0.2157442895303391
0.5012409750400115,0.19572123210358042
0.6235204024009631,0.21807066560265553
0.6335528798609447,0.21997823097921776
0.5934339886673222,0.21296571131153513
0.6358667955848284,0.22043027561886222
0.34499657044633786,0.1579243149692693
0.24969354389966422,0.12684215081579492
0.4406714763057784,0.1808913328000678
0.6586258095261707,0.22412396859597072
0.14666920095531663,0.08979496625455265
0.4468419182361351,0.18329488722549422
0.669815244848094,0.22548026002174706
0.6050090766098932,0.21532532132774182
0.6281537431718826,0.2190631162209132
0.4966076342690919,0.19397904891225393
0.6647962514565273,0.22495087952214954
0.5533150974736999,0.20550114700420813
0.5845639783924347,0.2116095773926019
0.3824214026185813,0.1674618268383944
0.4325672619490333,0.1788404361963012
0.07721040931516361,0.053751494050848406
0.537497830704009,0.202457957289027
0.5043261960051899,0.19582046141472184
0.4159841992611997,0.17648098368693763
0.4418284341677204,0.18213721192884388
0.09342159269023009,0.06682810593059729
0.5807074521859619,0.2104298511379201
0.6011525504034201,0.2144322575274687
0.11734031915509023,0.07323414549899389
0.4642017954884154,0.18680114705933554
0.24121194090699985,0.125453019213236
0.5517724869911107,0.20534679029798805
0.6100225606783078,0.2161081303378578
0.5753028061737476,0.20952560435178816
0.6289250484131772,0.21934977867532188
0.4522465642483492,0.18412195565851613
0.33342148250376696,0.15315012504862047
0.6551549359403449,0.22352859272912196
0.6466705782861046,0.22205117854101578
0.6617110304913489,0.22469729350478804
0.4850325463265211,0.19191712682947157
0.3006299911024431,0.14268663044901822
0.6026951608860094,0.21454251231762586
0.6756000341578035,0.22635127286398876
0.21496828007195173,0.11345674677018437
0.4854237082703206,0.19279932265757216
0.500469669798717,0.19502662692559017
0.11618887061630045,0.07309097177863264
0.6435853573209263,0.22179759252365427
0.46574991529415644,0.18750693522318454
0.581093104806609,0.21048497853299866
0.2554865971941017,0.1281764700369614
0.6208263433795841,0.21796056831934144
0.3141278328250983,0.14507915939542895
0.4603452692819425,0.18579782846890525
0.6354811429641811,0.22032002082870503
0.2940683872282871,0.14067983576131451
0.5143531641420195,0.19821299036113257
0.4537891747309384,0.18435349071784624
0.38241589329542924,0.16607245897557085
0.5567859710595257,0.2065375420316856
0.4364237881555062,0.1789176145494112
0.22153263860768385,0.117128467542683
0.5367265254627144,0.20202796360741399
0.5432881293368703,0.20406783473216483
0.7010586164436766,0.22991266009290867
0.6208263433795842,0.21774005873902708
0.6412659322738906,0.22151077256240254
0.2354271515972905,0.12322587245206103
0.5895774624608494,0.212502641192875
0.4846524030290258,0.19093601670391583
0.5945909465292641,0.21323032280791238
0.6856297569562091,0.22787286772157936
0.6605540726294071,0.22444370748742654
0.516286936568408,0.19855493771746294
0.7886182893000677,0.23855710816176054
0.38434691106024177,0.16816737874197876
0.2655108106693552,0.1309548119955007
0.5922770308053804,0.21264597242007932
0.5475303081639905,0.20467423607802926
0.059073717498436734,0.046783076299228676
0.19606854699865847,0.10853930437575277
0.046727324314571335,0.04322168907030878
0.43681495009930554,0.18065979774073773
0.21998176414036652,0.11351187416526297
0.6401089744119486,0.22125718654504103
0.6073229923337768,0.21570018761427623
0.6705865500893887,0.22561256576993569
0.30332955944697415,0.14376712739255856
0.5081827222116628,0.19683480548416787
0.1049966806328009,0.0718228054315605
0.6717435079513305,0.2259984575354858
0.4364292974786583,0.180571593908612
0.34036047501384215,0.15634743520975705
0.39784750744447295,0.1697882029107108
0.4194550728470254,0.17779301568980804
0.23465033703284385,0.12242085497707057
0.307186085653447,0.1444948090075959
0.6296963536544717,0.21963644112973052
0.6335528798609448,0.220165664122485
0.6046234239892457,0.2152591684536475
0.616964307849959,0.21744221329875962
0.2720751692050873,0.13301681283170455
0.3530952754799309,0.1585417417941495
0.1810088121623818,0.10118475859831827
0.49776459213103386,0.19470673052729126
