0.3983877544619053,0.2803974337011843
0.20372635739154984,0.19592619404181014
0.25268968978388384,0.21803593039384178
0.20127975910416865,0.19438995142599788
0.2075217214014617,0.20565757262614598
0.4135064772121327,0.29234475936804066
0.07684827953953766,0.1187548698338316
0.14591763119099152,0.14131221644442726
0.4913584893823908,0.31556523228762
0.31423104670493396,0.24921391902122558
0.5076691446315987,0.32462795851039733
0.35074182114739194,0.2695718967070253
0.28035507041811736,0.22600449820679597
0.4599918446723754,0.2974397798420655
0.6018945453404849,0.34808052563812103
0.4561964806624635,0.2945607064505612
0.4875944920171889,0.30760771657981556
0.4423637903453468,0.2941130961919972
0.3846177974342085,0.2792977492387863
0.3833944982905179,0.2739982648194915
0.3431510931275682,0.26911876039588645
0.6433298830024153,0.34808605169069584
0.37956776763589595,0.271334707478407
0.24017439854458766,0.21759937224042752
0.5390985226310342,0.3297229789844221
0.46118377717135595,0.3060493697537039
0.37963050092531603,0.2715668016865513
0.2778143721966061,0.22135708799133516
0.18490637056554057,0.19305264670288078
0.13453153916125593,0.11941247009024045
0.33314513346507324,0.2587353076077166
0.37583513691540427,0.27045606511900355
0.6495718452997084,0.36156409392078964
0.2791317712744268,0.2246837716414034
0.5992911138295537,0.3323699581677821
0.26150371694739816,0.22003083537336776
0.45996047802766543,0.29699216958350144
0.40723314827012963,0.2837241173512526
0.17857030833411752,0.173589889534209
0.44236379034534673,0.29367101198600815
0.28662839936012047,0.23263576129663296
0.28797716508265114,0.24812528666397732
0.3193124431479565,0.25055122374434274
0.20498102317995046,0.19835765717475035
0.15720962328659704,0.16430059515586232
0.281609736206518,0.22932012975171448
0.14845832941250275,0.1428650372179641
0.2338697029578746,0.21074154099502104
