0.3749867279273366,0.25349771488937944
0.38078783023329893,0.25842386056849465
0.4030076929759366,0.26600429381183716
0.3537224544164632,0.2443989231392535
0.31218810629241034,0.20803783401047324
0.3266763834325923,0.2167504098810682
0.3469850677117016,0.22812484617627343
0.4629202420826054,0.29215716714438794
0.4213858939585525,0.2679126546283429
0.41460024517137867,0.26790129533776846
0.47548768834277666,0.29216474000477083
0.4773892143898225,0.2929106667524924
0.5305354195422824,0.3077004630804124
0.5295701778940358,0.3061858910038205
0.4870898929547013,0.2997451732481134
0.4803042441675274,0.29746195584265106
0.5121861758091139,0.30201703136300123
0.421395546375035,0.2739747293649021
0.5257092113010493,0.30467131892722854
0.43202285692223047,0.2879883075035687
0.5170220364668294,0.3035353898697847
0.44939720659067,0.2898815225993086
0.491906448779452,0.3004986728562178
0.4851497572417255,0.2986054577604779
0.3160490728853969,0.2084164770296212
0.2928736209109951,0.204247617388802
0.3305470024420615,0.2228124846176273
0.31701431453364354,0.21258155024024897
0.3025356898099439,0.20652326193388135
0.3189544502466193,0.21447855176618033
0.2861265817897511,0.2019795457041056
0.2638777617976661,0.1834071056148973
0.33052769760909645,0.2175039094891727
0.5932857790947964,0.30997610762549177
0.6067895097537668,0.3122441793101881
0.5971274408548181,0.31224039287999655
0.3266667310161099,0.2152320513742848
0.2870725186050328,0.20310790190116657
0.21651335411820347,0.13188514999943202
0.26389706663063095,0.19515261206886755
0.26000714278819703,0.17658774484004222
0.24937017982451903,0.1727937417881795
0.2542349977316821,0.17280888750894538
0.2320151349890445,0.16447116822730695
0.21655196378413333,0.1595412361180003
