0.4887401869687184,0.1847541245131738
0.4033323676344853,0.15892055115833742
0.3705386479745055,0.15774394669399192
0.39654892206810294,0.15774449116621048
0.32584563421683005,0.1363979133646695
0.5978900657852898,0.20806134677381155
0.5645169268165148,0.2015696045117146
0.5023070781014832,0.18545104895295272
0.5153157481928476,0.18954602450887245
0.4395390083450513,0.17307900673022109
0.5956077189957674,0.20509778448809537
0.642547749097307,0.21864588670295393
0.6125733990008551,0.20840872004926386
0.5769391115099525,0.20213476667459782
0.5435801047194408,0.19359689781508743
0.6623539969333174,0.22378733786297922
0.5848601974265303,0.20252733114419205
0.5515011906360187,0.19655937115636643
0.29245129698066014,0.11583537555787984
0.25739642879855285,0.11082568667475026
0.6086375873545269,0.20806189124603014
0.4180510312957087,0.1651073889780311
0.5854466828244571,0.2047068534351569
0.4536782526974795,0.17904696671804668
0.3586393538768098,0.1449357822241799
0.4372566615555289,0.168939384452378
0.3252874131754298,0.1341770111850928
0.35639233753294564,0.14319456006916978
0.24778654757951116,0.10455336671673997
0.2720868281032497,0.11544226661606705
0.3066046735113517,0.12293692670478336
0.2986765215056423,0.12062727555357851
0.3354484493467401,0.1379654488819535
0.24212661018506088,0.10080685338070967
0.3654157333540606,0.14571927774671262
0.3145186933387978,0.13204050219939553
0.4785438203517499,0.18392489332428058
0.5543417584669412,0.2005677756295324
0.546993025770027,0.1964733445458312
0.5645098607273832,0.2012641555970927
0.5130404674924569,0.1860167555880545
0.5543346923778096,0.20030588449239672
0.5085111043590703,0.1860162111158359
0.6318214257954649,0.2138120623464248
0.6193639106563689,0.2096724400685817
0.346761258046509,0.13848868668400632
0.41124638746193143,0.16179536447242548
0.43048028207827815,0.16715406004766312
0.34789889839670435,0.14079779336299256
0.35299354866062277,0.1425842067121446
0.5204033323676345,0.19324843559519797
0.36883572049377833,0.1467668422952553
