0.4576211304329393,0.1736011555878367
0.47006451339377187,0.17843661336102157
0.4615710742575307,0.1744282088878556
0.5170257417627065,0.19538385563645808
0.480833233230404,0.18754236674450805
0.5170257417627067,0.19791020673065668
0.5351149299397263,0.19917338227775597
0.494414256541432,0.19455625786422062
0.49045018053857736,0.18815272010153317
0.5458695175980949,0.20305111341846338
0.4723468601832944,0.1847541245131738
0.385236113368334,0.15635009781443407
0.40390472085414886,0.16253639116190918
0.3484783177054995,0.1513834222365721
0.29982829403410094,0.1343496088783818
0.33942665752785806,0.1476369089005418
0.3778873806714198,0.15569673115214136
0.41634103772584985,0.16719707335293074
0.347905964485836,0.149117873335072
0.3445213077917764,0.14898774447483204
0.37448859179909694,0.153605413360586
0.37222744327696944,0.15277781558834855
0.3858084665879975,0.15870276227090652
0.33604200083379854,0.13870810898809294
0.36941513980257346,0.15199486453803437
0.33431787508567634,0.13739919777463316
0.40276001441482184,0.1608365488955109
0.33658608969693543,0.14258311776770746
0.6459394718804983,0.2045767245749169
0.2766161912366362,0.10995453112502661
0.46837571809130796,0.17830648450078157
0.4129563810317903,0.16619578894296708
0.4106811003313996,0.16379902223678988
0.6221903463090283,0.20453262232521216
0.4627016485185944,0.17490734444020362
0.4661004373909172,0.17625818001449384
0.44913475738582964,0.17351349556064577
0.42029098155044126,0.16819835776289432
0.43330671773093743,0.17177118446119846
0.47174624260710424,0.1787404288589877
0.46665865843231746,0.17826129330663967
0.2743550427145088,0.10586010004132543
0.2856749175034094,0.1154003422552366
0.2607740194034807,0.09335792895835385
0.27266624741204487,0.099893228997937
0.26418694045406693,0.09967544011050608
