0.1724224459709545,0.2074314355026774
0.24776512656441144,0.24369339249893626
0.16109908723063893,0.19991047794828723
0.2766538063423356,0.25872978155514176
0.39848185439603523,0.2996446748194363
0.2967598256014555,0.26647178121252646
0.32185314136946774,0.2753134653323092
0.395972522819234,0.298760506407458
0.20131112574887866,0.22246782455888287
0.3382265299080958,0.27996640160034486
0.38342586493522784,0.2965500853775123
0.15862112229854772,0.19416890932300332
0.23270913710360405,0.23728317151209377
0.3582698158777956,0.2861500544316179
0.26787114582353133,0.25143539215632105
0.39973652018443584,0.3016340537463874
0.40851918070324017,0.3062759379092733
0.5768012295724727,0.3525013676980124
0.1585897556538377,0.18930045700454795
0.5189925033719143,0.3372328844336625
0.3997365201844359,0.30229718005537104
0.4750792007778929,0.32507556876896126
0.35453718515730376,0.2857134962782036
0.27536777390922496,0.2587242555025669
0.42862519996236004,0.3120285586397069
0.4072645149148395,0.3042865589823222
0.25529312129481513,0.2483352766618222
0.23396380289200466,0.23993567674802863
0.31683447821586525,0.2742082548173363
0.3318904676766727,0.277965970568244
0.3783758351369155,0.29389205408900265
0.34067312819547696,0.2830499389371191
0.4059784824817289,0.30428103292974734
0.3205671089363571,0.27530793927973435
0.3181205106489759,0.27421378086991116
0.3620338132429974,0.2907919385945038
0.2464790941313008,0.2436878664463614
0.28794579843794116,0.2591718657611308
0.29293309494683356,0.26203988704748543
0.3984818543960353,0.3003078011284199
0.33694049747498517,0.27996087554777
0.29296446159154355,0.26204541310006024
0.2628211160252188,0.2489984029708059
0.5102098428531101,0.3365697581246788
0.5466265173614379,0.34740634722398755
0.42859383331765,0.30959156945419186
0.4699978043348703,0.3241803482518333
0.5252658323139174,0.3396643475666028
0.2540070888617045,0.24832975060924734
0.21260311784448419,0.22954117185470904
0.2703177441109125,0.2516453821541658
0.2226404441516891,0.23086742447267647
0.2715724098993131,0.25230850846314956
0.17866440826824753,0.21206779361298847
0.1987704275273674,0.2198097932703732
0.24400112919920955,0.24126192936599603
0.17995044070135816,0.21207331966556334
0.17486904425833572,0.2076414255005222
0.7777045889401212,0.39541116594183284
0.6684545654151376,0.3748376722056134
0.45368714908566227,0.31909637988295825
0.5277751638907187,0.34342206331751046
0.5454032182177473,0.34564353645260587
0.4235438035193375,0.30936500129862243
0.30930648348546164,0.266692823315521
0.22518114237320033,0.23264128734920786
0.24271509676609893,0.24125640331342116
0.29547379316834477,0.2644768762330005
0.26410714845832944,0.24900392902338075
0.5378124901979235,0.3449693580384724
0.7299331890467677,0.3841214405313853
0.1924657319406543,0.21582550936389613
0.3419591606285876,0.283055464989694
0.3532197860794831,0.28327098104011367
0.37708980270380477,0.29256027541846036
0.3770898027038048,0.2938865280364278
0.5014585489790158,0.33436486314730807
0.5792791945045639,0.35603251529335056
0.3858724632226091,0.2985284121993137
0.5164518051504031,0.33722735838108764
0.6132179040808006,0.3640010831063048
0.5491672155829491,0.349180210100519
0.4901038235939902,0.3301540110852615
0.5705279006304695,0.35183824138902864
0.47881183149838463,0.32661733743734844
0.2728898089771337,0.2534247710832721
0.2665851133904207,0.24966152927978957
0.35328251936890315,0.28372411735125247
0.31307048085066347,0.2702294969634342
0.36331984567610803,0.2907974646470787
0.2050751231140805,0.22489928769182316
0.13851510303942788,0.1884162885925697
0.27414447476553433,0.2554141500102232
0.37335717198331303,0.2914605909560624
0.33189046767667263,0.2759765916412929
0.5767384962830526,0.35226927348986803
0.5592045418901541,0.3507275048214809
0.6056271760609768,0.36332690469217127
0.5064144788431981,0.3356800636601257
0.45494181487406293,0.3210857588099093
0.44493585521156803,0.31711252700858195
0.48006649728678524,0.3286067163642995
0.6772372259339419,0.37837434585352653
0.5905711866001694,0.35868502052928536
0.5077005112763088,0.33568558971270057
0.31303911420595343,0.2669083393659407
0.35325115272419316,0.28371859129867766
0.41855650701044506,0.3080442747332298
0.4198425394435557,0.3080498007858047
0.46375584203757725,0.32352274799542446
0.5001725165459051,0.3343593370947332
0.4423951569900567,0.3157807483380397
0.5227565007371162,0.3387801791546245
0.26529908095731003,0.2496560032272147
0.4913584893823908,0.3325854742182017
0.569210501552649,0.35182718928387885
0.6558451742417114,0.37283724117351263
0.59185721903328,0.3593536728908439
0.42357517016404755,0.30937052735119724
0.29167842915843295,0.26005050812053426
0.36077914745459677,0.2888025596675527
0.43358112982654246,0.3133437591525246
0.2954737931683448,0.2664662551599516
0.10576832596217184,0.1417543006504164
0.5365578244095228,0.343643105420505
0.6282738935416079,0.37019026199015265
0.6219691979548948,0.36620597808367555
0.689815250462658,0.38390592448096555
0.38715849565571975,0.29853393825188856
0.4436498227784574,0.3171070009560071
0.526520498102318,0.3416537264935539
0.5240425331702269,0.3387857052071994
