0.07555026769779892,0.26155432105835863
0.1124330755502677,0.31664853101196955
0.07555026769779893,0.27300841876181203
0.05056513979773944,0.20989634041578376
0.0874479476502082,0.2775900578431934
0.16061867935752527,0.35564973369222835
0.173111243307555,0.38434224843937914
0.22070196311719215,0.4095412633869766
0.2082093991671624,0.3991753049653513
0.3527662105889352,0.4726533417330049
0.2212968471148126,0.4176164022679113
0.5211183819155265,0.5209323635530612
0.4134443783462225,0.49682148788729164
0.13622843545508628,0.34986541435198437
0.6412849494348603,0.5359372315445851
0.28138013087447944,0.45089055609644346
0.5086258179654967,0.4991123074279823
0.14872099940511602,0.351068094610847
0.09994051160023795,0.30971880190138024
0.0761451516954194,0.2765019185613653
0.17251635930993459,0.35794055323291907
0.2575847709696609,0.42569154114884594
0.08804283164782868,0.2833743771834374
0.4009518143961927,0.49447339785808364
0.29327781082688875,0.46692629288127824
0.38905413444378345,0.47843766107324887
0.25698988697204045,0.423343451119638
0.20880428316478286,0.407250443846286
0.2325996430696014,0.4232861806311207
0.2688875669244497,0.43136131951205536
0.05175490779298038,0.24322776473283317
0.026769779892920884,0.1915697840902583
0.12433075550267697,0.3303934482561136
