0.6724938348372327,0.21311296001777158
0.5707421513414971,0.2080602578293744
0.32301213247503907,0.13143178225902613
0.38805548293186176,0.1543023378003649
0.4152033973756545,0.16554133333623716
0.5271867779340169,0.1979091177862195
0.42992206103687786,0.17329625114543346
0.5662269203863737,0.20653628008957656
0.5000459295793557,0.19037307780889132
0.509662876887529,0.19403247558994927
0.5017559231492146,0.1918986889653449
0.5464206725503634,0.20191752225938547
0.44801831530302927,0.17682497559403282
0.4406554504278517,0.17377484222556286
0.5464065403721002,0.19873671555845698
0.46725220991937594,0.1883253177948222
0.5322743621088036,0.19860604222599845
0.41860218624797735,0.16567255114091428
0.453105899477816,0.17769613114375649
0.5023000120123515,0.192811768875899
0.5125034447184517,0.19734395562333631
0.4587658368722663,0.1820960111420795
0.36314751874280143,0.1480272954812617
0.39934709336423574,0.15852635327208747
0.3744744596208337,0.15055527999211604
0.44235131181944737,0.1743846511103694
0.35187004048869075,0.14467552450369994
0.40219472728429,0.15948625779343922
0.4949442132263056,0.18902169776238253
0.422566262250832,0.17002887336175115
0.4055864500674812,0.16066231778556617
0.2969806601140467,0.1248959377472244
0.2573893627094212,0.11038956442766985
0.2749273959341723,0.11304767779876415
0.2686951053200585,0.11082514220253167
0.2551140820090304,0.1055971199597526
0.2240232898297779,0.0938365200384833
0.2964224390726465,0.1245915777770397
0.2432430522678613,0.09723402668240555
0.24720712827071598,0.10385535333252388
0.2766232573257679,0.11709855110497915
0.2975530133337102,0.1273357177586692
0.24549713470085713,0.09954204441695463
0.3190480564721843,0.12807728892037148
0.32188155821397535,0.13060418448678868
0.3213092049943118,0.1288177711376366
0.3886349022406569,0.1569604511714592
0.32526621490803487,0.1320410466716141
0.2885084192452004,0.11958243336612868
0.37505387892962877,0.15064348449152554
0.37674267423209273,0.15282082889361612
0.32923735700002116,0.1397954200085918
0.41011581320086765,0.16362479112684514
0.29586421803124624,0.12263202226238004
0.39483186240911244,0.15756862663961002
0.4191533412002459,0.16654261774620083
0.36598808657372406,0.1496835799701738
0.39370835423718037,0.15713359333696675
0.35976286204874186,0.14554504663676787
0.36827043336324644,0.15003367560671899
0.4027529483256902,0.16035686887094427
0.385236113368334,0.1535188422778322
0.363175783099328,0.14916197558477678
0.3857872683206026,0.15382265777579832
0.35129062117989557,0.1401008689232136
0.4016365062428897,0.1587898778258789
0.4061446711088813,0.16288321996514288
0.6255820690922194,0.21219879116278034
