0.4518223463656373,0.1542087285409724
0.2797441470328163,0.09535251645926823
0.26045876133887574,0.09368759037447333
0.2870880747945711,0.10754716877118126
0.2820718360645803,0.10416226795993436
0.33068885822032346,0.12372217651461141
0.3295263910352294,0.12095462377482319
0.4406356657052898,0.15302892353286907
0.4676368584737523,0.15564211956643723
0.4792091917547471,0.15662346595225765
0.4807518022373362,0.15717473990304354
0.47187903730087244,0.15659031076178895
0.4822944127199254,0.15774806481186085
0.43831899531983004,0.14998581257110943
0.4510510411243427,0.15388898964951658
0.460692356640525,0.15453949291144392
0.34264684412196544,0.12733861238518834
0.3245184162899667,0.11945531613552866
0.2863167695532765,0.10543027680016344
0.31641144727164544,0.11404156967854664
0.3032937488464855,0.10947686385919644
0.3106239033003601,0.1122222868875317
0.295966349054187,0.10928943071592925
0.3036821561287088,0.11174819128985584
0.31139796320323065,0.11376593270315372
0.31641420193322156,0.11879362988774253
0.42019056748783135,0.14834293744434596
0.4043760553797164,0.14398779447971594
0.426361009418188,0.1483760138813931
0.41826230438459483,0.14778063801454436
0.3843138551213291,0.14071299095178316
0.39742879888491306,0.14255432470082954
0.40205938499425664,0.14387746093613724
0.40823533624776537,0.1466780901129726
0.3877874833687308,0.14204715266610654
0.4267466620388353,0.14971009684229497
0.3611719432209156,0.13417480314204103
0.33685654548910393,0.12576181137909764
0.36541136738645974,0.13439523396893385
0.37929761639133824,0.1369201474169547
0.35267932158194715,0.13217895517993153
0.37004195349580327,0.1351009433793613
0.37158456397839246,0.1358506759524301
0.3492112026576976,0.13099930767867127
0.3426495987835415,0.12831995877100877
0.3765980480468072,0.13689809645892329
0.3742841323229235,0.1362255422389645
0.35808121293258527,0.1327744098002018
0.38007167629420885,0.13761483134836647
0.36695397786904893,0.13440625944794957
0.35384178876704103,0.1323224439139789
