0.011878095830300802,0.004922573328157217
7.066089131648307e-06,0.002352664456472441
0.0033987888723228353,0.004356322220836843
0.9559005377293824,0.3049480001807648
0.8671080617010899,0.2967994289575372
0.8767250090092632,0.29732266675958996
0.8620204775263031,0.29536202230049313
0.8524035302181298,0.2942289756136338
0.8495770945654705,0.2934449356188825
0.88181259318405,0.2984987267517169
0.8885960387504324,0.299239208968982
0.9253609005023985,0.30294325347196327
0.8354378502130422,0.2915278489372719
0.8869001773588367,0.2988036311941202
0.8382642858657015,0.2923118889320232
0.9129245836306975,0.30098315348508503
0.869376276312349,0.2967999734297558
0.8501423816960023,0.2937498400612858
0.8416560086488927,0.29270390892939885
0.8320461274298511,0.2914407333822996
0.8343143420411102,0.2914412778545182
0.9197080291970798,0.3017236357023501
0.8461853717822794,0.2933578200639102
0.8529688173486616,0.2948823422759266
0.014153376530691557,0.010891077788201396
0.836003137343574,0.2918327533796752
0.8552370319599207,0.29488288674814517
0.832046127429851,0.291310060049841
0.8314808402993191,0.2907873667200068
0.8405254343878289,0.2926167933744265
0.8150804474247634,0.28826047115358966
0.8461853717822793,0.2932271467314516
0.06052811950169939,0.020431864474331127
0.8744567943980041,0.29732212228737137
0.13183202492916243,0.06482322892715559
0.8128192989026359,0.28791200893370017
0.6646434098119712,0.2540186133272643
0.8145151602942317,0.2880862400436449
0.052607033585121636,0.019821511117305995
0.1895337087782025,0.08721519338836496
0.04015658453515733,0.01555175997922294
0.8105581503805085,0.28721508449392125
0.7500441630570723,0.2762799044560151
0.8727609330064084,0.29688654451250956
0.5566311713455954,0.22247951559395654
0.8196027444690184,0.2891751844807995
0.5950989605782887,0.23694287560824356
0.8054705662057217,0.28573412005939103
0.8642886921375622,0.2953625667727117
0.06675334402668155,0.02801146222914549
0.8150804474247635,0.2883911444860482
0.4944071904523005,0.1962980244914493
0.8439242232601518,0.29270445340161744
0.7958465528084167,0.2842520666804237
0.07750793168505028,0.038117955550377024
0.7935924703754209,0.2841654955976699
0.7709739190650147,0.2793735956019712
0.8105581503805085,0.2873457578263798
0.82921262568806,0.29043836002789875
0.6737021360787442,0.25759144002556844
0.4848043753223904,0.1953402978589719
0.747783014534945,0.2756265377937223
0.029416129055051896,0.012633388887648702
0.8456200846517474,0.29270445340161744
0.8037747048141262,0.28569056228190487
0.7783226517619289,0.28150792669879415
0.1120187110040206,0.05353958666935999
0.1674875106874598,0.08560355562137621
0.7918895428946936,0.2837729311280756
0.8060358533362536,0.2860390245017943
0.8111234375110404,0.287868451156214
0.7794532260229926,0.28207417780611455
0.7721044933260784,0.2796785000443745
0.8620134114371714,0.29505657338587127
0.39032369754312096,0.16183837777769308
0.7981147674196758,0.2853415555897968
0.5668134057843005,0.22701006892473816
0.32585270030596164,0.13661624672431902
0.8207333187300822,0.28926230003577186
0.5074229266327966,0.20501066893312303
0.4067311565068083,0.16959275111467073
0.16237166215614643,0.0828572377508724
0.5605881812593184,0.22374269114105585
0.8071664275973174,0.2861696978342529
0.674832710339808,0.2581576911328888
0.15841465224242335,0.07963396221689487
0.4389807873036512,0.1785242733882125
0.19689657365338004,0.09096225119661383
0.8229944672522095,0.28926230003577186
0.8280820514269962,0.2903512444729264
0.6714409875566169,0.25576201337114873
0.39146840398244787,0.16271062227185384
0.11542456596547507,0.06033568890164164
0.8173415959468909,0.2888702800383962
0.759654044276114,0.2768461555633354
0.7059376346973238,0.26665254668713156
0.22404448809717284,0.10507606004657416
0.5871708085725793,0.23476389778949722
0.5147716593297109,0.20723211558491836
0.5690816203955597,0.228273788944056
0.773800354717674,0.2807238867040429
0.8235597543827413,0.2895672044781751
0.8003759159418032,0.28551578669974154
0.5990559704920119,0.23868518670769082
0.8235597543827413,0.28956720447817513
0.74326071749069,0.27479894002148486
0.2517576896714975,0.11496476448037479
0.7014153376530688,0.26512802447511513
0.7489135887960087,0.27571365334869474
0.2692957228962486,0.12180442449014262
0.23988665993032834,0.10991206229197761
0.6081005645805216,0.2412550955793756
0.655605881812593,0.2517105955927152
0.7749309289787378,0.28107234892393235
0.5939542541389617,0.23541726445178995
0.7743656418482059,0.28098523336896
0.3264179874364934,0.1416689489127162
0.6725715618176805,0.25654605336590003
0.32302626465330236,0.13478682006989934
0.6669186905123619,0.25476018448896653
0.8082970018583812,0.2867359489415732
0.7856713844588431,0.2829453333558382
0.7930271832448891,0.2838605911552666
0.696893040608814,0.2630808089332646
0.6963277534782821,0.2617740756086791
0.7749309289787377,0.28129013781136325
0.37168335441383255,0.1580934978583185
0.3484924498837629,0.15064402896374413
0.6589976045957842,0.2529302133623283
0.07015919898813602,0.03746458888808428
0.1612410878950827,0.0821167555336073
0.8196027444690184,0.2891751844807995
0.7449565788822855,0.2749731711314296
0.342825446400181,0.1438479267314625
0.6844425915588498,0.2610325044469768
0.3394195914387264,0.14336770223467735
0.8060358533362537,0.28603902450179436
0.23875608566926457,0.10716792231034807
0.40729644363734013,0.17028967555444963
0.0865807901300867,0.052537757787177786
0.35697175684174093,0.15351884227783216
0.4440542393001746,0.1790458777736095
0.5651104783035733,0.2251800977980999
0.7460871531433493,0.27510384446388814
0.20311473208923056,0.09466466228293934
0.4961030518438961,0.19712562226368682
0.6211021685827545,0.24439125555838076
0.720642166180284,0.2706168489105928
0.7347814105327121,0.2721854733723139
0.7981147674196758,0.28494953559242114
0.739303707576967,0.2736228800293579
0.7913242557641618,0.2836422577956171
0.2166816232219953,0.10494429776967847
0.7704086319344828,0.27902513338208174
0.5345567088983261,0.21433203331516612
0.4932766161912367,0.19603667782653222
0.6335526176327186,0.25075178001580056
0.3784526678019517,0.16013962445573193
0.13522374771235363,0.06486678670464179
0.5096840751549241,0.20644807559016706
0.2121451939994771,0.09479424667096076
0.8620134114371714,0.29505657338587127
0.6578599642455888,0.2523634177827893
0.7398689947074989,0.27366643780684413
0.8032023515944625,0.28551578669974154
0.4644328403558484,0.1929865444580623
0.4989294874965554,0.20100226445995706
0.5153369464602428,0.21302529999058062
0.14484776110965863,0.07445058669603913
0.6804855816451267,0.2590724044600986
0.47799973148861313,0.1937270266753274
0.3049370764762826,0.1323911423081593
0.4864931706248544,0.1955575422741842
0.39374368468283855,0.1671981622973678
0.6799202945145948,0.2585497111302644
0.7817143745451202,0.28255331335846257
0.501190636018683,0.20461755999131023
0.6092311388415853,0.24238759779401634
0.6307261819800594,0.24587330893734813
0.6810508687756586,0.25990000223233606
0.7562623214929228,0.2767154822308769
0.7093293574805151,0.2682206266766341
0.41863045060450393,0.17717398228614079
0.042997152366079955,0.019777953339819812
0.32134453543996994,0.13409098457455756
0.8173415959468908,0.2887396067059377
0.26081641593827065,0.12093326894041895
0.6425972117212285,0.2517100511204966
0.7653139816705643,0.27876324224494603
0.2121593261777404,0.09710389782216555
0.12787501501543938,0.06447476670726614
0.48366673497219503,0.1942508089495987
0.7534358858402636,0.276497693343446
0.7404342818380308,0.27466826668902633
0.8196027444690183,0.28904451114834095
0.6680492647734256,0.2554135511512593
0.7494788759265405,0.2762799044560151
0.7031111990446646,0.26512802447511513
0.29135605316525454,0.13008149115695447
0.7523123776683316,0.2764111222606922
0.700850050522537,0.26403908003796056
0.6951971792172185,0.2614256133887896
0.7370425590548395,0.27357932225187176
0.5509641678620135,0.21995207555532084
0.4169345892129083,0.1749089778568593
0.7879325329809705,0.2834244689081862
0.7958536188975484,0.28464463115001787
0.23759724705167432,0.10590256887437448
0.7008500505225371,0.26460533114528095
0.7975424142000123,0.284818317787744
0.2828767462072766,0.1227202267617896
0.7828449488061839,0.28264042891343494
0.7240338889634752,0.27166223557026115
0.5854749471809837,0.23249889336021573
0.40561471442400776,0.16798220229211913
0.06336162124349037,0.026835402237018555
0.25062711541043375,0.11304822227098275
0.7964118399389485,0.28473120223277165
0.7602263974957776,0.2783276644700843
0.8258209029048688,0.29004634003052315
0.7726697804566103,0.2805932133715843
0.28061559768514915,0.12228464898692777
0.8077246486387175,0.28643050002695136
0.70480706043626,0.2661734111347835
0.7777573646313971,0.2813336955888494
0.1403113318871404,0.07000660444801134
0.5832137986588563,0.23193264225289537
0.5424848609040356,0.2187760155631939
0.44577836504829677,0.18723691782988616
