0.4779926653994813,0.18575540892313738
0.42708855929508693,0.16323386007390667
0.523787989061694,0.19159269557850445
0.4593169918245349,0.17220730670827886
0.4400972293864515,0.16741595118479877
0.4350096452116647,0.16698037340993693
0.29361013559825044,0.11988842675296915
0.3190409903830527,0.1201056711681815
0.32356328742730767,0.12202221337757352
0.45988934504419837,0.17368881561502764
0.46101991930526215,0.17621516670922624
0.4672451438302443,0.1787420622756434
0.4197186283307777,0.15900712224109123
0.3614657895294692,0.14254010446243986
0.34054309961065854,0.1337408889380124
0.3699521625765788,0.14506700002885703
0.3450795288331767,0.13456957565468702
0.3552476310936187,0.1414511600252853
0.34789183230757276,0.13504762226259787
0.38012733092615236,0.14624306002098397
0.33997074639099495,0.13125755114908141
0.38127203736547927,0.1482042489522993
0.43500257912253304,0.16353876451630991
0.39088191858452104,0.14990300227426043
0.3914472057150528,0.15029502227163608
0.3835261197984751,0.1498153422470695
0.40559351615661277,0.1582236267185585
0.3688145222263834,0.14328058667970495
0.3937012881480487,0.15186255778892008
0.4055864500674812,0.15456422893750055
0.4236756382445009,0.16135924222534503
0.3241356406469711,0.1290355600250675
0.37786618240402486,0.14619950224349776
0.3954183478070392,0.15412919563485733
0.6968365118957611,0.22291618231325555
0.6674274489298406,0.21973537561232703
0.6414171748362433,0.21280914451980543
0.6154069007426458,0.2081479178565653
0.6566799273606037,0.21489991783914217
0.6544187788384762,0.21372385784701525
0.6425548151864386,0.21368084454174766
0.6272779304838151,0.20945465118115078
0.6357643035309246,0.2103699089805792
0.595614785084899,0.20562102229014814
0.6244444287420242,0.2092363178215013
0.5814755407324709,0.2015696045117146
0.6408518877057114,0.21097971786538575
0.2794355608001639,0.09514434230750593
0.5764020887359473,0.19878299569703609
0.5645169268165149,0.1938598778966603
0.5526529631644774,0.1937733068139065
0.5413472205538401,0.1932941712615585
0.44575716678090177,0.1705526556360225
0.5662198542972421,0.19499292458351963
0.5096699429766607,0.1878478156591299
