0.5582987683806644,0.19882546453008507
0.43446555634852774,0.17051018680297347
0.2907766338564594,0.1182762445137618
0.2522947124455028,0.09618918449495574
0.2669992439284629,0.10167800893043333
0.3292373570000212,0.13561387336991823
0.31001052847280614,0.12563859785336381
0.30945937352053754,0.12420228014075696
0.30151708933656485,0.12075903783047423
0.42708149320595534,0.1691571733398089
0.384091406929007,0.1553036222103285
0.4253926979034914,0.16602155783302233
0.5526246988079507,0.19725575112392676
0.34904360483603136,0.1505558244643346
0.3207439178637799,0.13021162001719444
0.42255213007256875,0.16519287111634773
0.6363437228397198,0.21620774010816485
0.49102253375824084,0.18963422900828195
0.3988030045010988,0.15987827779081487
0.575843867694547,0.20279085569798344
0.48705139166625444,0.18658409563981201
0.6012888546576126,0.21063180011771487
0.5758368016054154,0.20257252233833395
0.6549981981472713,0.21729668454531942
0.5464136064612319,0.19625446671396313
0.6323725807477334,0.21359318451455672
0.5565887748108055,0.19830168225581374
0.58940369273818,0.20758166674924491
0.42651620607542345,0.16710995779795834
0.5588640555111962,0.19956594674735018
0.4825149624437363,0.18044136006982311
0.4830802495742681,0.18592964003308213
0.27379682167310854,0.1086919000501459
0.30605351855908314,0.12089080010736993
0.38976547650172055,0.15578439117933224
0.43840843408398755,0.17869796002593866
0.4977989132354916,0.19621090893647697
0.28684082221013135,0.11627422016605314
0.33262201369408073,0.13844458443430152
0.3999477109404258,0.16445293337130118
0.37448152570996535,0.1518625577889201
0.3213374693508384,0.134090440102339
0.34339073353071276,0.14537244894347887
0.3348972943944715,0.14145116002528527
0.42538563181435973,0.16532408892102485
0.37561209997102907,0.15425823555066015
0.29133485489785965,0.12058426224831091
0.5622557782943873,0.20095979562690802
0.683255488584733,0.21868998895265868
