0.4734845005334897,0.205183266626412
0.4802679460998721,0.20518326662641204
0.18901081818246057,0.10381397344391202
0.16355876513026335,0.10337730672461305
0.2676422580394429,0.14489331339113087
0.21332523088446234,0.12306705556502333
0.3343744037987295,0.1667179378005827
0.18108266617675114,0.1035079800570716
0.39769362850743,0.1846642865971085
0.33436733770959787,0.1659333533336128
0.4848043753223903,0.20588128001062808
0.3813144339002692,0.18061450223533068
0.4344726224376594,0.19634049332449835
0.4124122921686534,0.18893458220741013
0.3801767935500738,0.17882808888617865
0.4440895697458328,0.19982565999561153
0.30382770048261387,0.1562624377872431
0.2947901724832357,0.15530471115476566
0.23482027402293648,0.13143123778680754
0.432211473915532,0.19403193111773068
0.5306208972519978,0.21777473115323026
0.4276821107821454,0.19085166888902075
0.42428332190982254,0.18976217997964762
0.2862967333469944,0.14898774447483207
0.30553062796334113,0.15730836891913008
0.49611718402215926,0.20740634669486308
0.5023353424580097,0.2138964555403043
0.42712388974074517,0.19032952003140513
0.5611534683898503,0.21969181783484087
0.5181704482020336,0.21568286888945637
0.6312702708431963,0.23350126671461652
0.5690604221281647,0.22008329335999793
0.5645522572621731,0.21982303563951802
0.6589693402392578,0.23472088448422965
0.6035570692688718,0.2272278578121691
0.5724521449113559,0.22239185556676563
0.4045053384303389,0.1888044533471702
0.3801838596392055,0.1800918089054965
0.4655846128843069,0.20365983335883275
0.3439772189286395,0.16767566443306012
0.3247503904014245,0.16405982442948835
0.27443276969495695,0.1465490534078244
0.33268560849626555,0.16584732672307761
0.27328806325562993,0.14567680891366358
0.28402851873573526,0.14659152224087343
0.3117487863991916,0.15809240891388135
0.31909751909610584,0.1632757844347371
0.37566156259495054,0.17765257336627027
0.39093138120844256,0.18257514669442748
0.3977148267748249,0.1874971755503661
0.3456872124984985,0.17373128444807667
0.3168363705739784,0.16284020665987528
0.2563223832505423,0.1424529889074675
0.2874273076080581,0.1548244866579805
0.3536012323259446,0.17512513332763452
0.2461401488118371,0.13857580223897864
0.24104549854791868,0.13387101779825233
0.24557486168130524,0.13400223560292948
0.2851520269076674,0.14781059553826795
0.22803682845655415,0.12406997339164268
0.20371534966542068,0.11492175117510718
0.2302979769786816,0.12764171114550965
