0.35665678902713294,0.2591811466067906
0.3112518218936111,0.24023384992862573
0.35475526298008714,0.2580565768399211
0.3614926496848486,0.26032086209442595
0.3943301705581993,0.27547415572072803
0.3982104419841508,0.2887342342512902
0.3721103078155616,0.2644859353050537
0.32673429793148717,0.2500937141472391
0.31898340749606674,0.2409949223971132
0.21750755301589753,0.14893544515166543
0.32575940386675806,0.2417597812957921
0.286165191455681,0.22168412842056634
0.3566664414436155,0.259942219075278
0.4407293365894152,0.30427753018731474
0.3789152614357004,0.27321365689641464
0.32383857298674723,0.24138492470683562
0.24945705157286127,0.2065270483640728
0.2571789847588344,0.21258533667044044
0.3373616084786827,0.2580490039795381
0.6213550062258085,0.34749205796267335
0.6049362457891334,0.34597369945588996
0.659983976988639,0.36075213649323556
0.49579637262188586,0.31186932272123163
0.5817607938147316,0.336125194527851
0.5151012055868187,0.32587911442970685
0.5440777598671828,0.3353527627687892
0.5885078329359755,0.3429369824423232
0.5295894827270006,0.32664018689819424
0.4938465844924277,0.30769667665022093
0.4320228569222305,0.2929106667524924
0.3798708506674647,0.275103085561963
0.33445623111746026,0.250851000185535
0.22143608652426133,0.18985539623098735
0.2948620187063832,0.2341831344826411
0.2668314012413008,0.22015819705339998
0.2397949826739124,0.2034941177806975
0.44071968417293267,0.29594359733586767
0.4349282342834529,0.2951863112975717
0.48612465130645466,0.30580346155448107
0.37213926506500905,0.27093422592114375
