0.5024951496607175,0.2747395882635809
0.48704163087228886,0.2682988705078738
0.47061321801913114,0.26564079651345507
0.4821864653816083,0.2660156531024116
0.5314620515245991,0.2808016630001401
0.4300730687927723,0.26109708028367934
0.5749268829451454,0.2948228139991897
0.25518093454696383,0.1504613765188318
0.25614617619521046,0.15614102180605147
0.3904595515487303,0.23949928247147867
0.3691759732048919,0.2334220620141536
0.3063966564029305,0.2103096921253611
0.3991370739664676,0.24441785529021093
0.491887143946487,0.2736074456363285
0.2918890744297835,0.1898516098007959
0.28901265431800854,0.18342225133566323
0.2889933494850435,0.17659910413061666
0.2831825947625989,0.17583424523193772
0.26000714278819703,0.17355860068685838
0.25615582861169295,0.17242645805960594
0.5672242545921372,0.289150741572353
0.5430739085530063,0.2857353815396382
0.5034700437254467,0.27890844790440017
0.33534425343384716,0.21219912079090952
0.34022837617397517,0.21297912541035435
0.3450449319987259,0.21524719709505072
0.30544106717116637,0.19895418798111325
0.3653439638613527,0.23040427715154427
0.3334523798032838,0.21183562349252744
0.3402090713410103,0.2122142665116754
0.35473595814712217,0.22662163339025598
0.3547166533141572,0.21941984316606142
0.40980299417959287,0.2508737187666839
0.3904788563816952,0.24253599948504548
0.38274727077923965,0.2387457828633742
0.4503721006553991,0.26489486976573356
0.4049574811053948,0.2485942877914131
0.37211996023204413,0.23798471039488678
0.4242912713197749,0.25617850746494714
0.40399223945714813,0.24783700175311713
0.3721199602320441,0.23495556624170297
0.36245789133309525,0.22700027640940396
