0.45617320296136143,0.28118030601928806
0.47934865493576323,0.29292202604306683
0.41561374890203767,0.27359987277594555
0.4049767859383597,0.2645048674560111
0.3934035385758825,0.25996493765642686
0.4078339012171697,0.2656256507926891
0.5517803882201909,0.3073256064914559
0.5672146021756547,0.3077004630804123
0.36342313298134193,0.2580490039795381
0.3460487833129024,0.22851484848599588
0.46003416955434795,0.2838308071533239
0.6223009430410905,0.32779504810659554
0.48803582976998294,0.30049488642602634
0.507369619984363,0.30694317704211643
0.3199196918948659,0.21826498195766011
0.31993899672783094,0.22205898500952287
0.3411839654057395,0.22282005747801029
0.35862588198955614,0.2451865006190813
0.34216851188695085,0.226614060529873
0.4687309968050502,0.2842132366026633
0.2696885165201108,0.16713302865191726
0.22135886719240158,0.15461130400869363
0.3102383181629521,0.20689433209264635
0.5981119873360295,0.3122479657403796
0.5836333626123299,0.31035475064463974
0.35375141166591056,0.2368374220468684
0.3421974691363983,0.2273827058587434
0.31413789442186857,0.20804540687085618
0.2745436820107914,0.19402804230199808
0.31893514541365436,0.2084126905994297
0.2976612194862985,0.1966596112850765
0.34887694134226505,0.22924562951295144
0.34893485584115985,0.22964699111324832
0.4378143068117103,0.2804154471206091
