0.32756782665465634,0.09852793316921646
0.36037033670228447,0.11356731657402772
0.35612264855201214,0.10997285290806066
0.5424479575561745,0.15260995533027177
0.5216172067180687,0.14953368917804347
0.4969354389966421,0.14924702672363482
0.5493924593894018,0.15298490037022772
0.48960803920434354,0.14900446618528904
0.39780618752083213,0.13570726597180424
0.4664633726423541,0.14253235249621965
0.44293305345971723,0.14209117582874786
0.3692513656234763,0.12492387497390309
0.39625806771509087,0.13020539443611803
0.37233658658865465,0.12555232727779903
0.3916302362673234,0.12858464902080752
0.6651102828761973,0.1568885499691641
0.6438966340790202,0.15494798690897624
0.6095707961798355,0.15423125201953308
0.41015258070469757,0.13667766563203046
0.4718707733161443,0.14443999662620344
0.418639693020514,0.1385410503391083
0.3904732784053816,0.12795619671691164
0.4352255103699236,0.1406359701055162
0.45913597285005553,0.14247722510114108
0.3240914437456786,0.09454757773769928
0.32332289316596013,0.09442637622194794
0.33066131160456286,0.10200119531943215
0.3433933574090755,0.10818664655409287
0.3491809013803609,0.10946568087333766
