0.33336363461067,0.10657684786437653
0.4078193823497814,0.12524369261878043
0.29747865825943964,0.09530825703636224
0.6875249641205328,0.19373703964785885
0.04205541828158702,0.013694196211472155
0.6620718911578118,0.19060580360739504
0.877337674679977,0.23829304793933415
0.36037309136386053,0.11399738900906221
0.39778965955137585,0.12083342225907184
0.5605901586960534,0.1621474671993969
0.38428355384399254,0.11598197523189141
0.5829662746783244,0.16364716860579911
0.6855939463557204,0.1925572346397556
0.6983287468218091,0.19904045256126218
0.051702243120921386,0.018280952988853797
0.09994187664074532,0.038061607384109825
0.46452960021596545,0.13371181177680241
0.7604381013770554,0.20852291578873014
0.8225612292401815,0.22958252574980947
0.7639117296244567,0.21172038345670982
0.060960660678032394,0.01926229937467421
0.319083469000416,0.09895792685082944
0.6211734307381669,0.18096898367370703
0.8391442919280151,0.22989123916224954
0.0628916784428449,0.022371563210528137
0.8715501307086915,0.23622017913095766
0.12772263863523048,0.04706981750705887
0.5389991212629573,0.1614750704862812
0.7241840003746338,0.20609723165185076
0.8715528853702676,0.2380835638380355
0.17208646331754912,0.05946284968783326
0.14893628743240747,0.048514234011539425
0.9109004713225956,0.24668375248398142
0.7689307230160236,0.21575586628330568
0.4147638841830088,0.1263132428367266
0.09029505180141095,0.03488611192074004
0.2774026846931721,0.08675185529279301
0.442924789474989,0.13290671554839043
0.9236325171271083,0.2483377318431822
0.5112183592684721,0.15458375233434993
0.48729412348046003,0.14257661191912563
0.7419212662628331,0.20822507034846277
0.8437721233757826,0.23053071694516122
0.20989143878728778,0.06661870058272018
0.846862853664113,0.23531593234482573
0.18481299979890972,0.05990386884846196
0.8927665341674447,0.24071873207621358
0.042826723522881596,0.01600954680477287
0.18789546610251193,0.060047121322244754
0.016594081334137697,0.007663022929609956
0.5868255555463733,0.16856461100023082
0.0613463132986797,0.019714344014318638
0.2052580980163682,0.06444652370978071
0.7920781442395892,0.2205632113944231
0.05440456612702847,0.019129993626485597
0.767773765154082,0.21254745188973173
0.1504926712228769,0.0584044824557459
0.04784571691444847,0.017376863709564944
0.7041190454546706,0.20119057847617022
2.7546615760520743e-06,0.0021720981195179254
0.8148371581809315,0.2267266116710524
0.492693260169522,0.14586220466580951
0.8993281380416006,0.2438721765815519
0.06328008572506826,0.024543661330046065
0.01814220113987896,0.01146697069687564
0.19445982463824404,0.0643031924825764
0.2735571771330034,0.0847014312095557
0.07562647890893365,0.02517227114078505
0.7149228281559467,0.20282250687733952
0.9332765873048666,0.2521085244199792
0.01312045308673603,0.005832714659579279
0.026246415496624164,0.013517867300642212
0.46607221069855465,0.1362917738664804
0.8449290812377244,0.23301144972369767
0.005021748053142931,0.005711434390406385
0.21800116246718504,0.07799730994062701
0.9004878505651187,0.2465293957777614
0.6115183419141041,0.17760581880680543
0.12500929698281918,0.04020055031315904
0.8823511587483918,0.2390317550333872
0.018139446478302908,0.010254089251725154
0.8950832045529045,0.24328774744029735
0.6423843248737677,0.1882899017401435
0.9263320854716394,0.24953950905589542
0.5991802127149668,0.17342724101326998
0.9162996080116577,0.2476650201163803
0.8850507270929229,0.24061942401165054
0.08140851355706695,0.027156778610192694
0.04900267477639035,0.01806044340853944
0.4687800430278139,0.1404596411946863
0.2546464254134059,0.08370874433103336
0.3383798733406608,0.11197941133549977
