0.5063657686701866,0.2800443769618441
0.5353230181175858,0.2849667362107678
0.47644327757454086,0.2724715165788845
0.47641432032509334,0.2690523701159783
0.46770784065790877,0.26298650894922765
0.4290788698950783,0.25616336174418114
0.5276010849316127,0.2823162350767319
0.4995994247159777,0.2796619475125046
0.537272806247044,0.28686752416689065
0.5150529435044063,0.28042301998099206
0.3160394204689144,0.18796596756543896
0.42136658912558766,0.24594378665737726
0.40686865956892315,0.24063521152892262
0.39334562407698764,0.23722363792639933
0.37308520188029076,0.23457692322255497
0.33442727386801296,0.2141112680376068
0.367274447157846,0.2232100597877327
0.3237806584878525,0.20084740307685317
0.41459059275489624,0.24366435568210643
0.5594830165731991,0.2876285966353781
0.5334118396540575,0.28421702303285484
0.49478286889122697,0.27739387582780833
0.33246783332207225,0.20501247628748093
0.29866507080047494,0.17849989208673953
0.2774007972896015,0.16485738410683787
0.3469754152952192,0.2224414144588623
0.3208656287101476,0.1925096837952147
0.48994700823351134,0.2732250161869891
0.45613459329543155,0.26071843726453137
0.527610737348095,0.2834559505643674
0.4706035656026487,0.2648797240449676
0.4599859074719357,0.2622292229109318
0.44356714703526035,0.2576817202509646
0.45322921593420923,0.258064149700304
0.5855541934923407,0.29179745627619735
0.2822173531143522,0.17356238711704988
0.28805706508624435,0.17395996228715524
0.26579859267767686,0.1553837357677555
