0.5305064622928352,0.2940579551005107
0.5411337728400305,0.2940617415307022
0.6184110191986564,0.3077156088011783
0.5952548720572195,0.3046902510781859
0.5865580448065173,0.3043078216288465
0.4368008030810514,0.2648721511845847
0.4426019053870137,0.27055558290199583
0.41457128792193126,0.2569092884919027
0.3701412148531385,0.23948035032052126
0.36242893408364785,0.23342584844434516
0.3537417592494281,0.22926077523371738
0.274514724761344,0.1508513788285542
0.2899392863003253,0.1633390256000545
0.3267149930985222,0.20692083710398668
0.3257304466173107,0.20502004914786384
0.37406974836150236,0.2451865006190813
0.2909238327815369,0.17054081582424901
0.2686750127894519,0.14363822931378525
0.46871169197208523,0.2773900893976168
0.47935830735224566,0.2933044554924063
0.45617320296136143,0.2717142305405886
0.43974479010820355,0.26867751352702185
0.4213858939585525,0.2633689383985672
0.5450333490989469,0.30430024876846357
0.4165693381338018,0.2614795097330188
0.40207140857713736,0.25389907648967625
0.2831825947625989,0.1580380233319828
0.4387505912105096,0.2671515821598555
0.3488672889257826,0.2239408408146883
0.34017046167508036,0.21977198117386904
0.29668632542156936,0.18491789126129773
0.3024874277275316,0.20309654261059212
0.2976708719027809,0.18984782337060438
0.32955280354436733,0.2190146951355731
0.398152527485256,0.2485753556404557
0.38755417418750787,0.24782564246254274
0.37788245287207656,0.2470607835638638
0.45903031824017143,0.27321365689641464
0.35180162353645245,0.22812105974608196
