0.3229312458373954,0.2807865172793741
0.40407911120549034,0.3156481800523284
0.20120462157701174,0.21637555329211172
0.2900937249640448,0.26714779572966396
0.3316473779210625,0.28912802299120416
0.3055472437524735,0.27472444254281503
0.41373152768795673,0.3160268230714764
0.16445787202826223,0.1943877531701886
0.20796131311473823,0.2265989148091071
0.18766228125211146,0.2057621894653939
0.18381096707560735,0.20538733287643737
0.21763303443016954,0.22963563182267385
0.1576722232410884,0.17847338707539917
0.12384050347004372,0.1447552262202718
0.12964160577600603,0.1523318730334228
0.13930367467495489,0.1671027372103854
0.17797125510371517,0.2015819705340002
0.21857897124545123,0.2315212740580308
0.2920049034275731,0.2716839390990568
0.27463055375913364,0.2641110787160973
0.32099111012441967,0.2804040878300347
0.3606142797849442,0.30200567207242685
0.19057731102981626,0.2148571947853283
0.16641731257420295,0.19818554265224286
0.3712415903321397,0.30731046077069
0.2987808997982646,0.2739633700743276
0.2021698632252584,0.22091926952188742
0.22726614607967102,0.23757956236439845
0.26979469310141796,0.2641072922859058
0.2813872452968601,0.2652470077735412
0.23020048069034083,0.24441028242982796
0.44559415449657824,0.32360346988462746
0.45139525680254056,0.3319374027360744
0.4301406357081496,0.3217064683586961
0.39344214824181245,0.31185417700046575
0.43400160230113616,0.323221040435288
0.4919450584453818,0.3319411891662659
0.5267130626152258,0.3421721235436443
0.49291995251011095,0.33421683371134525
0.5015974749278481,0.3353489763385977
0.5035472630573063,0.3406575514670524
0.1789558015849268,0.20499733056671499
0.3596393857202151,0.3008659565847914
0.3161455970502216,0.28001787195050376
0.2862134535380933,0.26638293683098513
0.3306628314398509,0.28571266295848935
0.15668767675987683,0.1716502398703526
0.33162807308809766,0.2864699489967853
0.2533759326647426,0.24857914207064719
0.3432302777000223,0.2997300275273475
0.2582117933224583,0.25312664473061436
0.2543315218965068,0.2489539986596037
0.17315469927896443,0.19931389884930387
0.18959276454860471,0.21182047777176152
0.2215036534396386,0.23607634957838097
0.26014227661895156,0.25956357605613
0.3113483460584357,0.27737873010704234
0.25529676354475345,0.2519831428127875
0.3007113830947578,0.2743420130934755
0.2514357969517669,0.2451675684681239
0.3403345527552823,0.292157167144388
0.32487138155037115,0.2853340199393414
0.14704491269389292,0.1712753832813961
0.15865676972229995,0.1875683923953336
0.20504628333703342,0.22394084081468826
0.21665814036544043,0.22698134425844654
0.30553759133599107,0.2743420130934756
0.2862038011216108,0.26637915040079363
0.41374118010443917,0.3171665385591118
0.3866951091205684,0.3084501762583254
0.3248520767174062,0.28456916104066243
0.38766035076881505,0.31034339135406525
