0.008894802229072147,0.017189430566297743
0.0015618931136215262,0.013054718428560529
0.9332765873048666,0.25213057537801065
0.0007878332107508932,0.010673136207743968
0.07991273232127069,0.0595840512035846
0.028585123174692372,0.029880386940761124
0.9197759909206354,0.25210844566655766
0.0803038942650701,0.059650361584521985
0.9105175733635243,0.25144683817219304
0.22229567986425028,0.11667618664277393
0.9008735031857661,0.24981498852444528
0.8140768715859411,0.24199721512150754
0.010442922034813413,0.020475180819824693
0.8082920822762317,0.24157824691891028
0.7573776723660615,0.23527143666165515
0.7141763148688366,0.23135715535081078
0.8487993807520774,0.24577934819100647
0.8545841700617869,0.2459337048972265
0.7203467567991932,0.23210688792387957
0.6860154095768562,0.2279610715537051
0.694885419851744,0.2291518232874026
0.7670217425438195,0.2368481589143243
0.8862131942780169,0.24829331491343315
0.8094490401381736,0.2416002978769417
0.5417427641927052,0.20271162205981005
0.6875580200594454,0.22819260661303517
0.7064577531327387,0.23064034170794603
0.8723296999347144,0.2468820535994213
0.7674073951644669,0.23688123535137148
0.8040499034491115,0.24074031051371572
0.5359579748829958,0.20153189580512826
0.8919979835877263,0.24916432775567485
0.08493723503598968,0.06387327755438495
0.7396348971547098,0.23355138318178165
0.7415631602579461,0.23372779084603312
0.6721264059104018,0.22616376096730004
0.7978794615187548,0.24045364805930708
0.820255577501026,0.24227308835716518
0.6254514201657755,0.21899688459339733
0.786304373576184,0.23924068786073505
0.9043443767715916,0.2502008802899954
0.40556331451899486,0.1734818171343978
0.6914145462659185,0.22874388056382106
0.630079251613543,0.2199671267467805
0.83105385087915,0.24395998664656995
0.7685643530264086,0.2369694391834972
0.4360408901964349,0.18159688470365215
0.6536095707961798,0.2235174884966847
0.4993044479520469,0.19363718030934512
0.6582374022439472,0.22391440574125054
0.6736690163929909,0.22619683740434718
0.6489817393484123,0.22275673044460018
0.8318224014588685,0.24440092705377708
0.0737340264061859,0.04786373074961209
0.7342302511424957,0.23251483064746112
0.6686555323245762,0.22562351249552987
0.05559733458945902,0.04024480973606499
0.6520669603135906,0.22329697891637035
0.6806162728877942,0.22707903323244769
0.2612576131959308,0.1240856235550224
0.41829536032350756,0.1760619367309188
0.6528382655548852,0.2234513356225904
0.6663416166006925,0.22529274812505834
0.6462821710038813,0.22228263484692432
0.4491585886215949,0.18341624624808867
0.5286250657675452,0.200131502463289
0.6694268375658707,0.22568966536962418
0.6613281325322777,0.22449891363592667
0.8260376121491592,0.24392683145610122
0.6775255425994637,0.2267481113551331
0.40092997374807526,0.17032837262905948
0.6956567250930387,0.22921797616149692
0.6420372375151852,0.22144461968830825
0.03438093113070594,0.03740007864316675
0.6123337217406155,0.216703427451285
0.7037554301266317,0.22968104628015706
0.6821588833703833,0.2274649249979978
0.6582401569055234,0.22412396859597072
0.6655703113593979,0.2251383914188383
0.5232259290784832,0.19864306279616714
0.542899722054647,0.20340622723780027
0.33379887113968615,0.1523670797782399
0.7805195842664747,0.23824839474932047
0.6740546690136383,0.22635119411056723
0.5556317678591597,0.20526969069829962
0.08995071910440447,0.06605632239949705
0.6566947917613581,0.22363876876585762
0.04980703595659755,0.03866800872997428
0.6624823357326436,0.22476344637888235
0.6674985744626343,0.22536992647816836
0.5629591676514583,0.20719914952605023
0.4132763669319407,0.1747276962631739
0.6574660970026527,0.2237600490350305
0.3573346996454751,0.15724065651687327
0.6840871464736198,0.227652358141265
0.6701981428071654,0.22584402207584423
0.6794538057027003,0.22681426422922737
0.005035521361023193,0.013639147569815107
0.06949184757906571,0.04734553323587335
0.556017420479807,0.20535789453042533
0.7508188231534811,0.23500674641185637
0.45340076744871505,0.18455187058670758
0.5764625186972654,0.20926107160883248
0.07026315282036028,0.04745578802603053
0.017390178529616745,0.02484142801689198
0.34189757617327926,0.15321604166245015
0.6003784905005495,0.21448730616912576
0.13162323942692025,0.0792765017667149
0.8742579630379509,0.24721281796989283
0.552155384950182,0.20434339295413623
0.8723296999347144,0.24677179880926411
0.7323019880392593,0.23232739750419393
0.4915913955391011,0.1930528299215121
0.5185925883075635,0.19740805163956368
0.6493673919690597,0.22287801071377308
0.6512956550722961,0.22305441837802456
0.42099492866803856,0.1780354974747323
0.2817137300596935,0.1342515877280434
0.23348511518617376,0.1192011788442164
0.3318706080364497,0.15103299681733806
0.43758350067902413,0.1818063688049508
0.7793653810661089,0.23769719955195615
0.6154189427057939,0.21715547209092942
0.36698427914638554,0.16266542845287102
0.0752849008735032,0.05928636327016022
0.2527732555416904,0.12358947699931509
0.5988358800179604,0.21427782206782714
0.20802102357714838,0.10717206622438225
0.4534007674487151,0.18636004914528528
0.4418256795061444,0.1821261076964066
0.6863983075359275,0.22799406923733073
0.10423088471465841,0.07343268287469835
0.8499563386140193,0.24590062846017935
0.6609424799116304,0.22437763336675376
0.6474391288658231,0.22253622086428582
0.5232259290784831,0.19851075704797846
0.34344018665586845,0.15352475507489025
0.5807046975243857,0.21098104633528442
0.4800163075965302,0.18993246185322082
0.5147360621010906,0.19727574589137506
0.20300753950873363,0.10708386239225649
0.8055925139317007,0.24156722143989456
0.48310703788486076,0.19106824369868292
0.4267797179777479,0.17911599441827264
0.6713551006691072,0.22587709851289137
0.6462821710038814,0.2222605838888929
0.6231375044418919,0.2183794577685172
0.5371094234217856,0.20176327335761524
0.5953594971089827,0.2133846007607109
0.6061632798102589,0.21561190502872896
0.09767479016365448,0.07118348515549194
0.3746945768977553,0.163348929398424
0.583789918489564,0.21136693810083454
0.5158930199630325,0.19733087328645366
0.05906820817528463,0.04128120476354246
0.7191870442756754,0.2320186053383323
0.5594882940656327,0.20668095201231146
0.603463711465728,0.21552370119660322
0.6073202376722007,0.2162624082906563
0.6516813076929433,0.2231977496052289
0.6651846587387507,0.22505018758671255
0.27939430501265755,0.13332528998388002
0.4827213852642134,0.19084773411836856
0.8052068613110533,0.24096082009403008
0.5942025392470407,0.21268999558272067
0.15864096016483895,0.09426075777644757
0.6740546690136383,0.2263401686315515
0.6065489324309062,0.21590959296215334
0.6763685847375219,0.22650555081678728
0.6647990061181032,0.22492890731753964
0.26859603163453355,0.13093276103746926
0.6732833637723437,0.22618581192533146
0.6898719357833293,0.22851234550449098
0.3187584189344418,0.15017300945411208
0.6192809782354188,0.21740921561513404
0.5895747077992731,0.2126348681876421
0.6466678236245287,0.22240391511609722
0.5517697323295347,0.20432134199610477
0.4078772302428786,0.17409924395927798
0.36621021924351493,0.1617171585040978
0.4950622691249268,0.19350487456115653
0.524382886940425,0.19922741318400017
0.6748259742549328,0.22641734698466154
0.4896631324358646,0.19223694447434897
0.46883238159775886,0.1875289074277944
0.21883031560157679,0.11465868148974069
0.7056892025530201,0.2305191401921947
0.6239088096831863,0.21856689091178438
0.7647078268199358,0.23680405699826146
0.3696810928293406,0.1627315025735438
0.4989187953313997,0.193526925519188
0.5579456835830434,0.20614070354054131
0.8125342611033519,0.2417215781461146
0.467669914412665,0.18713183267638556
0.5656587359959891,0.20770632156077323
0.6713551006691072,0.22586607303387565
0.8811997102096021,0.2481940856022917
0.6404973816941719,0.22103675571814824
0.5027808308610245,0.19572115335015886
0.43835480592031867,0.1821040567383752
0.6717407532897545,0.22588812399190708
0.5992215326386077,0.2144652552110943
0.6119480691199684,0.2164498414339235
0.07374504505249012,0.05830517439118289
0.537500585365585,0.20212727167197697
0.5421284168133524,0.203141615741423
0.6424256447974084,0.22153290227385553
0.5093369254120287,0.1964929368812591
0.5602595993069271,0.20703376734081444
0.6767542373581692,0.22659375464891304
0.6316218620961321,0.2203309675542992
0.636635346164547,0.22077198671492793
0.5656587359959894,0.20788272922502468
0.48156442740227157,0.190439791394787
0.5201351987901526,0.19848854858310397
0.6852441043355618,0.22772953649437502
0.24969354389966422,0.12156094636726614
0.5023896689172251,0.19456332054666542
0.4757741287694101,0.18991041089518948
0.5702865674437567,0.208963226168565
0.5726059924907925,0.20905158750753386
0.669812490186518,0.2257006908486399
0.11619162527787652,0.0774571402222784
0.5803190449037383,0.21048489977957718
0.3870464794047728,0.16821148065804167
0.6227518518212445,0.21831330489442285
0.4510868517248313,0.18349342460119866
0.5455992903991781,0.20396852666760185
0.31296261097842826,0.14286280185300504
0.7049178973117257,0.23045298731810038
0.602306753603786,0.21527011517924172
0.6262227254070701,0.21921739417371172
0.7222722652408536,0.23211783464947375
0.5957451497296298,0.21361613582004094
0.4854209536087444,0.19143208450620158
0.6971993355756277,0.22941643478377985
0.645896518383234,0.2220731507456257
0.8237264510868515,0.24305589736728112
0.17523504149897662,0.09944304792752105
0.7087744235181985,0.23079477716758764
0.5776194765592073,0.2097020907694612
0.5436710272959416,0.20341725271681596
0.7469622969470082,0.23445547246107049
0.312576958357781,0.14280767445792647
0.6212092413386553,0.21805971887706138
0.34537395908225693,0.1554323204514525
0.4715319499422898,0.18790377371432884
0.1925894094281047,0.10594808054679451
0.49969560989584627,0.19374759260634536
0.6539952234168271,0.22352851397570042
0.6011497957418441,0.21501652916188022
0.742720118119888,0.23398137686339462
0.6235231570625391,0.2183904832475329
0.44182567950614443,0.1823576427557367
0.3156649339845354,0.14501284901449155
0.2824850353009881,0.13722846706228717
0.6489817393484124,0.22273467948656875
0.5641161255134,0.20732042979522314
0.211491897162974,0.11343453830530986
0.23079105616479484,0.11874929171141504
0.48657791147068624,0.1922038680373018
0.365053261381573,0.16132024125953195
0.17793460984350765,0.10481245620817556
0.7373182267692501,0.23331976936903004
0.5027808308610247,0.19488321694496427
0.5857181815928004,0.2114000145378817
0.758531875566427,0.2354367400934694
0.5984502273973131,0.21372654811704123
0.6250657675451283,0.21878740049209874
0.6686555323245763,0.2254581303102941
0.6894862831626819,0.22842414167236524
0.6894862831626818,0.22836901427728667
0.5795477396624438,0.21028644115729425
0.5656587359959893,0.2075850412916003
0.42060927604739134,0.1762162934371389
0.6104054586373792,0.21630651020671915
0.6439682552799976,0.2219628959554685
0.3928312687144822,0.16865249981867036
0.6266083780277174,0.21953713306516753
0.5274681079056034,0.19983381452986465
0.5004669151371409,0.19386887287551824
0.5482988587437091,0.20425518912201052
0.38164183339255864,0.1662267369283694
0.2091890000853945,0.10901363623369326
0.46767542373581694,0.18736352524255864
0.5868751394547423,0.21217179806898193
0.5043234413436137,0.19588653553539465
0.6204324267742086,0.21762956768860528
0.37547139146220193,0.16538880052317487
0.6185096729941244,0.2171997315138354
0.13241107263767113,0.09237524335791676
0.5239972343197778,0.19881947046041862
0.5282394131468979,0.20010945150525755
0.26434834348426134,0.12849597266815257
0.37855661242738037,0.16582981968380356
0.6204379360973608,0.21766280163249555
0.5290107183881925,0.2009473879104521
0.3893548858055045,0.16824439958824575
0.5776194765592073,0.20965798885339829
0.6806135182262182,0.22700177612591613
0.29098041160153265,0.14247691008745497
0.5255398448023668,0.19950305015939312
0.6478247814864705,0.22265750113345872
0.5571743783417489,0.20593121943924267
0.6416543395561138,0.22129034173550974
0.5347955076979019,0.2013773815920651
0.5486900206875084,0.20428842306590075
0.6509100024516488,0.22304339289900885
0.652452612934238,0.22330800439538606
0.5012382203784355,0.19448629970039846
0.5097225780326757,0.19684575220976203
0.5355668129391963,0.20141045802911225
0.5791620870417965,0.21007695705599563
0.5143504094804432,0.1970662617900764
0.3746973315593314,0.1635805432111756
0.3866553174609734,0.16624878788640082
0.5683583043405204,0.20788272922502468
0.6833130865707492,0.22756407555571773
0.027031494045799,0.024874504453939135
0.8241121037074988,0.2434307636538155
0.5529266901914766,0.20517030388031507
0.3469220788879983,0.15667835708707173
0.47268890780423173,0.18929298407030928
0.6277653358896592,0.21963636237630899
0.3936025739557768,0.1689171113150476
0.685629756956209,0.22787286772157936
0.6505243498310015,0.22298826550393025
0.6212092413386554,0.21826920297836
0.433341321851904,0.18085817760959907
0.6617110304913489,0.22469729350478804
0.2612631225190828,0.12723906806036075
0.35810049556361756,0.15759331433853316
0.3959192443412365,0.16976615195267938
0.6289222937516011,0.2198899483936705
0.6933428093691548,0.22892028822807256
0.08956506648375717,0.06420404192485647
0.26551631999250735,0.13042574650958935
0.09728362821985509,0.06990437208282561
0.6242944623038337,0.21856689091178438
0.17021604810740976,0.09816393485485472
0.3581115142099218,0.16077999278776178
0.8808140575889548,0.24737820015512857
0.6987419460582168,0.22964796984310992
0.06716140388572563,0.043607423329015814
0.31527652670231193,0.14410868098178117
0.3106486952545445,0.14275254706284787
0.5178212830662691,0.19738600068153223
0.45108685172483143,0.18419905525820462
0.46111381986166095,0.18703260336524405
