0.9021699959723292,0.2921833934884389
0.2403883522586754,0.08163816445347782
0.011878095830300802,0.004922573328157217
0.8297708467294606,0.26643748016079355
0.8721815136976138,0.280333500123323
0.16064753640802423,0.06660800885965194
7.066089131648307e-06,0.002352664456472441
0.9389348577242953,0.3018984112845134
0.9123451643219027,0.29231406682089744
0.01866154139668318,0.005358151103019044
0.9174468806749528,0.2940139090872958
0.0033987888723228353,0.004356322220836843
0.2975035507097886,0.09601386444057386
0.8750220815285363,0.2821204579446936
0.8829431674451141,0.28586697128072386
0.2799867157524325,0.0945770022557484
0.2992135442796475,0.09806216892686158
0.02319090453006974,0.008886875551618417
0.0,0.0
0.25567230305043065,0.09017712225742536
0.855781120823058,0.2732330379208566
0.20647819051589517,0.0761504289624374
0.9180051017163531,0.29418759572502196
0.933274920329845,0.29806478239351075
0.9366737092021677,0.3012014868447345
0.03904014245235689,0.018645451125179062
0.08032730124857795,0.03397942221697109
0.13236904770316774,0.046091206719222746
0.14989294874965556,0.05754690219808879
0.028850841924520036,0.013678775547317086
0.06449926159368574,0.027315082261585147
0.9536323231181237,0.3049474557085462
0.27038390062252243,0.09231254229868548
0.10466291221797472,0.04073305561620371
0.36825630118498315,0.15630490662029217
0.3733792158054282,0.16658726446812416
0.3213445354399701,0.14998957335701427
0.37394450293596004,0.16907005778483655
0.3694363380699684,0.16623989119267185
0.38187265494166944,0.1799170333233332
0.37508920937528706,0.1771293355642175
0.40506355947173917,0.1842739000163886
0.4056359126914027,0.18436156004357954
0.4259933154796815,0.1974729955391391
0.39658425251376117,0.18362053335409587
0.4344867546159227,0.20047957113012288
0.4175140085217035,0.1972552066517082
0.41072349686618953,0.18984984000683858
0.41411521964938075,0.1912436888863964
0.44070491305177323,0.20683900664310556
0.4327838271351955,0.20004344888304249
0.4163763681715081,0.19668841107216922
0.4276962429604087,0.19986921777309774
0.4276821107821454,0.19803870217424088
0.4655846128843069,0.21428793106546135
0.43617554991838664,0.2034409555269647
0.43842963235138255,0.2040066621620665
0.46106231584005203,0.21276340885344494
0.44861893287921933,0.20740525775042593
0.5096982073331873,0.22557102885103836
0.5588993859568545,0.2375946088538805
0.5079952798524601,0.22487355993904087
0.45144536853187867,0.20779727774780155
0.47010690992856186,0.21476706661780937
0.5215692370743564,0.22822805327769552
0.4734986327117531,0.21581245327747772
0.4763250683644124,0.21607379994239484
0.45880116731792453,0.21141311775137328
0.5062994184608643,0.22461221327412376
0.476332134453544,0.21694549996433707
0.5255333130772111,0.2296660044069581
0.48141971862833083,0.21833934884389491
0.45766352696772916,0.20949603106976267
0.5594646730873863,0.2377252821863391
0.5272291744688067,0.22979667773941664
0.5487171515181491,0.23511127106494953
0.510828781594251,0.22618083773584494
0.5334473329046572,0.23162610439383632
0.4859420156725857,0.2184264643988673
0.48650730280311755,0.21955896661350802
0.4672804742759025,0.21454927773037843
0.5555076631736633,0.23663633774918452
0.5447601416044261,0.2342401155152259
0.518742801421697,0.22814093772272315
0.5362737685573165,0.23236658661110143
0.4972548243723546,0.2228263443971903
0.5769956402230058,0.24195093107471738
0.5277944615993385,0.2299709088493614
0.5408031316907032,0.23315117107807132
0.5244027388161474,0.22905619552215156
0.5464560029960217,0.2348499244000324
0.5311861843825297,0.23088562217657121
0.5509783000402766,0.23585175328221464
0.5470212901265535,0.23498059773249097
0.49442838871969524,0.22143249551763244
0.5323167586435935,0.2314954310613778
0.5498477257792128,0.23572107994975605
0.49160195306703597,0.22117114885271535
0.5046106231584006,0.22387227552907724
0.495558962980759,0.22204230440243902
0.4904713788059722,0.22056133996790878
0.5232721645550836,0.22892552218969303
0.5543700228234678,0.23598242661467317
0.5283597487298703,0.2304064866242232
0.5249680259466792,0.22953533107449955
0.4995159728944821,0.2231312488395936
0.5786915016146014,0.24256073995952393
0.5306208972519979,0.23071139106662653
0.5430642802128305,0.2338916532953364
0.5424989930822987,0.23376097996287787
0.5973530430112844,0.24674283107041606
0.5809526501367288,0.2426478555144963
0.5170469400301014,0.22735689772797185
0.5119593558553147,0.2263115110683035
0.5294903229909341,0.23053715995668178
0.5679439800453643,0.23933691995332784
0.5764303530924739,0.24182025774225882
0.5611605344789818,0.23833509107114564
0.5826485115283244,0.24325766439930285
0.5142205043774422,0.22661641551070677
0.5396725574296393,0.2325849199707509
0.5221345242048883,0.22866363105255733
0.5645522572621731,0.23920624662086928
0.5967877558807526,0.24617657996309567
0.5622911087400456,0.23846576440360417
0.5396725574296394,0.2330204977456128
0.4780279958451396,0.21781665551406074
0.5475865772570854,0.234980597732491
0.5504130129097448,0.23572107994975608
0.5549353099539996,0.23654867772199356
0.5639869701316412,0.23907557328841075
0.595091894489157,0.24600234885315092
0.6097964259721173,0.24948751552426413
0.5866055214420475,0.24351901106421997
0.5685092671758961,0.23990317106064818
0.5634216830011094,0.2385964377360627
0.5832137986588564,0.24338833773176138
0.5419337059517668,0.23332540218801606
0.5289250358604023,0.23040648662422322
0.5696398414369599,0.24003384439310677
0.5057411974194642,0.22452564219137
0.5091329202026554,0.22539679774109367
0.5736039174398145,0.2410797755249937
0.591134884575434,0.245305424413372
0.575865065961942,0.2414282377448832
0.5572035245652589,0.23724614663399107
0.5719080560482189,0.24029573553024242
0.6035782675362666,0.2475709733148721
0.5379766960380438,0.23241068886080618
0.595657181619689,0.24613302218560948
0.5724733431787509,0.24051352441767335
0.5752997788314103,0.24125400663493846
0.6278926802382684,0.25310335552783586
0.6267621059772047,0.25253710442051547
0.4927325273280997,0.2213018221851739
0.5883084489227747,0.24417292219873127
0.5820832243977925,0.24277852884695486
0.5458907158654899,0.23437078884768442
0.5673786929148323,0.23929336217584168
0.6573017432041887,0.2584620511030735
0.514785791507974,0.22705199328556858
0.6058394160583941,0.2478758777572754
0.5068717716805279,0.22465631552382853
0.5877431617922428,0.24399869108878652
0.6137534358858402,0.24996665107661212
0.6143187230163721,0.2500973244090707
0.5939613202280933,0.24543609774583058
0.6392054889380373,0.2552817888743636
0.6222398089329498,0.2517530644257642
0.5543770889125995,0.23607008664186413
0.5883084489227746,0.24412936442124505
0.6131881487553084,0.24961818885672268
0.5945266073586252,0.24556677107828911
0.6024476932752029,0.24748385775989976
0.6035782675362665,0.24757097331487207
0.6205439475413542,0.25109969776347146
0.606404703188926,0.24818078219967868
0.5900043103143702,0.24473917330605163
0.5538118017820677,0.2359394133094056
0.6007447657944757,0.2468735044028746
0.6211092346718862,0.2516659488707918
0.6081005645805215,0.24839857108710958
0.6086658517110534,0.24892126441694376
0.5894390231838383,0.24421647997621743
0.621109234671886,0.2511868133184438
0.6589976045957843,0.2593332066527972
0.6018753400555394,0.2473526399552226
0.640901350329633,0.2557173666492254
0.609796425972117,0.2490083799719161
0.6312844030214596,0.2535824910801838
0.6154492972774358,0.2503586710739878
0.6318496901519915,0.2535824910801839
0.6160145844079676,0.2507071332938772
0.6013100529250075,0.24722196662276405
0.625631531716141,0.2522757577555984
0.5871708085725793,0.2438674732841094
0.6097964259721171,0.24926972663683325
0.6245009574550772,0.25205796886816745
0.6069699903194579,0.2483114555321372
0.6273273931077366,0.25288556664040496
0.6476847958960154,0.2571983310837556
0.6199715943216907,0.25096847995879434
0.6465542216349516,0.2570676577512971
0.6267621059772047,0.25253710442051547
0.6397707760685692,0.255630251094253
0.6284579673688003,0.2534518177477253
0.6250662445856091,0.2521450844231398
0.6335526176327189,0.2539314977722919
0.6341108386741189,0.25432297329744896
0.6064047031889259,0.24796299331224772
0.6324149772825233,0.2537131644126424
0.6211092346718861,0.2514481599833609
0.6431624988517605,0.25576092442671156
0.65164887189887,0.2575473377758637
0.6454236473738878,0.2565014066439767
0.6335526176327188,0.253713708884861
0.6437277859822922,0.25589159775917014
0.6556058818125932,0.25802647332821166
0.6522141590294019,0.2578957999957531
0.6194063071911589,0.2508378066263358
0.6375096275464418,0.2544106333246399
0.6703104132955532,0.26151163999932486
0.6578670303347205,0.2592460910978248
0.6380749146769737,0.25454130665709845
