0.624447162886986,0.3478539574825515
0.2238637432953797,0.2244516774332591
0.10191022866283994,0.08846657567100094
0.4738245349894922,0.31999160040008623
0.461246510460776,0.3062814639618482
0.40353188419434777,0.2936820640911578
0.6684545654151376,0.3648907775708579
0.4298171324613406,0.2961024751189483
0.5767384962830526,0.34188029464912334
0.35074182114739194,0.26360375992617197
0.5805338602929645,0.3425489470106819
0.3833317650010979,0.28747078099701046
0.248988425708102,0.23351992970861127
0.3557604843009944,0.2691298125010362
0.38088516671371664,0.28416620155724165
0.1132649540478655,0.12450749056426524
0.2665851133904206,0.2436933924989363
0.45243248329726166,0.3053917694972951
0.43863115962485494,0.3029603063643548
0.5541858787365516,0.33282309447892094
0.34694645713748007,0.2609457286376623
0.6684231987704276,0.3564856516044894
0.16730968288322198,0.15723829996518587
0.26159781688152817,0.23728869756466864
0.20996831968884289,0.19348920485629498
0.17860167497882753,0.1819950155005775
0.3507104545026819,0.26182989704964055
0.1371349706721872,0.1417543006504164
0.2024716916031492,0.1912843098789242
0.363257112386688,0.26978741275744494
0.2151124494212854,0.21539447726305672
0.21373231705404472,0.1972469206072027
0.46623380696966843,0.3064969800122679
0.3644804115303786,0.2770762761036909
0.28916909758163173,0.25076673979476244
0.15724098993130708,0.15480131077967074
0.39967378689501587,0.289686728079531
0.6006398795520843,0.34587010460817535
0.5064144788431981,0.32617525323135926
0.2929644615915436,0.26027707627610375
