0.48128979643047587,0.3020761379523765
0.5654778708321572,0.32309724194715994
0.5340171261880117,0.3133548112576744
0.46626517361437847,0.2927978956791795
0.22383237665066968,0.19084775172550994
0.1861610363539412,0.17669553108128272
0.520247169160315,0.31203408469228183
0.5528684796587309,0.31380242151623833
0.22380101000595964,0.1859792994070546
0.28656566607070044,0.22400406717469512
0.2677770458894012,0.22378855112427543
0.40466108340390833,0.27708180215626577
0.3644804115303787,0.2569614447311852
0.6093598067814687,0.3409961262371451
0.2477023932749914,0.20986289863561763
0.13955020231485837,0.10106597554169132
0.3845864307894985,0.27509242322931465
0.4172391079326245,0.28150817026873204
0.3004297230325272,0.24457203485833967
0.6295285593300085,0.3445493780427828
0.5942724506759512,0.3361276739186897
0.5515824472256203,0.31357585336066895
0.330635801888272,0.2512198761059013
0.330573068598852,0.24501964511690363
0.17602961011260626,0.15766933206602526
0.4825444622188764,0.3098126115571864
0.6043725102725761,0.34078061018672534
0.16097362065179888,0.13556512176656849
0.19867632759323736,0.18066876288261005
0.2363476678899658,0.19570515193881557
0.20501238982466047,0.18090085709075437
0.6458392145792164,0.36333795679732106
0.7400332486433927,0.3741855980017794
0.5716884664847401,0.33590663181569513
0.7186411969511621,0.3677643249097873
0.2941563940905242,0.2277728350307525
0.4410777579122362,0.2852658860196396
0.15457482513095575,0.10150253369510559
0.47623976663216344,0.29698664353092663
0.4699037044007403,0.2932178756748692
