0.2104775969644081,0.11117414889463971
0.21784046183958564,0.11770890446200429
0.19125076843719307,0.10664359556385816
0.19747599296217522,0.11108703333966737
0.22462390740596805,0.11884140667664503
0.22971149158075482,0.12128064221587126
0.17256802877311495,0.09418389331393562
0.22631270270843198,0.11988624886409485
0.23593671610573697,0.1278584110885034
0.174857441651769,0.10202647115032279
0.3897796086799839,0.17734657997942982
0.37846679998021493,0.17603930218262578
0.21104995018407163,0.11291700446630562
0.18390203574027883,0.1037687822497701
0.3897937408582472,0.17843661336102157
0.3626387603253227,0.1710301577717148
0.37564036432755565,0.1732516044235101
0.41523166173218107,0.18632057108602063
0.4548158930476749,0.1950332155276943
0.21839868288098585,0.11871018887196791
0.1431589658071947,0.08795404218897435
0.19124370234806143,0.105074971102137
0.26309169663866144,0.13600534889507526
0.2879855286494583,0.14807248667540363
0.24555366341391027,0.12925280444027984
0.26875870012224334,0.14101558225042346
0.2789480006500802,0.1458080267183407
0.5735897852615512,0.22504942446564136
0.6770726605945407,0.23916486673225745
0.5888454716967798,0.22792369330751086
0.5023424085471414,0.20557746451266198
0.44520601182863323,0.19241974887852334
0.45482295913680665,0.19655828221192928
0.5543558906452045,0.2195600555579452
0.6719709442414906,0.2379877177956933
0.21218759053426703,0.1143985133730544
0.26309876272779303,0.13822734001908918
0.21387638583673094,0.11544335556050421
0.4791373718388084,0.20030479554795955
0.2353855611534684,0.12581228449109
0.23029091088954998,0.12385164003199318
0.4333208499092008,0.18814999774044028
0.4389737212145194,0.18915182662262248
0.38527144381399225,0.17717343781392228
0.3705598462419005,0.17290368667583922
0.4022300577299482,0.18318441110701547
0.3937436846828386,0.1806575155405983
0.3943089718133705,0.18126732442540486
0.39714247355516147,0.18148565778505435
0.4242903879989542,0.1870185844702367
0.47066513096996204,0.20021822446520576
0.5028864974102784,0.20566294665097862
0.5176051610715017,0.21259026668793737
0.5786703033472063,0.22757523108762137
0.5396584252513761,0.21868890000822153
0.5091258541135237,0.21123997558586574
0.5588781876894594,0.2233060244217569
0.4887543191469817,0.20374640444158656
0.49666127288529616,0.20452989996411927
0.5034588506299418,0.2076671488875616
0.6001724125748122,0.23463322445703869
0.528910903682139,0.2143325777873847
0.6719780103306222,0.2380318200453981
0.7115551755569844,0.24831200000435577
0.6380395842313156,0.2359394133094056
0.6895160435553733,0.24378253561801136
0.6651874986751083,0.23790060224072096
0.4627369789642526,0.19834415108886277
0.4485977346118244,0.19385715553556734
0.368298697719773,0.17225032001354645
0.36434168780605,0.17198897334862936
0.33945492188438464,0.16532354444880626
0.2970371888270999,0.1538662155532845
0.278368581341285,0.14306279779227407
0.3468107206704305,0.168939384452378
0.3258880307516199,0.16305854001952477
0.30100126482995454,0.15443301113282346
0.3196628062266378,0.16070587556305235
0.30213183909101826,0.1559575333448399
0.3309756149264067,0.16432171556662406
0.29137725143264953,0.14846450667277927
0.28628966725786276,0.1461995022434978
0.291949604652313,0.15329996444596414
0.3190975190961059,0.15939914223846685
0.3077847103963369,0.15630599556472932
0.34511485927883495,0.1671970733529307
0.34059256223458,0.16580322447337287
0.34681778675956215,0.17090002891147482
0.3162640173543149,0.15817897999663516
0.2500900926364285,0.13260784225115302
0.27894093456094854,0.1449363266963985
0.2614029013361974,0.13535252670500114
0.23030504306781324,0.1244625378612369
0.26763519195031127,0.1384462178509573
0.25066244585609204,0.13456848671024985
0.23708848863419563,0.12907966227477224
0.27384628429703006,0.14271433557238458
0.2478360102034327,0.13047405562654868
0.261975254555861,0.13596288006202628
