0.18358897148771997,0.19414680511270382
0.30049245632194727,0.26049811837909825
0.14968162855619332,0.17159498455468306
0.15727235657601707,0.18707898386945254
0.09689156550923748,0.11300224910339798
0.5152285060067124,0.3334751686827549
0.17110504689313386,0.18752659412801656
0.18870173457545247,0.2063206989351297
0.2050751231140805,0.2222467824558883
0.10821492424955302,0.12582821712965778
0.4411404912016561,0.3064969800122679
0.6433298830024151,0.3673167146512233
0.34199052727329765,0.2664828333176762
0.34324519306169826,0.27024054906858386
0.49640851918070333,0.3199916004000863
0.29174116244785303,0.25254612872386867
0.31937517643737656,0.2613933388962263
0.34948715535899133,0.2742137808699112
0.4022144851165271,0.29654455932493745
0.13838963646058783,0.16540580567083515
0.5604592076785547,0.33591768392084487
0.712336501364449,0.3688640093721852
0.4549418148740629,0.3098126115571864
0.5667325366205577,0.3500643785124972
0.2502430914965026,0.24125640331342113
0.17486904425833572,0.18929493095197308
0.37335717198331303,0.2914605909560624
0.4901038235939901,0.3173335691115766
0.44490448856685794,0.3082653168362244
0.49766318496910383,0.3248545266659667
0.5453404849283272,0.335464547609706
0.5013958156895957,0.32772254795232125
0.34694645713748,0.2728820021993689
0.5277437972460085,0.3339117268361692
0.4135064772121326,0.2987549803548832
0.3657978106081992,0.2839396334016722
0.4524638499419717,0.30827084288879925
0.6069132084940874,0.3518382413890287
0.324362472946269,0.26536657069755365
0.45622784730717353,0.3149021059786363
0.35704651673410503,0.2757666016434481
0.47881183149838463,0.3168914849055874
0.3331451334650733,0.26647178121252646
0.17866440826824753,0.18996358331353166
0.4235438035193375,0.30229165400279623
0.3218531413694678,0.2620509391526351
0.22640444151689093,0.2271097087217688
0.6182365672344029,0.3520648095445981
0.2703491107556225,0.24303026618995255
0.2703177441109125,0.24302474013737768
0.31307048085066347,0.26116677074065686
0.6370565540604122,0.3558225252955058
0.41977980615413574,0.3007443592818343
0.23396380289200466,0.23993567674802863
0.275399140553935,0.2520985184653047
0.08930083748941375,0.11188598648327541
0.09943226373074873,0.12383883820270666
0.10946959003795365,0.13091218549853287
0.36322574574197797,0.27994982344262026
0.13713497067218722,0.1616480899199275
0.18365170477714002,0.19703140455678295
0.18863900128603242,0.19724692060720264
0.14720366362410214,0.16541133172341
0.14977572849032342,0.17559032056630985
0.11451961983626611,0.1576638060134504
0.1283836767980929,0.1585590265305784
0.17232834603682445,0.1888473206934091
0.7638405319782944,0.3732959035372263
0.5654465041874471,0.33613319997126456
0.09811486465292807,0.12382778609755694
0.06539945422038204,0.08534988201877754
0.11194755497004485,0.1322329120639254
0.07926351118220884,0.09066594459579688
0.3595244816661962,0.2773083703118352
