0.2803158270673063,0.19250589736502322
0.38174341946506307,0.24592485450641985
0.29285431607803014,0.19439532603057164
0.5218482447080627,0.2997489596783049
0.38176272429802804,0.2478256424625427
0.45130838505419824,0.2781360161453383
0.47452244669453003,0.29443659811965867
0.5160085327361705,0.29518631129757167
0.4532581731836566,0.2845805203312369
0.44166562098821444,0.2770038735180859
0.45130838505419835,0.2792719452027822
0.48996631306647626,0.2948152411388067
0.34699472012818405,0.2304004907213528
0.40397293462418316,0.25729550437143367
0.5401974884412312,0.3099761076254917
0.6194052180963505,0.3247659039534117
0.5199081089950869,0.2970946721140776
0.3701605196861034,0.24175978129579212
0.21462148048764007,0.14818194554356096
0.29768052431926334,0.19742447018375545
0.37404079111205496,0.2447964983093589
0.31221706354185774,0.21637933972230317
0.5884788756865282,0.3164206118113903
0.30734259321821217,0.19818554265224284
0.2628932153164545,0.18302088973536637
0.40594202758660625,0.27283501387726666
0.33638671441395357,0.22926834809410035
0.31995830156079574,0.2254743450422376
0.31706257661605586,0.21752284164013008
0.35183058078589974,0.2413849247068356
0.3943301705581993,0.2550274326867373
0.4667908610920744,0.28496673621076785
0.3489252034246773,0.23570149298942447
