0.2703177441109125,0.20412133001033375
0.19494369687274551,0.17161156271240766
0.45616511401775356,0.2839451594542471
0.5214391016592954,0.30848635893921894
0.5038737806216869,0.30517072739430046
0.5478184498604184,0.3120285586397069
0.5427684200621059,0.311580948381143
0.5327624603996111,0.3109233481247341
0.5465324174273077,0.31202303258713204
0.5114017753520905,0.30716010632125157
0.5892851541670588,0.32817568426346017
0.5001411499011951,0.2954504009151143
0.7048085066340455,0.33946540967390776
0.6458078479345065,0.3348179994584469
0.4348357956149431,0.2812926542183123
0.640789184780904,0.3308392416045447
0.5390357893416142,0.3113654323307232
0.5579185094570434,0.3202181685556557
0.6332298234057904,0.3292864208310079
0.45745114645086415,0.28616110653676763
0.6947711803268405,0.3376970728499512
0.7287098899030771,0.3536231563707098
0.4712524701232709,0.2877084012577296
0.4498917850757505,0.2817347384243014
0.40086571939399646,0.27376064455877236
0.47373043505536216,0.291681633059057
0.4021831184718171,0.2788556650327972
0.3242997396568489,0.23971463464503404
0.3368463975408551,0.24612485563187647
0.23634766788996583,0.19968390979271777
0.3494557887142813,0.2635982338735971
0.3820770992126973,0.2733240864053581
0.27662243969762557,0.23418858207016982
0.37699570276967476,0.2669028133133659
0.33938709576236636,0.25452998159824497
