0.0294161290550519,0.011239540008090857
0.011878095830300802,0.004922573328157217
7.066089131648307e-06,0.002352664456472441
0.01866154139668318,0.005358151103019044
0.9321443460687808,0.3027690223620185
0.8620204775263031,0.29536202230049313
0.908953441538711,0.30102562231813407
0.8314808402993191,0.2907873667200068
0.8552370319599207,0.29488288674814517
0.8744567943980041,0.29732212228737137
0.8382642858657015,0.2923118889320232
0.8320461274298511,0.2914407333822996
0.8529688173486616,0.2948823422759266
0.8727609330064084,0.29688654451250956
0.836003137343574,0.2918327533796752
0.8405254343878289,0.2926167933744265
0.8416560086488927,0.29270390892939885
0.8354378502130422,0.2915278489372719
0.8671080617010899,0.2967994289575372
0.8009412030723352,0.28521088225733826
0.832046127429851,0.291310060049841
0.7918966089838253,0.2841219378201837
0.8620134114371714,0.29505657338587127
0.8150804474247634,0.28826047115358966
0.38071381632407925,0.16179482000020687
0.10917814317309797,0.042300591133487705
0.801506490202867,0.28573357558717244
0.8885960387504324,0.299239208968982
0.8252626818634687,0.2897855378378246
0.8501423816960023,0.2937498400612858
0.8439242232601518,0.29270445340161744
0.031140254803174085,0.015118360093235422
0.7964189060280802,0.2843832844851008
0.8343143420411102,0.2914412778545182
0.8173415959468909,0.2888702800383962
0.8105581503805085,0.2873457578263798
0.8280820514269962,0.2903512444729264
0.8111234375110404,0.287868451156214
0.8150804474247635,0.2883911444860482
0.7149822287858336,0.2676979333467999
0.8269514771659325,0.29013345558549547
0.8128192989026359,0.28791200893370017
0.735911984793776,0.27166278004247973
0.8461853717822794,0.2933578200639102
0.8145151602942315,0.2879555667111864
0.88181259318405,0.2984987267517169
0.8495770945654705,0.2934449356188825
0.7794532260229927,0.2822484089160593
0.21894277174412277,0.09261744674108878
0.4016435723320215,0.1707252533293115
0.6974583277393459,0.2630808089332646
0.7019806247836008,0.26504090892014276
0.8207333187300822,0.28926230003577186
0.8196027444690184,0.2891751844807995
0.8524035302181298,0.2942289756136338
0.26701337610672615,0.11640162666520024
0.39429483963510725,0.16806822890265438
0.8212986058606139,0.28926230003577186
0.7664374898424965,0.2779786577779762
0.8405254343878289,0.2926167933744265
0.08994424855675129,0.03533025779126133
0.8145151602942317,0.2880862400436449
0.12106330509253045,0.051971506679857414
0.869376276312349,0.2967999734297558
0.46443284035584836,0.1964711666569569
0.7489135887960088,0.27632346223350124
0.7607846185371779,0.2774124066706558
0.20250704842390882,0.08141983109382836
0.8196027444690184,0.2891751844807995
0.11539630160894851,0.04696127332450926
0.8246903286438051,0.28965432003314745
0.3032200168172921,0.131300564454349
0.7376078461853716,0.27366643780684413
0.5057129330629377,0.2037464044415866
0.8235597543827413,0.2895672044781751
0.8258209029048688,0.29004634003052315
0.7704086319344828,0.280026962264264
0.7726697804566103,0.2805932133715843
0.8767250090092632,0.29732266675958996
0.5894319570947067,0.23280379780261903
0.701415337653069,0.2636906178180711
0.7986800545502077,0.284905977814935
0.23985839557380176,0.10280996667285551
0.7302591134884574,0.2706173933828113
0.508539368715597,0.20535804220857534
0.7879325329809707,0.28355514224064476
0.7856713844588432,0.28285821780086584
0.8105581503805085,0.28721508449392125
0.4474600942616292,0.1856241911184603
0.43276262886780065,0.18244447336196895
0.37619151927982425,0.15417220894012493
0.7845408101977794,0.2826839866909211
0.786801958719907,0.2829453333558382
0.504582358801874,0.2036592888866142
0.82921262568806,0.29043836002789875
0.7166780901774292,0.2680463955666894
0.8235597543827413,0.28956720447817513
0.10352527186777936,0.04034049114660949
0.7443912917517538,0.2751474022413743
0.7466524402738812,0.2756265377937223
0.5311791182933983,0.21594476002659202
0.7749309289787378,0.28107234892393235
0.769843344803951,0.27924292226951264
0.5164675207213065,0.2131559733230392
0.03054670331611563,0.013504544437372357
0.5798079436974019,0.23058126220638656
0.5594576069982548,0.22278442003635987
0.8869001773588367,0.2988036311941202
0.7721044933260786,0.28007052004175015
0.19911532564071766,0.08076646443153562
0.13805018336501296,0.06778515779621602
0.37677093858861943,0.16048917562005857
0.4932766161912368,0.20222188222957016
0.5962154026610891,0.23829207776587802
0.6392054889380374,0.2489659111388671
0.8082899357692493,0.28616915336203425
0.8608899032652394,0.2949264445256313
0.7528705987097317,0.27680259778584926
0.8077317147278492,0.2860825822792805
0.8082970018583812,0.2867359489415732
0.7534358858402637,0.27710750222825253
0.06450632768281739,0.032978137807007465
0.7048070604362602,0.26656543113215914
0.7771920775008653,0.28155148447628037
0.7234615357438117,0.26965803333367816
0.7890631072420344,0.28364225779561714
0.5554864649062683,0.22212996442962998
0.5673716268257007,0.22979722221163526
0.3388613703973263,0.1438909400367301
0.7093293574805151,0.26682677779707625
0.7630457670593054,0.27758663778060055
0.28284848185075,0.12393766664252841
0.5848955278721886,0.23162664886605494
0.7749309289787377,0.28129013781136325
0.7183739515690248,0.26865620445149596
0.5272079762014119,0.21472405331254177
0.7048070604362601,0.2662169689122697
0.6058252838801308,0.23990371553286677
0.5119452236770515,0.2055769200404434
0.535121996028858,0.21703261551930944
0.7924548300252255,0.284339182235396
0.45991054331159353,0.19472885555750963
0.7268532585270027,0.2698322644436229
0.9016047088417969,0.3005029289882999
0.18725842807781176,0.07658600673729923
0.5803732308279337,0.23066837776135893
0.4831014478416633,0.19995687780028867
0.6923566113862958,0.2618165444417281
0.5158881014125114,0.2074923733053983
0.7189392386995567,0.2695709177787058
0.5639799040425096,0.2247009622457519
0.5588781876894596,0.2225219844270056
0.5566311713455954,0.222348842261498
0.03847485532182503,0.021520264439267116
0.42937090608460937,0.18161687558973147
0.6454236473738878,0.24974995113361836
0.5221203920266251,0.21398357109527666
0.2047893952134312,0.08873917112816275
0.25401177210449327,0.11187161780663722
0.7421301432296264,0.2744504778015954
0.6804855816451265,0.26085827333703204
0.679355007384063,0.259638655567419
0.513641085068647,0.20710144225245977
0.802071777333399,0.2858206911421448
0.2245956430494414,0.10150323334827004
0.7828449488061839,0.28264042891343494
0.6522070929402701,0.251579377788038
0.41239815999039026,0.17695510445427282
0.5600087619505232,0.22295756220186744
0.7387384204464352,0.27423268891416447
0.6052741289278623,0.23877230226266322
0.7449565788822856,0.27523451779634667
0.7998176949004032,0.2850371956196121
0.5882872506553797,0.23236713108332005
0.7104599317415785,0.2676543755693137
0.7556970343623911,0.2774124066706558
0.43954607443418303,0.1847965933462228
0.7721044933260784,0.2804189822616396
0.6318426240628598,0.24691760665257934
0.5656757654341054,0.22753221778235377
0.7981218335088076,0.2846451756222365
0.4746080087054219,0.19838770886634896
0.7308102684407257,0.27144390221061165
0.4536782526974797,0.1861468844482945
0.6137534358858402,0.243737888896088
0.8060358533362537,0.28603902450179436
0.42031217981783636,0.18035261109819503
0.6533376672013338,0.25353947777491626
0.3977006945965617,0.17055211116380392
0.7364772719243077,0.27327441780946843
0.31283696412546547,0.13914150887408044
0.6697451261650212,0.25876750001769533
0.6471195087654834,0.25083889557077294
0.801506490202867,0.285385113367283
0.33093321839161677,0.14232177110279037
0.8043399919446581,0.2858212356143634
0.18951957659993923,0.0802013022686524
0.39032369754312096,0.16493097997921205
0.6652086969425031,0.25558669331676687
0.36261049596879624,0.15386621555328447
0.3529935486606228,0.1463301755759563
0.5520947421230772,0.22125880887990632
0.5622699104726506,0.2233060244217569
0.16972039485306067,0.07658491779286208
0.6233633171048818,0.2459593355478833
0.5351361282071213,0.22038765333018268
0.45482295913680665,0.19032952003140516
0.7692639254951558,0.27893692888267224
0.30150295715830155,0.12607199773935132
0.044170123161933555,0.03215162897920715
0.8258209029048688,0.2900463400305231
0.7166780901774292,0.26839485778657884
0.6499459444181428,0.2508824533482591
0.6686004197256943,0.2557609244267116
