0.5817571594366551,0.32530213692453075
0.3996737868950158,0.2852658860196396
0.2527210564285938,0.2301987721111179
0.20999968633355293,0.1999049518957123
0.16348295222860013,0.1711529003486939
0.12709764436498228,0.14949077425522625
0.3556977510115743,0.26204541310006024
0.4473510868542392,0.2932234017274441
0.37210250619491236,0.2766507700554263
0.31554844578275465,0.26094020258508743
0.14212226718107965,0.15257983764457533
0.2338697029578746,0.2209094777327712
0.37081647376180177,0.26736147567707963
0.18873310122016249,0.19527411983797616
0.1661177503842414,0.17360646769193364
0.167372416172642,0.18399544653267835
0.2565164204385057,0.23904598228347546
0.48505379379567765,0.2952238327595449
0.1421850004704997,0.15458026867667618
0.363194379097268,0.2664607291073767
0.3694990746839811,0.2671293814689353
0.2979831247451461,0.24369891855151113
0.5340484928327217,0.32043368460607535
0.08939493742354382,0.11986008034880444
0.10827765753897306,0.1362282480755522
0.10705435839528246,0.13446543730417052
0.14475706533672095,0.1685169732704837
0.3130077475612434,0.2531982029277027
0.19622972930585614,0.19615276219737957
0.09698566544336751,0.11987113245395417
0.10699162510586244,0.13135979575709683
0.25905711866001696,0.2392725504390449
0.281641102851228,0.24170401357198515
0.5289670963896992,0.3146755378230669
0.49004109030457016,0.2963235172219429
0.5227565007371162,0.3054028216024448
0.4624698096044666,0.2941186222445721
0.4926131551707914,0.30451312713789164
0.4373451271917443,0.29035538044108955
0.21006241962297292,0.21295748807754158
