0.21627301527555595,0.19879974138073953
0.7311878548351682,0.3719641248666841
0.356983783444685,0.2737661706113472
0.6169191681565824,0.34851708379153523
0.6294658260405884,0.3551483468813723
0.6922618487500394,0.3688640093721853
0.5177064709388036,0.3228596216864408
0.3193124431479565,0.2549720658042341
0.2426837301213889,0.230640856317107
0.36705247639659994,0.27399273876691665
0.287883065148521,0.24435099275534508
0.3255544054452495,0.25739800288459946
0.3569524167999749,0.26646625515995165
0.2188137134970672,0.19924735163930352
0.6106458392145793,0.34608562065859505
0.43737649383645427,0.3034023905703439
0.30798908440764095,0.2549665397516592
0.20498102317995043,0.18973701515796224
0.2263730748721809,0.2089787302236394
0.22640444151689093,0.2092052983792088
0.20504375646937045,0.19615828824995443
0.1573037232207271,0.1665275943435326
0.2012483924594586,0.18930045700454795
0.29672845895674543,0.25099330795033187
0.33185910103196264,0.25939290786412544
0.14845832941250275,0.14839108979282828
0.5704651673410496,0.33812257889821573
0.5240111665255167,0.3283912003138798
0.33694049747498517,0.26448792833815027
0.42856246667294007,0.2974287277369158
0.6320065242620997,0.3613430518177951
0.3921457921646121,0.28880255966755275
0.3745491044822935,0.27973430739220057
0.45745114645086415,0.3104757378661701
0.4700291709795803,0.3184387796265494
0.6144098365797811,0.34719083117356786
0.5227251340924061,0.32595421112836465
0.5529312129481511,0.33481247340587206
0.4787804648536746,0.3206436746039202
0.6596091716069132,0.3639955570537299
0.6094225400708886,0.3456490625051808
0.5779931620714532,0.3403329999281614
0.6031178444841756,0.34166477859870364
0.22260907750697906,0.20146329872182406
0.5491358489382391,0.33325965263233515
0.4335811298265425,0.2987549803548832
0.5603964743891346,0.33568558971270057
0.4536871490856623,0.3098126115571864
0.5679558357642482,0.33679632628024825
0.6194284997333835,0.3516116732334592
0.5013644490448856,0.3208647167069148
0.5327938270443211,0.33236995816778203
0.4047238166933283,0.29543934880996464
0.5177378375835138,0.3228651477390156
0.2716037765440231,0.23949359254203945
0.16351431887331014,0.17845281580008954
0.1861610363539412,0.18841076253999484
0.18365170477714,0.18575825730405998
0.2602804178037076,0.23064638236968188
0.5880618550233682,0.34100165228971996
