0.518913910097393,0.29481145470861514
0.5952548720572195,0.31226311146114555
0.5788361116205442,0.312259325030954
0.5624173511838688,0.30960503746672674
0.5382573527282556,0.30656453402296846
0.2522948620187064,0.17734881730852964
0.3807974826497814,0.2466897134050988
0.39239968726170604,0.25881386287821706
0.3228540265055357,0.22509570202308962
0.3643690697966236,0.2387306371426083
0.38659858495574373,0.2527517881416579
0.41560409648555513,0.2667805120010905
0.36630920550959933,0.2447927118791674
0.33248713815503717,0.22735998727759452
0.3363770619974711,0.22926456166390888
0.3450545844152083,0.23001806127201335
0.2464841072962616,0.16030230858648772
0.27934093300257723,0.17962824828380053
0.28033513190027126,0.18948432607222235
0.24356907751855678,0.1474208730750735
0.23485294543488958,0.13491429415261585
0.22032605862877772,0.11104085179533589
0.21549019797106206,0.10157098988644496
0.2416096369726161,0.1421085115164274
0.2338587465371956,0.11559214088549458
0.42137624154207004,0.2701807263130393
0.44651113406241255,0.2845843067614284
0.49092190229824045,0.2902677384788395
0.5015588652619183,0.2910325973775184
0.4310479628575014,0.2766252304989379
0.4291078271445256,0.27434958595385855
0.3894943099004836,0.2531304311608059
0.5227845291068619,0.29822302831113845
0.5160278375691355,0.2933006690622148
0.2986650708004749,0.19856797210158234
0.38080713506626385,0.2489653579501781
0.3634134805648594,0.2379771375345038
0.5228038339398269,0.3020170313630013
0.33828824046099953,0.22963563182267388
0.30736189805117714,0.21674662345087672
0.3228250692560883,0.2197833404644435
0.42333568208801076,0.2728425867376496
0.3750253375932665,0.24556135720803782
0.35762203067537957,0.23608392243876392
0.43975444252468604,0.27739008939761683
0.3585969247401087,0.23722363792639933
0.4011158193453731,0.2648835104751591
0.46584492427679275,0.2845956660520028
0.2899682435497727,0.1978068996330949
0.3025549946429089,0.20577354875596834
0.3469754152952192,0.2326647759758577
