0.44068371478437823,0.19011118667175567
0.41183993894898985,0.18266171777718127
0.6052529306604674,0.2306689222335775
0.4610481836617887,0.19708152001398205
0.6222115445764234,0.2311480577859255
0.5820690922195291,0.2230457667012769
0.540202514114513,0.214679951062837
0.5928166137887663,0.22483218005042904
0.3728209947640279,0.1753864799925516
0.4785791507974082,0.20304948000180764
0.48083323323040394,0.2041814377442298
0.2987118519513005,0.14715668440375662
0.23934257106719145,0.12494112894136633
0.39656305424636623,0.18035206662597644
0.36094289893372716,0.17107371554920095
0.3699804269331053,0.17168297996178894
0.22405862027543616,0.11801380890440755
0.23197970619201394,0.12067137780328327
0.2761144989082892,0.14410872892416102
0.24838716515570128,0.12794661558791293
0.20028829643657126,0.10546699109951264
0.21163643558199843,0.11470450675989484
0.19352604913758384,0.10520727785125128
0.2291603366284862,0.11984432450326439
0.4339002692179959,0.18889156890214254
0.33266441022887067,0.16166414666774837
0.6239215381462822,0.2314540511727659
0.4299291271260095,0.1866254755284239
0.47407098593141656,0.20152604673422841
0.5413613527321034,0.21633732449618626
0.534556708898326,0.21389645554030426
0.23368263367274117,0.12446144891679975
0.37224864154436443,0.1717270822114937
0.3462313013616353,0.16649905996871464
0.4061870676436712,0.18161633111751288
0.41466637460164923,0.18327152666198782
0.5402237123819079,0.2162932222464815
0.330968548837275,0.16027029778819052
0.29872598412956375,0.1539527866360383
0.2975954098685,0.14519767336131556
0.2925148917828449,0.14471908228118613
0.22067396358137664,0.11727387115936103
0.318532231965574,0.15822308224633994
0.44577129895916506,0.19620927551982126
0.4977918471463599,0.20553172884630147
0.26535991124992053,0.13931628445624375
0.2161516665371217,0.11648983116460974
0.26253347559726115,0.13835801335154774
0.2546194557698151,0.13504762226259787
0.33265027805060726,0.16057411328615662
0.2738321521187668,0.13966420220391462
0.5475795111679538,0.21964771558513613
0.4429519293956373,0.19220250446331102
0.4836596688830633,0.20527038218138438
0.4746221408836851,0.20287524889186292
0.4163622359932448,0.18549297331378314
0.4627440450533843,0.20104527776522468
0.5045823588018739,0.20653410220070226
0.3863949519859244,0.17791337555896877
0.5379484316815172,0.21450626442511084
0.6312702708431963,0.2391202200103341
0.4271026914733502,0.18649480219596531
0.5113799365465196,0.2068400955875427
0.5763950226468156,0.22269567106473173
0.31512637700411944,0.15478092888049433
0.349071869192558,0.16676149557806885
0.39486012676563903,0.1800030599338684
0.3258950968407516,0.15931311562793166
0.5181633821129019,0.21272039554817737
0.5690604221281645,0.22204339334687617
0.592823679877898,0.22997254226601715
0.5305926328954713,0.21302475551836206
