0.9467771836890978,0.25213065413143215
0.9340478925461612,0.2507303395430145
0.8538128648204925,0.2424606790072754
0.7851501703758182,0.23530467060554539
0.8846733384570037,0.24684905591579567
0.8719412926524912,0.2447320064379348
0.9344335451668084,0.2513698173259261
0.8781144892444238,0.24511797695690646
0.9325052820635721,0.25045470256762153
0.8985568328003063,0.24732315151347156
0.9332765873048666,0.25069726310596735
0.9436892080623435,0.2517557090914762
0.9217014993622958,0.2494843029073953
0.91398844694935,0.24889995251956223
0.7157161706898498,0.2301663248636917
0.9085893102602878,0.24889995251956223
0.7627768090551235,0.23300018798441732
0.8495679313317963,0.24209675944633519
0.8530415595791978,0.2421960675108982
0.9363618082700449,0.2514359702000204
0.8229551458455572,0.2383700687856011
0.8750265136176693,0.24482021027006054
0.9236325171271083,0.2500136046535713
0.9220899066445191,0.24989232438439837
0.7863071282377602,0.23560235853896977
0.7812936441693454,0.23515031389932534
0.7917062649268224,0.23721207847526457
