0.3402380285904576,0.23077913374050074
0.39142479319697693,0.2618392206012094
0.32382892057026474,0.2232062733575412
0.32767058233028645,0.2292569888035259
0.2629511298153493,0.19818932908243433
0.3672840995743285,0.2500975005774306
0.30931168618063537,0.2178901253687036
0.6232275750234071,0.32210025709861
0.3450738892481733,0.23267613526643213
0.2861362342062336,0.20766297742151674
0.2890319591509735,0.21220669365129247
0.523759423171591,0.2955763136072942
0.4368201079140163,0.2811613738683307
0.4290981747280432,0.27586037160025895
0.4532581731836565,0.2815513761780531
0.4107682358278395,0.2739709429347106
0.40785320605013464,0.26601186667222004
0.3740504435285374,0.25313043116080586
0.48319031669578477,0.291021238086944
0.4909315547147229,0.29405795510051075
0.3914247931969769,0.2550236462565458
0.4619743052673237,0.28383459358351537
0.3460391308964199,0.23911306659194775
0.3595621663883553,0.2493402145391346
0.3885483730852019,0.25465257609778075
0.2639067190471135,0.20007875774798276
0.23687030047972513,0.18303603545613228
0.2580959643246687,0.18757596525571651
0.24651306454570898,0.18606139317912462
0.23299968147025601,0.18227496298764484
0.19721817356975319,0.14779194323383854
0.22429320180307136,0.1735586006868584
0.2552098917964112,0.18720110866676004
0.2155867221358867,0.16559952442436793
0.5614328047026572,0.3080828925297519
0.5411434252565129,0.29785195815237353
0.6000424706325228,0.31224796574037966
0.5324465980058108,0.2970908856838861
0.5440294977847704,0.3035278170094017
0.5479194216272043,0.30618967743401193
