0.25392194941890417,0.11546346270446653
0.24542381845678352,0.10405169815609103
0.41867274895942663,0.1632059919383273
0.40747780431435104,0.16132032001295338
0.41519361138887284,0.16193782559125514
0.39745083617752147,0.1584536954688668
0.42831130981403287,0.16711995823548553
0.2566215177634352,0.11568397228478089
0.33378785249338194,0.14426303768800117
0.34189206685012713,0.14511215707905456
0.4244492742844079,0.16348139265345563
0.30601810914520094,0.14041506675809418
0.35809498624046543,0.15286322633394714
0.48154789943281523,0.1754997948079602
0.5178130190815409,0.18403390933323338
0.5398007277815885,0.1891498891033695
0.3438175752917876,0.14547591913315167
0.48231920467410977,0.17752848294685225
0.5008387944499079,0.1804725221043135
0.41828158701562723,0.16283096814494982
0.4348729136881889,0.16877393759468626
0.24620338768280625,0.11117439386050929
0.26434283416110915,0.12148361050731302
0.4024615655843602,0.15892771231312108
0.37623167805719226,0.15614913409431716
0.39088923230336536,0.15710842952210613
0.3928174954066018,0.15711945500112187
0.371986744568496,0.15582931644943984
0.285176339660791,0.12858425525369985
0.45686062238823655,0.1747388792490326
0.38896096920012896,0.15634767147002163
0.30832927020750867,0.14099933839250567
0.3966740216130747,0.1579573914063164
0.30022505585076353,0.1364015561361083
0.4425887207627107,0.16965605466936517
0.4078689662581504,0.1614638087470008
0.502381404932497,0.18151994261080667
0.2793943050126577,0.12808818745141407
0.3280058178452486,0.14252109075693933
0.3445971445178103,0.1491145634686031
0.28634431616903705,0.1352770360299266
0.4094060674175875,0.16149672767720488
0.3183617476674903,0.14213512023796765
