0.3650394880736928,0.1529735598775259
0.3542384600339925,0.15168350007926537
0.4302368182556933,0.16791371397119564
0.24004120973717774,0.11595968801359535
0.32916277570719055,0.1444284986266585
0.32028725610915076,0.14040404127907846
0.2867299687896844,0.1339870549850877
0.6115376245451366,0.19372562040173538
0.5833767192531563,0.19074850480722697
0.6261951787913097,0.19616233001763056
0.5841562884791789,0.19128898953926182
0.2531561535007617,0.12288376758888761
0.35848614818426483,0.15199237099854854
0.2882698246106975,0.1345823520985149
0.412874186341837,0.1624999675142136
0.4186617303131224,0.16396643497672564
0.43602987155013073,0.1704939123211382
0.4526211982226924,0.17305205971304932
0.5070009723955364,0.17847667414220397
0.5201214254822725,0.18690037637047688
0.41365100090628376,0.16393343729310003
0.48039369623244943,0.17760574005338384
0.40208693161001713,0.16219156911545973
0.517033449855518,0.1814978128993537
0.44991887521658536,0.1720596878482132
0.39667953093622693,0.16113288686968621
0.4244547836075599,0.16738456973186275
0.5667909019037467,0.19002074443876807
0.3411262709319847,0.1494012259230118
0.3303197335691324,0.1445608043748471
0.27939155035108165,0.13147293075581787
0.24080700565532023,0.11609183625494089
0.3526930948898274,0.1508013830045864
0.3314766914310743,0.1452002821577587
0.5016045903680504,0.177793173196651
0.4229066638018187,0.16456188959699591
0.4753774575024586,0.17581953369941603
0.5613972745378368,0.18819067242900206
0.6034444288346956,0.1931304020417297
0.3658107933149874,0.1550463499324808
0.37353486437423733,0.15953403490556403
0.3006162177945628,0.13898167573262935
0.2635797929045427,0.12856220429566842
0.3264687166858116,0.1431166241306312
0.2855675016045904,0.13172667428002247
0.27399516832359566,0.12906945508381296
0.3137284068965707,0.1403708860886098
0.33379611647811014,0.14770322340116973
0.5073893796777598,0.17988801420963735
0.4622652684004507,0.17359238693824106
0.2377162753669898,0.11197917507523512
0.275920676765256,0.1299293636936174
0.38163356940783044,0.1596332642167055
0.5027643028915683,0.17832247494282705
0.32029276543230284,0.1427195493792222
0.29251200343781764,0.13526593179748939
0.3592546987639834,0.15227895469953565
0.311417245834263,0.13908098379719233
0.39629112365400354,0.16032794814811727
0.3943656152123432,0.1597547019927215
0.37160660127100087,0.15772585634698635
0.3650477520584209,0.15487017852849388
