0.3279892898757924,0.13064617733648215
0.5918583222458206,0.18146497272257114
0.26394340823258156,0.10957569940323021
0.2813087948080139,0.11345698303044899
0.4286749251420717,0.15654589383203993
0.3152599987328557,0.12836382442680702
0.30521650262656985,0.12255292446499455
0.3457320650871437,0.13566284904205522
0.4900184837791754,0.17029537494543376
0.4001338765525962,0.15291843248244727
0.5228072205189233,0.17586347810863578
0.4383272593045582,0.1602287188369758
0.5066153197748892,0.17584158465744745
0.4900239931023274,0.17279831618884475
0.4418036422135359,0.16183859628011366
0.43601334358067445,0.1568659477371819
0.4379388520223348,0.1579573914063164
0.47574658215364957,0.16898326418914178
0.4483569821029637,0.16261030105779234
0.3677280377719196,0.14306133922870948
0.46108902790747647,0.16517939517529764
0.36077802661554026,0.13886039546345644
0.363097451662576,0.14088924110919157
0.37159007330154453,0.14711887301333668
0.39010415375419055,0.14732843586805686
0.42790637456235314,0.15504650743932383
0.33262538530828806,0.13448328029421652
0.3924180694780743,0.14888302840927306
0.4186479570052422,0.15375644764106333
