0.09994051160023795,0.27421109902067464
0.24509220701963116,0.4336521390527461
0.29327781082688875,0.46692629288127824
0.18500892325996432,0.37403356050627107
0.32956573468173705,0.4669835633697955
0.2212968471148126,0.4176164022679113
0.20880428316478283,0.39006929729110584
0.14812611540749554,0.33955672641887635
0.3652587745389649,0.47156520245117683
0.40095181439619276,0.488746349006357
0.20880428316478286,0.407250443846286
0.28078524687685896,0.4565603344596529
0.03926234384295063,0.20193574251188365
0.02617489589530042,0.13424202508447397
0.026769779892920884,0.17324322776473286
0.05175490779298038,0.24322776473283317
0.18441403926234384,0.3693946509363724
0.6287923854848304,0.5312983219746864
0.12433075550267697,0.30977607238989746
0.07555026769779893,0.2523910428955959
0.4134443783462225,0.5140026344424717
0.36585365853658536,0.47505870225073016
0.6412849494348603,0.5439550999370025
0.5574063057703748,0.5267166828933051
0.4015466983938132,0.4888036194948742
0.025580011897679958,0.1089857396483592
0.5211183819155265,0.5186415440123704
0.2082093991671624,0.3751216997880991
0.12433075550267698,0.32695721894507757
0.11183819155264724,0.29253765534620013
0.09934562760261749,0.2638451405990493
0.14872099940511602,0.3602313727736097
0.12373587150505652,0.3062825725903442
