0.4116852153936738,0.2716801526688653
0.2783949961872955,0.20727676154198582
0.46581596702734535,0.28988530902950005
0.5682088010733487,0.3236148291752019
0.5170027316338645,0.30882881927747335
0.249389484657484,0.18113146106981795
0.3141185895889036,0.22091169666150448
0.26483335102943023,0.19324803768255322
0.30735224563469465,0.21674283702068525
0.26098203685292615,0.18378574863404526
0.5053908746054574,0.3016232426230874
0.5682184534898311,0.32740504579687313
0.3759712744085482,0.25880629001783406
0.3692145828708217,0.2565344319029462
0.39239968726170604,0.26032843495480895
0.30833679211590626,0.21940091101510403
0.364378722213106,0.2497150711280911
0.4358645186822522,0.27737873010704234
0.3219080896902539,0.24441406886001943
0.3189641026631017,0.22205519857933137
0.3576220306753796,0.24744321301320324
0.2638681093811836,0.18794703541448154
0.320894585959595,0.23568634726865856
0.47547803592629423,0.2929182396128754
0.534396386135269,0.3198170396931477
0.4088184476983813,0.2637400085573322
0.42330672483856335,0.27245258442792714
0.4774085192227875,0.3008697430149828
0.438779548459957,0.28609509240782877
0.395276107373481,0.2614567911518699
0.4107392785783921,0.2644935081654367
0.39721624308645676,0.2629751496586533
0.36824934122257513,0.25123342963487455
0.27452437717782646,0.2008360437862787
0.2909527900309843,0.2156106943934328
0.26968851652011083,0.19363803999227566
0.28708217102151523,0.20916997663772569
0.32088493354311254,0.2235659842257318
