0.01885135347071924,0.012162841717276099
0.00379536400991186,0.004426368112466222
0.8618612966970923,0.4128900702361282
0.9158746588877389,0.41710092229817475
0.830463285342367,0.410010996844624
0.9309306483485463,0.4217428064610607
0.7965245757661303,0.4062422289885666
0.7199272293842727,0.39075822967379714
0.6659138671936262,0.37947403031592447
0.5905711866001693,0.3593481468382691
0.6583858724632226,0.37704256718298423
0.6458078479345064,0.3737214095854908
0.7626485994793137,0.39717950276578934
0.6973118785483516,0.3863318615613309
0.6671998996267369,0.37947955636849934
0.6772058592892318,0.3805792408308973
0.6332611900505003,0.37151098855554515
0.7274552241146764,0.39208448229176457
0.6646592014052257,0.3783688198009516
0.6885292180295473,0.3839003984283907
0.6558765408864213,0.37593735666801137
0.7123678680091591,0.3892054089002603
0.7337285530566795,0.39230552439475913
0.7437658793638845,0.39606324014566674
0.5277751638907185,0.3434220633175105
0.6985979109814623,0.3863373876139058
0.5943351839653712,0.36222169417719846
0.6269878611084971,0.3701847359375778
0.5805338602929644,0.3571377258083234
0.696057212759951,0.3852266510463581
0.6131551707913804,0.36575836782511156
0.6898152504626579,0.38390592448096555
0.7048398732787554,0.38677394576732005
0.640789184780904,0.3719530727615343
0.5378124901979234,0.3456324843474562
0.6496032119444182,0.374611104050044
0.5868071892349676,0.3584639784262908
0.5114645086415106,0.3383380949486354
0.559204541890154,0.35139063113046465
0.6282738935416078,0.37019026199015265
0.5478811831498385,0.3491746840479441
0.634547222483611,0.37151651460812
0.7111132022207585,0.3881001983852874
0.663404535616825,0.3772636092859788
0.6068818418493773,0.36443211520714414
0.7098585364323579,0.3869949878703146
0.5001725165459051,0.3343593370947332
0.5667011699758476,0.3527113576958572
0.6470938803676171,0.3737269356380657
0.6169505348012922,0.3666480622896647
0.7186725635958721,0.38965301915882433
0.6747278943571406,0.37992164057448846
0.7450519117969951,0.3960687661982416
0.5579185094570434,0.3513851050778898
0.5880932216680782,0.35846950447886566
0.5466265173614379,0.34740634722398755
0.7801825538722124,0.40203690297909495
0.7136539004422697,0.38921093495283515
0.679715190866033,0.38124236713988097
0.67344186192403,0.3799161145219136
0.7349832188450801,0.3936317770127265
0.7651265644114049,0.39938439774316015
0.7663812301998055,0.40048960825813296
0.5704965339857596,0.3536010521604103
0.7425112135754839,0.39495802963069393
0.7739092249302093,0.4018158608761004
0.5956212163984819,0.36222722022977333
0.5014585489790158,0.33436486314730807
0.45999184467237536,0.3199860743475114
0.657162573319532,0.37594288272058624
0.02139205169223048,0.045324683219036155
0.6056271760609767,0.362442736280193
0.6244785295316959,0.3679743149076321
0.216304381920266,0.20388923580218946
0.5918572190332799,0.35935367289084397
0.575515197139362,0.35647459949933974
0.581819892726075,0.3571432518608983
0.7362692512781908,0.39363730306530137
0.5441171857846365,0.34630113670901475
0.6571312066748219,0.3759373566680114
0.5742291647062513,0.3564690734467649
0.2075217214014617,0.1965948464033687
0.6810012232991436,0.38146893529545045
0.5365578244095228,0.3436431054205051
0.5454032182177472,0.3463066627615896
0.686019886452746,0.381689977398445
0.5265204981023179,0.34165372649355397
0.6182365672344029,0.36665358834223954
0.7212132618173833,0.390763755726372
0.5729744989178507,0.35447969451981376
0.7500705749505975,0.3965108504042308
0.6508892443775288,0.37461663010261886
0.6596719048963332,0.3770480932355591
0.5114645086415106,0.3376749686396517
0.5704651673410495,0.3535955261078355
0.5491672155829491,0.349180210100519
0.48006649728678524,0.3286067163642996
0.07672281296069759,0.0983968921480319
0.614441203224491,0.36576389387768643
0.5679872024089583,0.3527168837484321
0.42228913773093696,0.30936500129862243
0.49135848938239074,0.3319223479092181
0.5240111665255167,0.34054851597858116
0.45497318151877303,0.3188808638325386
0.7563439038926005,0.39673189250722535
0.45497318151877303,0.31777565331756574
0.5215018349487155,0.33988538966959736
0.5441171857846365,0.345638010400031
0.4637558420375773,0.3235227479954245
0.47128383676798097,0.3241858743044082
0.608167874282488,0.364437641259719
0.1032276277406606,0.11190809069357485
0.5290611963238292,0.3434275893700854
0.6257331953200966,0.3690795254226049
0.49010382359399013,0.33015401108526155
0.4800664972867853,0.32661733743734844
0.6445531821461058,0.372616199070518
0.28167246949593805,0.2445830869634894
0.5617138734669552,0.35139063113046465
0.6948025469715504,0.38412144053138525
0.7287412565477871,0.39209000834433944
0.5704651673410495,0.3529323997988517
0.5127505410746213,0.3383436210012103
0.5742291647062514,0.3544796945198137
0.7638718986230043,0.3980581451251928
0.6872745522411468,0.3827951879134178
0.3720711395502023,0.2899077701825256
0.5265204981023179,0.3414326843905594
0.44239515699005677,0.3135703273080941
0.4763024999215834,0.32507004271638645
0.51020984285311,0.3365697581246789
0.34697782378219,0.27907670713579175
0.025187415702142345,0.04621437768358928
0.6056271760609767,0.3633269046921713
0.03403280951036668,0.0725294400450926
0.5064144788431981,0.33568006366012576
0.44493585521156803,0.31711252700858206
0.4235751701640476,0.3093705273511973
0.061698190144600235,0.09110802880178603
0.340704494840187,0.27332961245793297
0.49010382359399013,0.329932968982267
0.1497443618456134,0.16917457352689252
0.10692889181644241,0.12272810163515896
0.11448825319155612,0.13975386961831554
0.2577710862269063,0.22755179292775796
0.4813525297198959,0.3286122424168745
0.37708980270380477,0.29079193859450386
0.44239515699005677,0.3151176220290561
0.2477337599197014,0.22335199297086117
0.36328847903139805,0.28416067550466684
0.18863900128603242,0.18354231022153947
0.28041780370753744,0.2425937080365383
0.5905711866001693,0.35868502052928536
0.22013111257488788,0.22069948773492631
0.0579341927793984,0.08867656566884577
0.0906182365672344,0.11034974386746316
0.3645431448197986,0.2863710965346125
0.41353784385684256,0.30340239057034396
0.41855650701044517,0.3073811484242462
0.28794579843794116,0.2591718657611309
0.20375772403625986,0.19438442537342301
0.4926445218155014,0.33192787396179296
0.51020984285311,0.33590663181569513
0.4110285122800414,0.30296030636435484
0.5717511997741601,0.3536010521604104
0.4763024999215834,0.32573316902537025
0.12082431542297922,0.15789037416901985
0.47881183149838463,0.3266173374373485
0.3808538000690066,0.291234022800493
0.19372039772905497,0.18355336232668917
0.4875944920171889,0.32904880057028874
0.39719582196292463,0.29963914876686143
0.6822872557322542,0.3814744613480253
0.4046924500486183,0.2998546648172811
0.24898842570810203,0.22556241400080682
0.07675417960540762,0.10591784970242207
0.6784918917223425,0.38058476688347215
0.16856434867162265,0.1804477207796155
0.19626109595056618,0.18775868833616083
0.7513566073837081,0.39651637645680565
0.2112857187666636,0.1985842253303198
0.4311031648944513,0.3102546957631756
0.2590257520153069,0.23904598228347546
0.32564850537937967,0.27001398091301443
0.3871271290110097,0.2960969490663735
0.49010382359399013,0.3308171373942453
0.4536871490856623,0.3173280430590017
0.3482324895705906,0.28106608606274286
0.314293779994354,0.26204541310006024
0.1823656723440294,0.18088980498560464
0.4336124964712525,0.31113886417515385
