0.48616326097238444,0.3345954767304932
0.49773650833486166,0.3353489763385977
0.25433152189650676,0.24933264167875166
0.26012297178598665,0.25349771488937944
0.2523913861835311,0.2489502122294122
0.32098145770793723,0.2830508025338791
0.3325836623198618,0.28646616256659385
0.33259331473634424,0.28949909314996913
0.4059806372525362,0.3118503905702742
0.41082615032673436,0.31261524946895314
0.3915213173618016,0.3080715332391774
0.3982683564830456,0.3103396049238738
0.3779789770369012,0.3061669588528631
0.23791276145983148,0.2406200658081567
0.26014227661895156,0.25539850284550225
0.3258076659491704,0.28380808857217504
0.18376270499319503,0.19363046713189266
0.19246918466037974,0.20651190264330688
0.2495053136552736,0.2466821405447158
0.3393403538575882,0.2913885218155175
0.263028349147209,0.2606957186833825
0.4726209206474841,0.3300404012101431
0.37799828186986617,0.30768910378983794
0.35772820725668675,0.3027667445409142
0.42050752405864805,0.32133539819993107
0.3296782849586395,0.2849478040598104
0.39247690659356577,0.30882503284728186
0.3751025569251263,0.305795888694098
0.44656904856130736,0.3277723295254467
0.41083580274321685,0.32132782533954807
0.35287304176600615,0.2982116690205641
0.33839441704230655,0.28950287958016063
0.3490120751730196,0.2948038818482323
0.43981235702358085,0.32512182839141085
0.18862752290035809,0.2053835464462459
0.2340517948668449,0.23607634957838097
0.19346338355807374,0.21258155024024897
0.22535496761614265,0.23304341899500566
0.18664877752145245,0.19589853881658906
0.19247883707686217,0.20840890416923827
0.1837434001602301,0.19248696521406577
0.15863746488933503,0.18225981726687893
0.16637870290827306,0.18453924824214976
0.17603111939073945,0.19059753654851738
0.2147180046524647,0.227356200847403
0.22826999739384754,0.23342963487453658
0.18762367158618157,0.19893146939996437
0.1973050453180954,0.21825362266708567
0.20505593575351588,0.2235659842257318
0.28717869518634,0.26903343796502094
0.23208270190442173,0.23606120385761503
0.25915773013773996,0.25311907187023147
0.28814393683458656,0.27244122513735275
0.3180857327631973,0.2826721595147311
0.2668893157401956,0.2625889337791224
0.2784818679356377,0.26637915040079363
0.23402283761739748,0.23606499028780648
0.29780600573353544,0.2781246568547639
0.2581731836565284,0.2504609978758126
0.19733400256754277,0.22091548309169592
0.24563469464580456,0.24175599486560065
0.24949566123879113,0.24516378203793243
0.24659028387756873,0.24478135258859293
0.23788380421038405,0.23720091934525042
0.22243993783843782,0.22849212990484694
