0.5826874257970484,0.31944975596457414
0.24750726344340304,0.19023782568032682
0.3218984372737715,0.24630349752556782
0.30061485892993317,0.20766297742151674
0.5585177749249526,0.3088326057076648
0.49286203801121614,0.3042813166175062
0.26584685476008924,0.20046118719732223
0.3953243694558933,0.2713204418006747
0.3692242352873042,0.2561595753139897
0.392399687261706,0.26032843495480895
0.34797926660939565,0.24820428548169068
0.30741016013358946,0.235697706559233
0.40497678593835973,0.2747282289730065
0.4300537639598074,0.2769925142275114
0.353761064082393,0.24895778508979516
0.28030617465082386,0.204618687547567
0.3653536162778352,0.24896157151998663
0.30447582552291974,0.21409990874703233
0.3837125124274862,0.2572992908016251
0.5083541664655746,0.3084653219790913
0.4426212102199786,0.2823010893559661
0.4668198183415218,0.2936868849417457
0.4272063010974798,0.2747395882635809
0.4551790040636674,0.2883631640925252
0.4812501809828091,0.3012408131737479
0.47836410845455163,0.30048731356564345
0.24744934894450826,0.1656033108545594
0.23292246213839635,0.13756479528665166
0.5720794200828178,0.31074475295436216
0.4011158193453731,0.2716990848198227
