0.1522850600671246,0.18133741524416863
0.2540698221511245,0.24568829747846221
0.24901979235281202,0.24104088726300144
0.20632978890248113,0.22047844563193178
0.31429377999435404,0.2680135498809136
0.22135441171857848,0.22423063533026458
0.11329632069257553,0.14064909013544355
0.1899877670085631,0.21185227756256875
0.5629058059659359,0.3425378949055322
0.5052225463442176,0.326186305336509
0.4737931683447822,0.32352274799542446
0.2715724098993131,0.25230850846314956
0.6960258461152411,0.3615696199733645
0.17991907405664817,0.20875216206806996
0.2502744581412127,0.241261929365996
0.2766538063423356,0.25872978155514176
0.11332768733728554,0.15634860550063273
0.46874313854646965,0.3230751377368605
0.5528998463034409,0.33768049469222655
0.1171544179919074,0.17802178369925012
0.16988174774944326,0.20300506739021115
0.15228506006712464,0.18332679417111977
0.22891377309369215,0.2299832560606982
0.22640444151689093,0.22556241400080682
0.23396380289200466,0.23993567674802863
0.19751576173896676,0.21339957228353074
0.29923779053354665,0.2642558341300059
0.42482983595244816,0.310033653660181
0.40343778426021765,0.30184404374423224
0.5479125497945485,0.3372439365388123
0.4976631849691039,0.3246334845629722
0.23019980552680278,0.22998878211327306
0.36576644396348923,0.29078641254192894
0.3393870957623663,0.27685523400069634
0.4675198394027791,0.31865982172954394
0.3331765001097833,0.2753189913848841
0.3997051535397259,0.29897602245787774
0.5127191744299112,0.3277280740048961
0.4637558420375773,0.317112527008582
0.5189611367272043,0.3356800636601257
0.657131206674822,0.3578119042224569
0.41102851228004145,0.30561281160028964
0.16232238637432955,0.19902078348373411
0.15981305479752833,0.18885284674598396
0.3130391142059534,0.26779250777791896
0.31937517643737656,0.2708981493249927
0.13845236975000785,0.18022667867662095
0.16608638373953138,0.1994628676897232
0.5968445155421725,0.3509485469244755
0.38587246322260904,0.2965390332723626
0.4461591543552586,0.31710700095600713
0.3230764405131583,0.2735396024557778
0.3594931150214862,0.28459723365808104
0.22009974593017784,0.22400959322727
0.40224585176123706,0.29986571692243086
0.3770898027038048,0.29344444383043866
0.3582384492330855,0.2843761915550865
0.34443712556067874,0.2812816021131625
0.3883817947994103,0.29676007537535715
0.23267777045889404,0.23042534026668732
0.6332611900505002,0.35581699924293086
0.5704965339857596,0.34940125220351353
0.29425049402465425,0.2611667707406568
0.2565164204385057,0.24656141378529078
0.43988582541325555,0.3142334536170777
0.4373764938364543,0.31047573786617005
0.2640757818136194,0.24899840297080586
0.151030394278724,0.1811163731411741
