0.24157545523279234,0.11609672222279693
0.449148889564093,0.1860592244211035
0.5164675207213063,0.20213585561903497
0.5294691247235392,0.20344258894362047
0.4604687643529936,0.1907209955565622
0.32359861787296584,0.14802892889791747
0.35980525858353174,0.15713468228140393
0.6075070130934631,0.22430894224837622
0.5860119699549888,0.2192115933380557
0.5509288374163552,0.20814519549547245
0.46328813391652124,0.19368237995340407
0.4361543516509917,0.18444813112633335
0.41748574416517686,0.17926366666104046
0.3812861695437426,0.16636893110847467
0.4927042629715731,0.2002612377704734
0.49156662262137774,0.19655828221192925
0.5413330883755768,0.20784137999750632
0.3677051462327146,0.1633187977400047
0.6538676238862078,0.22971065112888148
0.5351149299397262,0.20731868666767211
0.6227556334395602,0.22435141108142526
0.6029776499600765,0.22060598668983217
0.5515223889034137,0.2112399755858657
0.5679015835105743,0.21433148884294753
0.3620734731947909,0.1573965734185396
0.21384812148020438,0.09692912224000226
0.1974477286056486,0.09218078002178978
0.2500688943690335,0.12197811112786874
0.3230191985641707,0.14576283552419877
0.22742207870210074,0.10341977555766206
0.4129705132100536,0.17591026226682296
0.41070229859879454,0.17255576892816832
0.5843161085633933,0.21851466889827678
0.5684739367302379,0.21476761109002795
0.6402866005751795,0.2272703266452181
0.29928420517096405,0.1363984578368881
0.3897866747691155,0.16850489562195334
0.4033464998127486,0.17216320445857408
0.3954183478070392,0.1692437444225627
0.4502865299142883,0.18610332667080828
0.4604687643529935,0.1882382022398498
0.3490577370142947,0.1524734556181638
0.3648787105800553,0.15778695999925949
0.5006324149772825,0.20095925115468943
0.35187710657782245,0.1561753222322708
0.1861349199058797,0.08913119112553843
0.20932582443594944,0.09248622893641163
0.2104634647861448,0.09483889339288408
0.22232742843818232,0.10128489998862053
0.31058288169246967,0.13883714890389576
0.377322093540888,0.16358068887714036
0.33942665752785806,0.15029393332719895
0.3003935811646328,0.1378777888547626
0.7115481094678527,0.2329791178570009
0.5424636626366404,0.20792849555247866
0.2817603041244762,0.1343948000725237
0.2630634322821348,0.126464017736727
0.3473477434444358,0.1513398644590859
0.31566339977812485,0.13988199109134555
0.2274291447912324,0.11017177554023895
0.4276679786038821,0.1795691155756623
0.43104556920881004,0.18139745328564483
