0.4010641530232263,0.1487710445318383
0.3015100232474332,0.10507769346322988
0.32469386168837133,0.11919095784097164
0.3541099907434232,0.13208569339353743
0.42424092537503266,0.1569163489217544
0.406151737198013,0.15639365559192023
0.49042898227118237,0.18418732893363485
0.5537552730690145,0.19425026447738014
0.4525335462581525,0.17447231113756037
0.3371443107383356,0.12812139117007623
0.3473194790879092,0.12938456671717552
0.3874901958013298,0.14711530451514476
0.5390719398534494,0.1922912534349391
0.5645310589947781,0.2052295467649911
0.6261685544901463,0.21834207120498778
0.5458483193307,0.19268272896009617
0.5605669829919234,0.20270265119857395
0.5566029069890688,0.1975622889829858
0.5860331682223839,0.21063234458993346
0.2607810854926124,0.09209529788347315
0.30319881854989716,0.1083875400799612
0.28113848828089116,0.09919576008593949
0.39030249927572586,0.1483338333403207
0.4355608001639332,0.16745842001784778
0.4253926979034913,0.1635823222937961
0.47233272800503107,0.18017946893268744
0.5170116095844433,0.18958958228635864
0.4485765363444294,0.16963739783659407
0.4016223740646264,0.15242935336845903
0.38014852919354714,0.14593978899523644
0.4010712191123579,0.150949477878366
0.36203107666000095,0.13217335342072836
0.36599515266285565,0.13496159565206264
0.36938687544604687,0.13936093117816709
0.375612099971029,0.14171359563463953
0.30773524777241534,0.11261373344055804
0.5271726457557535,0.19011118667175564
0.3286650037803576,0.12097791566234228
0.3303749973502165,0.12655440012501082
0.36714692519131437,0.13857852460007156
