0.19631171921475313,0.3762671095584445
0.06305770374776919,0.24202508447397056
0.14812611540749554,0.33955672641887635
0.07495538370017846,0.24660672355535193
0.07555026769779893,0.2523910428955959
0.09934562760261749,0.2878987457763015
0.0511600237953599,0.21338984021533705
0.1719214753123141,0.3590286925147471
0.19690660321237358,0.39121470706145123
0.46044021415823916,0.49676421739877435
0.4973230220107079,0.5140599049309891
0.18441403926234384,0.3693946509363724
0.12373587150505651,0.3120096214420709
0.544913741820345,0.53353187102686
0.22070196311719215,0.4003779852242139
0.049970255800118976,0.12851497623274727
0.0874479476502082,0.2718630089914667
0.09994051160023795,0.29139224557585475
0.2325996430696014,0.4232861806311207
0.31707317073170727,0.47379875150335027
0.2688875669244497,0.4405245976748181
0.13622843545508626,0.3235209896340416
0.28138013087447944,0.45089055609644346
0.31647828673408684,0.45312410514861684
0.5211183819155265,0.5209323635530612
0.1356335514574658,0.31544585075310694
0.18500892325996432,0.37403356050627107
0.3646638905413444,0.486398258977149
0.652587745389649,0.5381707805967585
0.6287923854848305,0.5335891415153772
