0.47031438952567484,0.14457190860728433
0.4737880177730765,0.145387872807869
0.4815120888323266,0.14610484395757686
0.4714823660339209,0.14535503263108646
0.4483321901487793,0.13978685071446287
0.42171665000096414,0.13709647632778466
0.49539833783720505,0.1497653817442166
0.48189498679139775,0.14681039586116118
0.45527944664358266,0.14405386860038868
0.48073802892945594,0.1458842556238409
0.329507108404197,0.1109760139916479
0.34956379933943216,0.11254171076530135
0.3541971401103518,0.11298288743277314
0.39355849937055987,0.130128216083008
0.4745648323375232,0.14538803031471206
0.4776528079642776,0.145762975354668
0.48807093804490653,0.14917000587736787
0.45449712275598386,0.14000720278793416
0.5683032111089993,0.16676714290698252
0.5266389547712117,0.15577434656120429
0.5791097484718516,0.1672855766809859
0.5166119866343821,0.15456154386947535
0.5949187512568144,0.17138697612141135
0.5636781343228077,0.16350367987175163
0.5339691092250862,0.15722978854470057
0.5478553582299648,0.15967752363961144
0.6280986499403616,0.1732506758421753
0.5528743516215315,0.1617835476384566
0.6396654738982044,0.17522415783256726
0.5393710005757244,0.1575937081056408
0.4186286743742098,0.13404233988700937
0.3981890854799034,0.13383285578571072
0.4190198363180092,0.13566324280916292
0.3603841100101648,0.12710699857243674
0.3916274816057474,0.1293232773614391
0.4259643381512365,0.1396104430502114
0.39510110985314906,0.1317820379353657
0.29323372477074333,0.09494433747542205
0.5196972075995604,0.1550797413832141
0.4957839904578523,0.15079075129267835
0.5439960773619158,0.15764875674729784
0.5220111233234441,0.15574127012415714
0.4996377620027491,0.15363524612531199
0.5312722955421313,0.15707551059190206
