0.2301684388820928,0.23285680339962755
0.24023713183400774,0.23595691889412637
0.09325303472287569,0.13601273202513248
0.2778771054860262,0.2565138344726212
0.10699162510586244,0.14042252197987412
0.3783444684922054,0.28902360177054726
0.5027132147674164,0.32839672636645467
0.6294971926852984,0.3555959571399363
0.2665851133904207,0.24966152927978957
0.546626517361438,0.3387857052071994
0.5227565007371161,0.3365697581246788
0.22132304507386844,0.2288669934405756
0.5252971989586275,0.3385646631042048
0.4360904614033437,0.3069335381656821
0.46369310874815717,0.31356480125551917
0.5641918383990465,0.34276446306110164
0.3557291176562844,0.2830499389371191
0.29672845895674543,0.25850873945214714
0.4763338665662934,0.3202126425030808
0.2553244879395251,0.24767767640541333
0.4210658385872463,0.30671802211526245
0.33192183432138267,0.270235023016009
0.4147611430005333,0.2956603909129592
0.5867758225902575,0.34939572615093867
0.3545058185125938,0.281508170268732
0.12339638028920047,0.16121705781908807
0.24522442834290017,0.23794077176850262
0.46494777453655783,0.3137858433585138
0.5792478278598538,0.3467432209150038
0.16235375301903954,0.1983631832273252
0.20131112574887866,0.22246782455888287
0.15099902763401402,0.18088980498560464
0.1271917442991123,0.1766955310812827
0.10827765753897306,0.15656412155105243
0.1560176907876165,0.1811108470885992
0.17991907405664814,0.20455236211117314
0.33317650010978334,0.27156127563397636
0.2502744581412127,0.2432513082929471
0.16988174774944326,0.19858422533031977
0.19877042752736737,0.21118915125358506
0.601863178695775,0.34940125220351353
0.3683071421850005,0.28460275971065596
0.4398858254132555,0.30738114842424613
0.3017157554656379,0.2593873818115506
0.3331451334650733,0.2708926232724178
0.3343997992534739,0.27575554953829834
0.38213983250211725,0.2927868435740298
0.4461591543552586,0.3118019904841375
0.308051817697061,0.263156149667608
0.3632884790313981,0.28438171760766134
0.3117844484175528,0.26956084460187557
0.39845048775132524,0.29543934880996464
0.3883817947994103,0.2932234017274441
0.14720366362410214,0.17911594210907325
0.4850851604403877,0.326838379540343
0.24898842570810203,0.24324578224037224
0.41607854207835393,0.2985449903570383
