0.8543019353219786,0.4126635020805588
0.9510053009629561,0.42262697487303896
3.136664471001537e-05,0.022330778455026224
0.8593205984755812,0.41531600731649365
0.9170979580314295,0.422179364614475
0.895737272983909,0.42128967014992186
0.8593205984755812,0.4157580915224828
0.03284087701138609,0.0864661446389001
0.016436121828048055,0.058598261503859946
0.04033750509707977,0.08690270279231438
0.8907186098303065,0.418637164913987
0.005112763087732505,0.04245666193268163
0.8027979047081334,0.40646327109156116
0.8116119318716478,0.40735296555611433
0.7349832188450801,0.3936317770127265
0.7212132618173833,0.390763755726372
0.7274552241146764,0.39120031387978627
0.0189768200495593,0.06987693480915778
0.6872745522411468,0.3827951879134178
0.7563439038926005,0.39673189250722535
0.6659138671936262,0.37947403031592447
0.7638718986230043,0.3982791872281873
0.6458078479345064,0.3737214095854908
0.6646592014052257,0.3783688198009516
0.7500705749505975,0.3965108504042308
0.5868071892349676,0.3584639784262908
0.6985979109814623,0.3863373876139058
0.67344186192403,0.3799161145219136
0.6269878611084971,0.3701847359375778
0.7123678680091591,0.3892054089002603
0.6131551707913804,0.36575836782511156
0.6671998996267369,0.37947955636849934
0.6445531821461058,0.372616199070518
0.6583858724632226,0.37704256718298423
0.04921426555001411,0.1101287017644686
0.696057212759951,0.3852266510463581
0.6885292180295473,0.3839003984283907
0.5679872024089583,0.3527168837484321
0.5478811831498385,0.3491746840479441
0.030268812145164827,0.07407673476605456
0.6973118785483516,0.3863318615613309
0.679715190866033,0.38124236713988097
0.7651265644114049,0.39938439774316015
0.34443712556067874,0.28128160211316255
0.8329412502744582,0.4122158918219948
0.23016843888209282,0.2299832560606982
0.5742291647062513,0.3564690734467649
0.634547222483611,0.37151651460812
0.4750478341331828,0.326838379540343
0.6282738935416078,0.37019026199015265
0.7337285530566795,0.39252656649775364
0.5704651673410495,0.3529323997988517
0.33314513346507324,0.27730284425926033
0.7676672626329162,0.4004951343107078
0.6558765408864213,0.37593735666801137
0.5805338602929644,0.3571377258083234
0.6332611900505003,0.37151098855554515
0.5001725165459051,0.3343593370947332
0.5454032182177472,0.3463066627615896
0.42605313509613874,0.30936500129862243
0.5491672155829491,0.349180210100519
0.7274552241146764,0.39208448229176457
0.6772058592892318,0.3805792408308973
0.5114645086415106,0.3383380949486354
0.5441171857846365,0.34630113670901475
0.6898152504626579,0.38390592448096555
0.5466265173614379,0.34740634722398755
0.6470938803676171,0.3737269356380657
0.5215018349487155,0.33988538966959736
0.5704651673410495,0.3535955261078355
0.5943351839653712,0.36222169417719846
0.5617138734669552,0.35139063113046465
0.7425112135754839,0.39495802963069393
0.7136539004422697,0.38921093495283515
0.5880932216680782,0.35846950447886566
0.7437658793638845,0.39606324014566674
0.6068818418493773,0.36443211520714414
0.663404535616825,0.3772636092859788
0.7739092249302093,0.4018158608761004
0.5905711866001693,0.3593481468382691
0.6810012232991436,0.38146893529545045
0.12461967943289108,0.16961113168030678
0.041623537530190394,0.09508678665568825
0.7199272293842727,0.39075822967379714
0.7575985696810013,0.3969529346102199
0.51020984285311,0.3365697581246789
0.581819892726075,0.3571432518608983
0.4637558420375773,0.3228596216864408
0.7663812301998055,0.40048960825813296
0.3532511527241931,0.28570797022562877
0.05551896113672721,0.11543923828891309
0.25278378971801385,0.24303026618995258
0.6068818418493773,0.362442736280193
0.608167874282488,0.364437641259719
0.2967284589567454,0.26646625515995165
0.6571312066748219,0.3759373566680114
0.5265204981023179,0.34165372649355397
0.38712712901100965,0.29852841219931375
0.4436498227784574,0.31777012726499093
0.41855650701044506,0.3080442747332299
0.09319030143345566,0.14351711142179807
0.4637558420375773,0.3235227479954245
0.051723597126815346,0.11233912279441427
0.3494871553589913,0.2821712965777157
0.4549418148740629,0.3210857588099094
0.6948025469715504,0.38412144053138525
0.7927605784009285,0.4040318079586209
0.5240111665255167,0.34054851597858116
0.5956212163984819,0.36222722022977333
0.614441203224491,0.36576389387768643
0.5905711866001693,0.35868502052928536
0.24149179762240836,0.23794629782107748
0.6496032119444182,0.374611104050044
0.6747278943571406,0.37992164057448846
0.5365578244095228,0.3436431054205051
0.5729744989178507,0.35447969451981376
0.6244785295316959,0.3679743149076321
0.5277751638907185,0.3434220633175105
0.3821398325021172,0.29654455932493745
0.3783444684922054,0.2934444438304387
0.5265204981023179,0.3414326843905594
0.8229039239672533,0.40978442868905457
0.48006649728678524,0.3286067163642996
0.5378124901979234,0.3456324843474562
0.3946864903861234,0.2987549803548832
0.7450519117969951,0.3960687661982416
0.4737931683447822,0.32507004271638645
0.03277814372196606,0.08004487154690791
0.16608638373953144,0.19835765717475035
0.7186725635958721,0.38965301915882433
0.5667011699758476,0.3527113576958572
0.5579185094570434,0.3513851050778898
0.6056271760609767,0.362442736280193
0.39845048775132524,0.30162852769381254
0.07942034440575893,0.13180740601566082
0.49135848938239074,0.33258547421820184
0.6257331953200966,0.3690795254226049
0.3783444684922054,0.2945496543454115
0.4235438035193375,0.30936500129862243
0.7965245757661303,0.4062422289885666
0.0869169724914526,0.14108564828885783
0.3620338132429974,0.29079193859450386
0.3130391142059533,0.2677925077779191
0.5704965339857596,0.3536010521604103
0.3168344782158652,0.27221887589038524
0.19121106615225372,0.21427821464293414
0.5114645086415106,0.3376749686396517
0.45368714908566227,0.31931742198595287
0.5378124901979234,0.34496935803847245
0.10451366017377123,0.15590099524206874
0.559204541890154,0.35139063113046465
0.06555628744393213,0.12030216455479358
0.4436498227784574,0.3171070009560072
0.042878203318591004,0.10039179712755789
0.248988425708102,0.2388249401804809
0.6596719048963332,0.3770480932355591
0.2402057651892977,0.23573035073855694
0.4185251403657351,0.30649145395969307
0.1811737398450488,0.2102994567890319
0.7111132022207585,0.3881001983852874
0.49010382359399013,0.329932968982267
0.7362692512781908,0.39363730306530137
0.6810012232991437,0.38124789319245583
0.1799190740566482,0.20565757262614595
0.4875944920171889,0.32904880057028874
0.575515197139362,0.35647459949933974
0.09701703208807755,0.15325401605870878
0.6508892443775288,0.37461663010261886
0.5127505410746213,0.3383436210012103
0.3821398325021173,0.29543934880996464
0.1711677801825539,0.20278955133979146
0.5918572190332799,0.35935367289084397
0.6784918917223425,0.38058476688347215
0.686019886452746,0.381689977398445
0.3382265299080957,0.27996640160034486
0.640789184780904,0.3719530727615343
0.33694049747498506,0.27996087554777
0.5064144788431981,0.33568006366012576
0.5014585489790158,0.33436486314730807
0.3582384492330855,0.28636557048203765
0.27414447476553433,0.2554141500102232
0.24146043097769831,0.23705660335652437
0.42733916752924944,0.3120230325871321
0.49010382359399013,0.3308171373942453
0.7638718986230043,0.3980581451251928
0.29425049402465414,0.26116677074065686
0.7287412565477871,0.39209000834433944
0.44239515699005677,0.3157807483380398
0.16611775038424142,0.2007946463602655
0.43988582541325555,0.31423345361707783
0.4059784824817289,0.3042810329297474
0.657162573319532,0.37594288272058624
0.797810608199241,0.40624775504114147
0.46504187447068795,0.3235282740479994
0.7801825538722124,0.40203690297909495
0.4072331482701295,0.3062704118566985
0.1799190740566482,0.20875216206806996
0.1095636899720837,0.1662955001353883
0.23393243624729465,0.23550930863556238
0.21633574856497603,0.22378855112427543
0.35325115272419305,0.28371859129867766
0.08569367334776198,0.13445991125159565
0.3770898027038048,0.2934444438304387
0.1384837363947179,0.18244262575914147
0.3733571719833129,0.2914605909560624
0.43358112982654246,0.31334375915252466
0.31052978262915215,0.26690833936594077
0.27038047740033255,0.2507722658473373
0.14977572849032345,0.19703140455678295
0.36077914745459677,0.28880255966755275
0.33189046767667263,0.27597659164129296
0.29547379316834477,0.26182437099706574
0.08440764091465137,0.13268604837506423
0.3205671089363571,0.27530793927973435
0.3620338132429973,0.2888025596675527
0.22013111257488788,0.2286570034427308
0.6169505348012922,0.3666480622896647
0.4813525297198959,0.3286122424168745
0.08820300492456323,0.1410911743414327
0.4926445218155014,0.3325910002707767
0.2904551300147423,0.2591718657611309
0.8329412502744582,0.4117738076160057
0.28920046422634177,0.2585087394521472
0.4725385025563815,0.32484900061339195
0.06053762429032967,0.1187548698338316
0.44364982277845744,0.31578074833803976
0.4699978043348703,0.3248434745608171
0.04670493397321288,0.10371848077762613
0.3519964869357925,0.283055464989694
0.06677958658762273,0.1244964384591155
0.39845048775132524,0.3022916540027963
0.11960101627928861,0.16916904747431769
0.48888052445029956,0.3290543266228636
0.06684231987704276,0.1247285326672598
0.44239515699005677,0.3151176220290561
0.12465104607760108,0.17293228927780022
0.25027445814121263,0.24126192936599603
0.21884508014177725,0.2259989721542211
0.31557981242746463,0.26956637065445044
0.2628211160252188,0.24700902404385477
0.49010382359399013,0.33015401108526155
0.20002509331576804,0.22246229850630803
0.17364574511464512,0.20300506739021115
0.4198425394435557,0.30804980078580474
0.14475706533672097,0.19305264670288075
