0.3765952933852311,0.14308331143331937
0.40399040275906906,0.15114333036091673
0.485770795628903,0.16446273903927602
0.446040311717504,0.15847566767347668
0.2944154745868697,0.1187490554511504
0.36424339087821367,0.13580618026925956
0.3021340363229676,0.11889254418519782
0.3391704612129877,0.13231094591443396
0.5494255153283144,0.1732837522792225
0.3819971847358693,0.14321569593492953
0.3742841323229235,0.13729501370348912
0.32374160172552,0.12704068819149933
0.3758212334823606,0.14001814951352834
0.3924125601549222,0.14707469234385226
0.47844064117502855,0.1640436920832572
0.4545274240333204,0.16187159396373926
0.44526900647620943,0.15713055923355915
0.5910842623429499,0.1833943527969002
0.5856768616691598,0.1741547651214642
0.43253420601012066,0.1569980172251059
0.321042033380989,0.1267540257370907
0.3754383355232893,0.13819902422935643
0.334159731806149,0.12886004973593587
0.411708964495167,0.15367934804137487
0.49503196784759,0.17057101192082672
0.3592299068097989,0.13556361973091377
0.2797551656791205,0.11482382741471182
0.3052192572881458,0.12432810533994665
0.32682406802912234,0.12852904910519972
0.37003093484949906,0.1369418833613
0.26508659278664326,0.10236464235984313
0.2724167472405178,0.10525339661538272
0.2863140148917005,0.11530902724482493
