0.4675512060474892,0.32220202143003196
0.16357705216273014,0.17647448897828816
0.2150810827765754,0.22003083537336776
0.14971299520090336,0.15590652129464358
0.16862708196104265,0.19305817275545561
0.3770898027038048,0.2938865280364278
0.24522442834290017,0.23904598228347546
0.5604278410338447,0.3513851050778897
0.17116778018255388,0.2047789302667426
0.4185251403657351,0.30649145395969307
0.2967598256014555,0.26647178121252646
0.6496345785891283,0.36798536701278184
0.4662338069696685,0.32130680091290387
0.5026504814779963,0.3321433900122126
0.22514977572849032,0.2264465824127851
0.43358112982654246,0.3133437591525246
0.4863711928734983,0.327285989798907
0.4059784824817289,0.30428103292974734
0.5227565007371162,0.3381170528456408
0.42357517016404755,0.30937052735119724
0.43486716225965305,0.3133492852050995
0.51020984285311,0.33590663181569513
0.44493585521156803,0.31711252700858195
0.43988582541325555,0.3142334536170777
0.32185314136946774,0.2753134653323092
0.3858724632226091,0.2985284121993137
0.30930648348546164,0.266692823315521
0.27536777390922496,0.2587242555025669
0.25275242307330387,0.2399301506954537
0.25406982215112456,0.24767767640541336
0.20131112574887863,0.21649968777802955
0.2954737931683448,0.2664662551599516
0.2916784291584329,0.2620398870474854
0.15096766098930398,0.1704953000922851
0.2766538063423356,0.25872978155514176
0.33317650010978334,0.2779714966208189
0.38715849565571975,0.29853393825188856
0.5566638436686427,0.34652217881200925
0.395972522819234,0.298760506407458
0.4411718578463662,0.3142389796696526
0.27411310812082434,0.2560717502666321
0.549104482293529,0.34585352645045075
0.3532511527241931,0.2850448439166451
0.3820770992126973,0.29410204408684754
0.36331984567610803,0.2907974646470787
0.3419591606285876,0.283055464989694
0.2942191273799442,0.2620454131000603
0.35823844923308557,0.28636557048203765
0.3143251466390641,0.269787412757445
0.33944982905178633,0.27863462292980257
0.3181205106489759,0.27421378086991116
0.2703177441109125,0.2516453821541658
0.3620338132429974,0.2907919385945038
0.3318904676766727,0.27730284425926033
0.2690944449672219,0.25076673979476244
0.3205671089363571,0.27530793927973435
0.3783758351369155,0.29389205408900265
0.31557981242746463,0.2722188758903852
0.37461183777171364,0.2910185067500733
0.38464916407891847,0.2941130961919972
0.41855650701044506,0.3080442747332298
0.4549731815187729,0.3193229480385277
0.4311345315391613,0.31070230602173954
0.36077914745459677,0.2888025596675527
0.4072331482701295,0.30627041185669845
0.49010382359399013,0.33081713739424523
0.40343778426021765,0.30184404374423224
0.5240425331702269,0.3387857052071994
0.40851918070324017,0.3062759379092733
0.43232646403814184,0.3115754223285681
0.308020451052351,0.26668729726294615
0.373325805338603,0.2910129806974984
0.46626517361437847,0.3215333690684733
0.4662651736143785,0.3221964953774571
0.5340484928327216,0.34209581069954303
0.47630249992158336,0.32507004271638645
0.5943665506100813,0.35736429396389285
0.477557165709984,0.3255121269223756
0.5077005112763088,0.33480142130072227
0.5479125497945485,0.34431728383463844
0.5566638436686427,0.34652217881200925
0.5064458454879082,0.33369621078574946
0.31683447821586525,0.2742082548173363
0.4888805244502996,0.3290543266228635
0.5378438568426335,0.3436486314730799
0.6382798532041027,0.36510076756870274
0.39845048775132524,0.30162852769381254
0.6144725698692011,0.36311691469432644
0.4700291709795803,0.32308066378943534
0.5303158621122298,0.3398909157221722
0.45368714908566227,0.3193174219859528
0.31303911420595343,0.2680135498809136
0.23393243624729465,0.23064638236968188
0.34067312819547696,0.2830499389371191
0.3532197860794831,0.28327098104011367
0.23772780025720652,0.23286232945220242
0.5893165208117688,0.35448522057238857
0.3582384492330855,0.2852603599670648
0.5341112261221417,0.34232790490768733
0.46620244032495844,0.3197539801393671
0.5340171261880117,0.34120611623498986
0.4888491578055896,0.3275015058493267
0.38336313164580793,0.2941075701394224
0.33941846240707635,0.27862909687722776
0.27285844233242373,0.25430341344267554
0.5114645086415106,0.3376749686396517
0.40346915090492774,0.30229165400279623
0.31307048085066347,0.26956637065445044
0.4825758288635865,0.3263962953343539
