0.12433075550267698,0.30977607238989746
0.14812611540749554,0.3429929557299124
0.25639500297441997,0.38434224843937914
0.18441403926234384,0.38313956818051653
0.4491374182034503,0.4739132924803848
0.4967281380130875,0.5025485367390183
0.37656157049375377,0.4703625221923142
0.3170731707317073,0.41423744344539254
0.5574063057703748,0.5438978294484852
0.32956573468173705,0.4394937288815073
0.5092207019631172,0.5106236756199531
0.544913741820345,0.5152053147013345
0.4854253420582986,0.4945879388351183
0.074360499702558,0.19500601340129434
0.25639500297442,0.414122902468358
0.11183819155264722,0.3017009335089628
0.47233789411064847,0.4841647099249756
0.5086258179654968,0.5071301758203998
0.4598453301606187,0.47952580035507697
0.02617489589530042,0.15027776186930875
0.4973230220107079,0.5037512169978811
0.4610350981558596,0.4830765706431475
