0.22010707911957167,0.3659584216253365
0.25639500297441997,0.4061050340759406
0.5086258179654967,0.508275585590745
0.35276621058893515,0.4703625221923142
0.30517549077929806,0.46005383425920615
0.2688875669244497,0.416470992497566
0.2682926829268293,0.4164137220090487
0.09994051160023795,0.2833743771834374
0.14812611540749554,0.3017582039974801
0.6287923854848305,0.5427524196781398
0.7364663890541345,0.5473913292480383
0.544913741820345,0.5255140026344425
0.5925044616299822,0.5426951491896226
0.25639500297441997,0.4061050340759406
0.000594883997620464,0.04816448084302159
0.025580011897679954,0.11700360804077659
0.01308744794765021,0.07342076627913637
0.4723378941106484,0.5082183151022278
0.4009518143961927,0.4864555294656663
0.388459250446163,0.47838039058473164
0.4134443783462225,0.49682148788729164
0.5211183819155265,0.5209323635530612
0.09934562760261749,0.2707175992211213
0.09875074360499703,0.22598934768913578
0.062462819750148724,0.2087509306454384
0.14693634741225461,0.2867533360059561
0.2082093991671624,0.3659584216253364
0.23259964306960143,0.39006929729110584
0.22070196311719215,0.37403356050627107
0.19631171921475313,0.34992268484050165
0.26888756692444976,0.4336521390527461
0.14872099940511602,0.3247236698929042
0.03807257584770969,0.16402267911345284
0.18441403926234384,0.347631865299811
0.7489589530041643,0.5577572876696637
0.051160023795359916,0.2042265620525743
0.03926234384295063,0.20193574251188365
0.08685306365258774,0.21568065975602774
