0.4618465598408908,0.14879513959083346
0.27665066208290984,0.0924305282598384
0.3746615209588426,0.13181511437241283
0.4348426124108523,0.14353574984007153
0.4869167348445407,0.15361335267412365
0.5590503028750403,0.16594031073422524
0.5108354613094009,0.15860813092850837
0.27973863770966423,0.09723771586411285
0.27510805160032065,0.09232027346968125
0.28746270876891417,0.10453689798620412
0.5262643207968687,0.16175047120140945
0.4313689841634507,0.1430395245309427
0.4973376195867457,0.1570645638663079
0.43947044385861983,0.14523367360849204
0.44949741199544935,0.1477695337821071
0.3526710575972189,0.12370012555657997
0.3970321276179614,0.14281862118352062
0.39240705083177013,0.13944490335813253
0.6508521545585518,0.16868612752966822
0.49578674511942833,0.15420872854097237
0.2924761928373289,0.10989528078784294
0.2986631627371419,0.11675360125614857
0.35575903322397323,0.1312306064777367
0.24193090757834948,0.08888000900309116
0.30946419077684206,0.12093233655652715
0.37774398726244485,0.13665522090689136
0.29672939031075335,0.11568397228478089
0.3422419088702857,0.12317043004329628
0.2836034279008653,0.10222146863948188
0.3781323945446681,0.13723965004814595
0.46415772090319857,0.1523783415175202
0.4614553978970914,0.14814447882206308
