0.3131436955241745,0.1936456128526586
0.3478923948610535,0.2076554045611338
0.29184081234737125,0.17506559990306736
0.26674452949295857,0.15726937800311241
0.29574038860628765,0.1777312467578691
0.2822077006978698,0.16295659615071503
0.2851034256426097,0.16939352747623063
0.3054121099217189,0.18682625207780354
0.5546471559154834,0.29292581247325833
0.5942703255760079,0.2993816759497313
0.3614443876024363,0.21297155254997135
0.355643285296474,0.2125891231006319
0.459995559888418,0.2709417987815268
0.45226397428596254,0.2554136485662682
0.47931004526983334,0.27208151426916216
0.3652957017789404,0.2141036951772238
0.4281232806633141,0.25465257609778075
0.42810397583034915,0.2493440009693261
0.41359639385720215,0.2489539986596037
0.40685900715244067,0.2410100681178791
0.38946535265103616,0.2349442069511285
0.5073310103184332,0.2785298048852522
0.5391936371270548,0.2819413784877755
0.3044468682734723,0.17773881961825208
0.2628932153164545,0.14667115989716054
0.31893514541365436,0.1955388279483985
0.33152189650679054,0.20312683405212398
0.2889740446520787,0.17129052900216202
0.27738149245663657,0.16257795313156706
0.3140799799229739,0.19514882563867608
0.3111842549782339,0.1898478233706044
0.3662899006766344,0.21828012767842603
0.36820107914016276,0.22433084312441068
0.3836835551780388,0.22926834809410032
