0.2639351442478534,0.09988406708814973
0.3129323097010917,0.11486824434446086
0.3221989912429308,0.11925670000640268
0.2859228529479011,0.104173135932107
0.31294057368581985,0.11629076739775307
0.3283666785117115,0.12408578106186548
0.26238702444211215,0.08935457712129626
0.2538944028031436,0.08267290057750673
0.30483635932907466,0.1139973102556407
0.2782125551965313,0.10347860950753833
0.3048308500059226,0.11169282763451263
0.30059142584037835,0.11149444776565123
0.2863222788764287,0.11091009737781822
0.3480487354726035,0.1310101756508439
0.5351370857333322,0.16360283042947157
0.33724219810975126,0.12989636600999177
0.33184306142068914,0.1284189518218856
0.398963145382774,0.1402387378472642
0.3796805143504095,0.13855183955785944
0.3569132364243391,0.13269691643340562
0.3588470088507277,0.13346885747134896
0.3962608223766669,0.13883842325884652
0.32335043978172057,0.12259726264132205
0.5386162233038861,0.16843222649862052
0.3302949416149479,0.1265995902774491
0.3295236363736533,0.1244716728274156
0.3738874610559719,0.135574723963351
0.4032108335330464,0.1417383605002449
0.6203883521889919,0.17606225174460488
0.575641629547602,0.16865281483235645
0.39819184014147946,0.13915824090372386
0.4448750898708339,0.14882813727445912
0.4047561986772116,0.14571863717834055
0.5004283498750761,0.1625443844439627
0.45684684908035633,0.15919256006976298
0.4487316160773068,0.1506473413120525
0.41092939526914424,0.14677716191727097
0.42905782310114293,0.1485854192292702
0.5756498935323302,0.174981676047643
