0.23132900473636336,0.16785384696149996
0.24519306169819013,0.18046429893734012
0.2463536275524607,0.19835213112217553
0.17477494432420565,0.12893385867673146
0.41218907813431205,0.25873530760771657
0.40462971675919834,0.2585087394521472
0.43734512719174434,0.28615558048419276
0.3079577177629309,0.21561551936605125
0.27154104325460304,0.2133995722835307
0.4862770929393683,0.28770287520515475
0.42216367115209685,0.26778698172534415
0.4221950377968069,0.2704450130138539
0.3078949844735109,0.2147202988489233
0.3229823405790283,0.23019877211111786
0.3418336940497475,0.23506722442957323
0.4133810106332926,0.26115571863550713
0.2677143125999812,0.20742038339752766
0.4008657193939964,0.258066655246158
0.4209717386531163,0.2649244864915645
0.49882375082337455,0.2910185067500733
0.532825193689031,0.31248169495084577
0.20617295567893107,0.15944319494255668
0.1471095636899721,0.12339675399671754
0.12066748219942913,0.07983488154906306
0.6357705216273016,0.3467542730201536
0.5478811831498385,0.3135869054658187
0.5867758225902575,0.3162394107017535
0.5503905147266397,0.3151342001867806
0.601863178695775,0.332823094478921
0.5227565007371162,0.30230823216052083
0.5302531288228098,0.3025237482109405
0.34685235720334995,0.24589828747630704
0.3105297826291522,0.22866805554788047
0.3657978106081993,0.24813081271655216
0.35949311502148623,0.24591486563403162
0.37834446849220543,0.2547620758063892
