0.5741409402138199,0.21415889114965855
0.5441736562064994,0.20740689116708166
0.6086517195327901,0.22457137785773051
0.5826273132609294,0.21882011781289865
0.6018541417881444,0.2191691245050067
0.556617039167332,0.21350552448736582
0.25120653471922894,0.12136884671528078
0.22123218462277688,0.10690657564543096
0.5306067650737346,0.20723266005713692
0.5481447982984857,0.21010856231566213
0.4915878208887727,0.19843290006049089
0.45199652348414726,0.18771605338223418
0.3304032617067432,0.14959864230407577
0.33153383596780694,0.1497293156365343
0.3360561330120619,0.15134095340352308
0.3366214201425937,0.15142806895849542
0.5006324149772825,0.20148194448452364
0.5221274581157567,0.2062743889524409
0.4497353749620197,0.18684489783251054
0.5000671278467507,0.19982674894004873
0.4785862168865398,0.19538385563645808
0.5062923523717328,0.2047928800456921
0.4644399064449799,0.19146256671826448
0.3400131429257849,0.15299614894799798
0.2930731128242452,0.1401014133954322
0.3236056839620975,0.14850860892248402
0.25233710898029266,0.12420010225188266
0.2444160230637149,0.1170996400494163
0.23706729036680071,0.11640271560963737
0.4423795761759739,0.18566829336816504
0.4989365535856869,0.1996089600526178
0.45369238487574287,0.18836942004452695
0.46840398244783465,0.19329253784490272
0.4848043753223903,0.19817155339557377
0.45595353339787037,0.18893567115184734
0.4898919594971771,0.1983457845055185
0.4734845005334897,0.193727571147546
0.48252909462199955,0.19734286667889914
0.48310851393079474,0.1980844378406014
0.47631093618614906,0.1949036311396729
0.4604758304421252,0.19054730891883606
0.25008302654729686,0.12036756230531717
0.2862826011687311,0.13870702004365576
0.30098713265169125,0.142192186714769
0.3009871326516913,0.14384738225924393
0.3128652284819921,0.14620004671571638
0.2568735382028109,0.12751158228526968
0.28514496081853574,0.13753041557931026
0.2828838122964083,0.13509118004008402
0.25913468672493833,0.13090908892919195
0.27778916203248993,0.13435015335060035
0.3122999413514602,0.1443706200612967
0.2681863469025798,0.13382800449298474
0.28967432395192233,0.13875057782114195
0.280057376643749,0.13435069782281892
0.264787558030257,0.13221582225377743
0.27441157142756195,0.13408989563012041
0.22746447523689062,0.11492229564732574
0.2721433568163029,0.1339586778254433
0.19690363974251174,0.09540568897242303
0.202563577136962,0.10150432229270717
0.217833395750454,0.10512016229627892
0.21952219105291795,0.10655702448110436
0.18728669243433838,0.09531802894523209
0.21613046826972676,0.10398711560941959
0.17823503225669687,0.08935006895740648
0.22405862027543616,0.10969427340454667
0.20255651104783035,0.09884675339383146
0.22292097992524076,0.10777718672293606
0.21443460687813115,0.10333374894712685
0.3807420806806057,0.16976807116905263
0.3603846778923269,0.16358232229379613
0.34059256223458,0.15770147786094285
0.37904621928901017,0.16776441340468823
0.3688710509394366,0.16715460451988168
0.357551176150536,0.16210081338704732
0.3479412949314943,0.1613603311697822
0.36319698136672296,0.1664996044409332
0.42145688625716327,0.18227024225202423
0.4135358003405855,0.1781317089186183
0.34567308032023514,0.15992238004051962
0.3841338034637969,0.17273000003811306
0.40449120625207563,0.17808815114113213
0.3926131104217749,0.17556125557471494
0.37733622571915126,0.16724063113041687
0.44521307791776493,0.1864528778351349
0.45256181061467915,0.18810807337960983
0.4339002692179959,0.18514560003833086
0.46500519357551173,0.19233372226798814
0.4146734406907809,0.1807457200400078
