0.0511600237953599,0.2156806597560277
0.02558001189767995,0.12043983735181261
0.29327781082688875,0.46692629288127824
0.5574063057703749,0.5267166828933051
0.17251635930993456,0.36710383139568176
0.25639500297442,0.43244945879388347
0.3646638905413444,0.47379875150335027
0.11183819155264724,0.2994101139682721
0.14872099940511602,0.3602313727736097
0.06305770374776919,0.24431590401466127
0.02617489589530042,0.15256858140999943
0.13682331945270673,0.34419563598877495
0.173111243307555,0.38434224843937914
0.2325996430696014,0.4232861806311207
0.26888756692444976,0.44281541721550877
0.2082093991671624,0.3991753049653513
0.3527662105889352,0.4726533417330049
0.5568114217727543,0.5197869537827158
0.28078524687685896,0.4565603344596529
0.4848304580606782,0.5185842735238532
0.37656157049375377,0.47952580035507697
0.3771564544913742,0.49676421739877435
0.6287923854848304,0.5312983219746864
0.4723378941106484,0.5082183151022278
0.026769779892920884,0.1801156863868049
0.08804283164782868,0.28681060649447343
0.20880428316478286,0.407250443846286
0.0761451516954194,0.2765019185613653
0.2212968471148126,0.4176164022679113
0.07555026769779893,0.2581180917473226
0.03926234384295063,0.21453524998568238
0.1124330755502677,0.31664853101196955
0.03866745984533016,0.2030238817937117
0.2688875669244497,0.4405245976748181
0.05175490779298038,0.24322776473283317
0.12433075550267698,0.32695721894507757
