0.9467771836890978,0.25213065413143215
0.7157161706898498,0.2301663248636917
0.7087716688566226,0.22924010587294988
0.885058991077651,0.24720187124429863
0.8136939736268699,0.23996860573603707
0.9089749628809352,0.24995839850507115
0.8275802226317484,0.24100507951693603
0.82449500166657,0.24064123870941737
0.8333677666030337,0.24139105003590772
0.8275802226317484,0.240773544457606
0.6925715041278604,0.2270900587114634
0.8337534192236812,0.24203052781881934
0.9055013346335334,0.24899910307728215
0.8889155172841239,0.2476539158839431
0.7878497387203494,0.23753181736672035
0.7496618652915393,0.2335954850978445
0.8626856297569561,0.24488636314415485
0.6979706408169225,0.22781774032650076
0.8673134612047235,0.24530533134675211
0.7049151426501495,0.22876601027527402
0.7049151426501497,0.2287439593172426
0.891615085628655,0.2484808268101219
0.7230435704821483,0.23107041414298055
0.7546753493599544,0.23443342150303906
0.7593031808077216,0.2353926381774065
0.7215037146611353,0.2304420405925062
0.906272639874828,0.24938499484283227
0.8653851981014871,0.24496354149726485
0.8337534192236812,0.24185412015456786
0.7222750199024297,0.23094921262722923
0.900873503185766,0.24866833870681065
0.8264260194313826,0.24064131746283893
0.7153305180692026,0.22943864324865434
0.9332765873048666,0.2521085244199792
0.7184157390343808,0.23017735034270742
0.7033725321675605,0.22851242425791252
0.685627002294633,0.22616383972072157
0.8325964613617393,0.24136899907787626
0.7535183914980123,0.2343341921918976
0.7909349596855276,0.23909743538695227
0.9012591558064134,0.24899910307728218
0.8545841700617868,0.2439711696324287
0.78862379862322,0.23780753309553485
0.8437831420220867,0.24305597612070262
0.8568980857856705,0.2447650041215604
0.9240181697477556,0.25146896788364603
0.827194570011101,0.24074046802055882
0.9101319207428771,0.25045454506077847
0.8291255877759136,0.24108233662346762
0.8661565033427815,0.2451178982034849
0.9085893102602879,0.2498701946729454
0.8244950016665702,0.24064123870941737
0.8414664716366268,0.24293461709810818
0.8025100476280984,0.23990245286194273
0.8545814154002108,0.24387186156786575
0.8464854650281938,0.2431883606223128
0.9274890433335812,0.2518328086911647
0.7380895320105446,0.23229439982056832
0.7299880723153754,0.23184227642750233
0.8302825456378554,0.24129182072476626
0.7701042088474217,0.23628578073110118
0.8688560716873126,0.24624249706308812
0.8175532544949187,0.24018919406977293
0.7990391740422729,0.23914169480985822
0.9209329487825773,0.2513476876144731
0.873101005176009,0.24657334018698118
0.8703959275083257,0.24655113172210666
0.7458025844234903,0.23338592224312435
0.8869872541808874,0.24741135534559727
0.758531875566427,0.23447752341910197
0.7866927808584074,0.2374987409296732
0.8653851981014871,0.2450958472454535
0.7407891003550758,0.23244875652678834
0.9193903382999881,0.2507633372266401
0.8333677666030338,0.24144617743098631
0.7770487106806492,0.23702456657857582
0.8179361524539902,0.2405529561238701
0.8734866577966561,0.24719076701186138
0.7118568898218008,0.22927318230999705
0.8487966260905014,0.2437395558196771
0.7276741565914918,0.23118074768655927
0.7141735602072606,0.22940556681160718
0.7392464898724865,0.23232747625761546
0.8364557422297881,0.24289059393546686
0.7350015563837903,0.2320848369658481
