0.5074017283654015,0.19603613335431366
0.4480041831247659,0.18200726217045138
0.32414270673610274,0.1393157399840252
0.30774231386154705,0.126770555595786
0.3094593735205376,0.13426412674006513
0.27946382515669055,0.11818858448657088
0.33320143300287586,0.1412333711378544
0.27718854445629976,0.1177083599897857
0.2494753428819751,0.1047706111319523
0.27379682167310854,0.11492066223067
0.7081563866846615,0.22836199344346556
0.2715427392401128,0.11217706672125909
0.6668621617993089,0.22461384669077952
0.6572522805802672,0.220911435604454
0.6482076864917573,0.21860287339768633
0.24213367627419252,0.10311596005969594
0.2540117721044933,0.10938882448992482
0.2958712841203779,0.12467978227644924
0.4955377647133641,0.1905483978632732
0.6018400096098812,0.2128086000475869
0.6787402576296098,0.22648737559490395
0.26814395036778993,0.11043421114959318
0.44688067495283385,0.18026549554322266
0.4316179224284735,0.17874097333120625
0.3727927304075013,0.16575803327923092
0.47686915722754925,0.1896761533691124
0.35186297439955905,0.154606153298331
0.3869390408490613,0.16976643775239691
0.4180439652065771,0.171422722241309
0.33489729439447147,0.14354193334462206
0.34903653874689977,0.14898720000261345
0.4304802820782781,0.17747725331188838
0.4683686520021763,0.18723528441323045
0.5916719073494392,0.21150241119521998
0.6012676563902176,0.2120675733581032
0.2800432444654857,0.12363439561678084
0.4135146020731905,0.17028967555444968
0.42425505755329596,0.1742098755282061
0.4446053942524431,0.1795239243815204
0.3524353276192226,0.15526006443284235
0.34055016569979013,0.1448486666692075
0.5605599169027918,0.20596894003781904
0.6103263826569908,0.21498703339411457
0.6368948777919884,0.21851521337049537
0.5752573822966202,0.20936644668174131
0.5311579200260033,0.2048358933509597
0.5667922075169055,0.20819147563405152
0.5181492499346387,0.196690044488825
0.5023070781014831,0.19089577113872552
0.5221133259374934,0.19952184449764543
0.33261494760494914,0.14079615994633682
0.6945824294627652,0.22714183120163384
0.7239773602504221,0.2290583734110259
0.7556546378276016,0.2419531089635917
