0.4637244753928672,0.3133492852050995
0.4160785420783539,0.3045131271378916
0.15608042407703646,0.1822271097087218
0.493805087669772,0.31599626438845946
0.23013707223738275,0.22224125640331346
0.21762178099808663,0.21340509833610558
0.2866597660048305,0.2487773608678113
0.1660863837395314,0.19791557296876122
0.1648003513064208,0.18287918391255578
0.3720711395502023,0.286592138637607
0.2062984222577711,0.21141019335657962
0.36708384304130987,0.278861191085372
0.33195320096609277,0.2726720122015241
0.5064144788431981,0.3221964953774571
0.19500643016216557,0.2109681091505905
0.17995044070135816,0.20455788816374804
0.28160973620651797,0.24877183481523646
0.2112857187666635,0.2125098778189776
0.11702895141306735,0.15390609026254276
0.15228506006712467,0.17868491000823383
0.13214767416329476,0.1733688474312145
0.10827765753897306,0.1408701322384381
0.23142310467049343,0.2352882665325678
0.12082431542297922,0.16562684777382974
0.2954737931683448,0.25099330795033187
0.21884508014177725,0.22047291957935689
0.27784573884131614,0.242361613828394
0.297920391455726,0.25717143472903004
0.49264452181550134,0.3138024215162384
0.24773375991970142,0.24037223490144288
0.3067971519086604,0.2644824022855754
0.36197107995357736,0.27619210769171265
0.48257582886358646,0.3133548112576744
0.49882375082337455,0.31798564331541057
0.5566324770239328,0.32706494769591243
0.5730058655625608,0.3372439365388123
0.608105140993068,0.35337448400484084
0.32185314136946774,0.2726609600963744
0.3934004579530128,0.29233923331546585
0.37078510711709173,0.2821657705251408
