0.9467771836890978,0.25213065413143215
0.7049151426501497,0.2287439593172426
0.8885298646634766,0.24734520247150296
0.6925715041278604,0.2270900587114634
0.8688533170257366,0.24548166025758206
0.8723269452731383,0.24570224859131792
0.9305742642987594,0.25116025447120593
0.8136939736268699,0.23996860573603707
0.7157161706898498,0.2301663248636917
0.7087716688566226,0.22924010587294988
0.7033725321675605,0.22851242425791252
0.7562207145041194,0.23339710522898316
0.6979706408169225,0.22781774032650076
0.9178449731558228,0.25020095904341694
0.8406979210569083,0.24238342190074383
0.9166880152938809,0.25007967877424403
0.8059836758755001,0.23854639769643105
0.849570685993372,0.2436404052619572
0.8634569349982505,0.24454457329466758
0.8796570997270129,0.24625360129552537
0.8642282402395451,0.2449304650602177
0.7751232022389888,0.235866970035347
0.7242032830056663,0.2310043400223078
0.7874640860997021,0.23730028230739025
0.7855358229964655,0.23666080452447863
0.7577633249867087,0.2340476084909105
0.8075207770349371,0.23932904919970385
0.9182306257764701,0.25039941766569984
0.9317312221607014,0.2511933309082531
0.8480280755107829,0.2432655389754228
0.8198699248803787,0.2402995276133517
0.8800427523476602,0.24649616183387116
0.8032785982078171,0.23849111279450935
0.9213186014032245,0.25109410159711165
0.784761763093595,0.23641816523271134
0.8673134612047235,0.24530533134675211
0.8815881174918254,0.24708059097512577
0.7963368510361658,0.23768625282636194
0.8657708507221344,0.24494149053923345
0.8750265136176693,0.24622044610505667
0.8893011699047713,0.2484146739360276
0.9147597521906445,0.25001352590014975
0.8287371804936903,0.2422730096037436
0.8175532544949188,0.2400789392796158
0.8460970577459705,0.24296777228857688
0.7342330058040719,0.2318423551809239
0.8727125978937856,0.2457242995493494
0.685627002294633,0.22616383972072157
0.7890066965822913,0.2374987409296732
0.8403095137746849,0.2423833431473223
0.8472540156079122,0.2429898232466083
0.8028929455871697,0.23845803635746218
0.7967252583183891,0.2381163252613965
0.8156222367301064,0.23997963121505278
0.7222750199024297,0.23094921262722923
0.8877585594221821,0.24733417699248725
0.928646001195523,0.2510941015971116
0.8970142223177169,0.24861313255831052
0.7423317108376649,0.23229439982056832
0.9028017662890024,0.24899910307728218
0.8815853628302494,0.24693718099449988
0.7049151426501495,0.22876601027527402
0.9332765873048666,0.2521085244199792
0.9085893102602879,0.24958353221853674
0.8538128648204922,0.2438939912793187
0.801735987725228,0.23830367965124216
0.9151426501497157,0.2500244726257439
0.8445544472633812,0.24295674680956117
0.8804284049683075,0.24652923827091833
0.8217981879836151,0.24113746401854622
0.8592120015095543,0.24447834166715174
0.9074295977367699,0.24915345978350223
0.7627740543935472,0.23541468913543795
0.8441687946427339,0.24263700791810533
0.7778227705835198,0.23638516754908573
0.7504331705328341,0.2333088226434359
0.8580550436476123,0.2443350104399474
0.8287371804936903,0.24132481840839187
0.9120601838461135,0.2498701946729454
0.9089749628809353,0.24978199084081967
0.7415631602579463,0.23198576516154976
