0.20884933543112516,0.19665582485488503
0.18952519763322748,0.18036660217113906
0.19339581664269648,0.18605003388855018
0.2697367786025232,0.23757956236439842
0.30261290914180367,0.25767036096039014
0.3663574675920117,0.2773749436768509
0.2852289070568817,0.24857914207064719
0.20111774982866962,0.18718596294599413
0.282294572446212,0.24818535333073324
0.17695775137305625,0.16407737948739307
0.4156234013185201,0.29821545545075556
0.40210036582658465,0.2932893097716404
0.27651277497321464,0.24250949447370507
0.3132402196889992,0.26373243569694926
0.3518788428683121,0.27699630065770287
0.6194245229293153,0.3406764836180098
0.3769847781392071,0.29176716483466547
0.3219080896902539,0.2641035058557143
0.3238675302361947,0.27168772552924825
0.4349668439493828,0.30996853476510877
0.41851912626326004,0.30313781469967926
0.4938851941583576,0.33118768955816147
0.4784220229534464,0.3198208261233392
0.52477292690225,0.3368673348453811
0.43786256889412273,0.31148310684170066
0.18372409532726516,0.17203266931969208
0.2436656016833814,0.2201581970534
0.27553788090848547,0.24023384992862576
0.22334726498778967,0.2084013313088553
0.23011360894199864,0.21408476302626644
0.3682782984720225,0.28153623045728715
0.2774683642049788,0.24402028012010551
0.2735977451955097,0.2390941344409903
0.27938919508498955,0.24439513670906202
0.276522427389697,0.24289192392304454
0.28523855947336424,0.25615578888379825
0.268781189370759,0.23341827558396214
0.24073126707271164,0.21938576529433812
0.229148367293752,0.21067697585393463
0.20305788554164536,0.1871897493761856
0.22044188762656727,0.20461111468718407
0.31227497804075255,0.2622178636203573
0.24559608497987467,0.22583784234061965
0.24753622069285042,0.2330358461346227
0.2591191204718101,0.23341448915377067
0.46489898746151104,0.3156519664825199
0.4252951226339515,0.3042813166175061
0.4938755417418751,0.3224751136875665
