0.1608167874282488,0.0824873867849979
0.13067344186192403,0.06126181884494449
0.10799535773658292,0.042235619829687064
0.5767384962830525,0.3283967263664547
0.9522913333960668,0.42263250092561383
0.385715629999059,0.19947391979487292
0.41344374392271255,0.24679903404600997
0.6156958690128916,0.36001679919982765
0.8329726169191682,0.40139035482783586
0.41720774128791444,0.2501146655909285
0.9145886264546282,0.41665331203961076
0.7688905617766068,0.3967318925072254
0.18597283648568114,0.10637098601356093
0.44989178507575045,0.26537762280270344
0.14695273046642202,0.06191941910135333
0.8819673159562122,0.41621122783362163
0.20234622502430918,0.12693895369720548
0.8342272827075689,0.4031586916517924
0.8442646090147737,0.4106741231536077
0.6973118785483516,0.3863318615613309
0.6621812364731344,0.3755007985145971
0.6219691979548947,0.36620597808367555
0.6948025469715504,0.3825741458104233
0.5039051472663969,0.3051762534468754
0.7350145854897902,0.3918689662413449
0.2852796336375898,0.1780217836992501
0.6495718452997084,0.3693005675255995
0.5390357893416141,0.31003917971275585
0.41212634484489197,0.23219920314321874
0.38577836328847903,0.2306519084222567
0.6282425268968979,0.3675322307016429
0.5792478278598538,0.34143821044313416
0.47874909820896466,0.29986019086985605
0.5716570998400301,0.32042815855350054
0.46620244032495844,0.28173473842430147
0.5428625199962359,0.31955504224667197
