0.3904595515487303,0.25918871946717353
0.3624385865001303,0.24062385223834817
0.2696788641036284,0.1875759652557165
0.3479406569434658,0.226985130688638
0.44069072692348527,0.2694272267049348
0.34505458441520837,0.2239597729656457
0.5054005270219399,0.2887531664022476
0.5662686653603729,0.30392160574931565
0.25223694751981157,0.1519570164444663
0.31706257661605586,0.2122218393720584
0.4754973407592592,0.27512959057330333
0.36538257352728265,0.24783700175311713
0.5836430150288124,0.314144967266311
0.3392534821092461,0.22016955634397442
0.43682976033049875,0.2610970802836793
0.3112228646441637,0.2053873328764374
0.6058532253549677,0.3149060397347984
0.46387583131436955,0.27359987277594555
0.3353828630997771,0.21562205368400722
0.534396386135269,0.29520524344852916
0.4754876883427766,0.2747471611239639
0.47836410845455163,0.28193380562739256
0.3556915473788863,0.2368412084770599
0.4503431434059517,0.2701845127432308
0.45901101340720657,0.27055558290199583
0.4223318307738343,0.2610895074232964
0.43781430681171035,0.26867751352702185
0.46870203955560275,0.2747358018333895
0.5662783177768554,0.31301282463905855
0.4861053464734897,0.28459187962181126
0.26387776179766603,0.18113524750000948
0.5285759789963417,0.2933006690622148
0.4909412071312053,0.2845956660520029
0.3170143145336436,0.20614461891473335
0.30254534222642643,0.20311926119174104
