0.19635955087937482,0.10821330897001646
0.20258477540435696,0.11213405341599147
0.2087958677510758,0.11226418227623146
0.5656686993449733,0.22287099111911363
0.43729199200118707,0.19285532665338515
0.47688328940581254,0.20196053556465307
0.5181563160237703,0.21293763996338969
0.5170257417627065,0.21102109775399766
0.4016647705994163,0.18632057108602063
0.4938489694109001,0.20731868666767214
0.4423866422651055,0.196732513321874
0.33549084588153,0.16641194441374224
0.3490789352816896,0.17325214889572868
0.2551918089894786,0.14254010446243984
0.33550497805979324,0.1696798666696431
0.17032807851838244,0.09836707336926488
0.3445495721483031,0.17103015777171476
0.3864090841641876,0.18409966890644386
0.3666169685064407,0.17769613114375649
0.28970258830844886,0.15434644005006964
0.27668685212795274,0.15107851779416878
0.26480875629765194,0.14471853780896757
0.2812162152613393,0.15186310226113867
0.26084468029479724,0.14349837556713588
0.46670105496710734,0.20156797109505886
0.5317373393347983,0.21742517998890365
0.5419125076843718,0.21807854665119636
0.4932836822803683,0.206099068898059
0.5803661647388019,0.22587647776566022
0.5232509662876886,0.21590011330466866
0.5730174320418876,0.22487464888347802
0.5877219635248477,0.2289260666619116
0.552094742123077,0.22034409555269646
0.47857915079740815,0.20535804220857531
0.5209898177655612,0.21359155109790098
0.49554483080249573,0.21019349998176018
0.5837649536111247,0.2274451022273814
0.3140170010104507,0.16406036890170697
0.3479412949314942,0.17155285110154897
0.3541665194564764,0.1765189822071924
0.38582966485539244,0.18183357553272522
0.3253298097102197,0.16449649114878737
0.3298450406653429,0.16501864000640298
0.2902608093498491,0.15504282001762998
0.25123479907575547,0.14184318002266091
0.2942248853527038,0.1600089511232734
0.28799259473859,0.15221102000880954
0.2755492117777574,0.14868229556021018
0.26990340656157036,0.1470276444879538
0.27385335038616176,0.14724488890316614
0.23086326410921348,0.1315619111192661
0.22634096706495854,0.13156191111926607
0.2585835317726698,0.14297568223730167
0.2387843500257912,0.13509063556786546
0.2223839571512355,0.12785950003294055
0.2122017227125303,0.1231111578147281
0.24840129733396457,0.13901138001384047
0.21785459401784893,0.12459212224925828
0.25349594759788296,0.14232231557500893
0.21730343906558036,0.12385272897643033
0.3258880307516199,0.1647137355639997
0.26988927438330707,0.1468958822110581
0.37678507076688267,0.1810930933154601
0.40223712381907983,0.18910881331735485
0.3767850707668826,0.17922010888355427
0.3926272426000381,0.1854935177860017
0.44973537496201976,0.1989975177511555
0.3354979119706616,0.16789345332049105
0.4616205368814522,0.20108938001492943
0.46048289653125685,0.1994771977757221
0.4197610248655676,0.19015419997702326
0.4491700878314879,0.19877972886372458
0.42258746051822693,0.19254987773876328
