0.5691158362739347,0.19295383687063516
0.5795339663545637,0.1943652556914901
0.40324664413353495,0.17011896728118225
0.5027725668762965,0.18746283330712157
0.5235978083912501,0.18983331129550088
0.4996873459111181,0.18610669938818833
0.49698502290501106,0.18542304093579226
0.32956771095887016,0.1554324779582955
0.39167706551411635,0.1699646105749622
0.3531007848030831,0.16071391866708892
0.30642028973530455,0.14978719644198346
0.4402803143619792,0.1773299455711478
0.3777880618476617,0.16695449729682824
0.38164458805413465,0.16857524271213872
0.4449109004713227,0.17750643198882082
0.40672302704251273,0.17208166005282308
0.43680944077615347,0.17692200284756623
0.40556331451899474,0.17159646022270997
0.42022086876516784,0.17471674953757962
0.2755543067756411,0.14083411371411297
0.25472080127595925,0.1350455009705966
0.22578583608110828,0.12430636939560137
0.2350442536382193,0.12806613649338267
0.41405042683481125,0.17261088304557753
0.4044036019954768,0.17083562341720396
0.45455221598750495,0.17910512644609988
0.4534007674487151,0.17901708012081724
0.49582806504306914,0.18522458231350936
0.4155957919789765,0.17347094916222508
0.5374895667192807,0.19152044584517033
0.5023869142556492,0.18669104977602136
0.5247657848994962,0.19107950543796315
0.504703584641109,0.18902853008077505
0.37316023039989427,0.16521247161234484
0.34422801986661933,0.15908206901934116
0.3118221810859427,0.1522239060578786
0.30796014555631773,0.1500296782269077
0.3596623886772391,0.1648376053258104
0.3403687389985703,0.1590819902659196
0.3133647915685318,0.15268697617653876
0.3538720900443777,0.16246696983058803
0.3257056754292451,0.15316107177421462
0.2859669275331179,0.14254306296154923
0.27246633114888674,0.1407458311285657
0.27979924026433733,0.1417052053097762
0.2990901352814301,0.1493460985279332
0.28635533481534126,0.14271954937922224
0.24662209624236614,0.1324434879228872
0.2566545737023479,0.13657820006062443
0.22385481831629578,0.12182555786364335
0.22153814793083595,0.12142856186565595
0.21883307026315285,0.11600386868307978
0.23041366752887577,0.1259491657689433
0.2284854044256393,0.12521045867489022
0.3639045675043593,0.1650140129900619
0.33150148338525876,0.1582331071351309
0.32647973533211583,0.15523394058259107
0.3372862726949681,0.1585528460265867
0.3465419355905031,0.15972154680225278
0.31915233553981726,0.15310602313255758
0.28712939471821197,0.1453547176174003
0.2497045625459684,0.1332703200956445
0.23812947460339762,0.1324101752255754
0.28095619812627926,0.1425100652779236
0.2655245839772355,0.14042609223710992
0.25935138738530283,0.1370301659468473
0.2921483881097788,0.1474276651791983
0.4283223284603371,0.17530117867883419
0.4013156263687225,0.16998658277957213
0.433341321851904,0.17682285228984632
0.4460706129948406,0.17850982933267265
0.46690136383294634,0.1840888792214689
