0.38960048648179074,0.31602682307147645
0.14706421752685783,0.1822636036970704
0.17415855059314098,0.20273683174240154
0.43111552977287865,0.3292831151718471
0.5084024285479869,0.3508922722746221
0.3857298674723217,0.31299389248810117
0.4417621451530391,0.338381906921973
0.47264987789693147,0.338760549941121
0.3934807579077422,0.31868489706589526
0.3857395198888042,0.31299767891829255
0.2823621393615892,0.2697945104335084
0.2012046215770118,0.227734843866551
0.19057731102981626,0.2220514121491399
0.18769123850155883,0.21486098121551978
0.25049951255296765,0.2565382183331377
0.2717348288143937,0.2663829368309851
0.21569289871719383,0.2322823465265182
0.21956351772666283,0.23304341899500566
0.1992741382805185,0.22546298575166315
0.18189013619559655,0.20879890647896066
0.1683574482871787,0.19667475700584242
0.1693033851024604,0.19704582716460745
0.18283607301087826,0.20954861965687366
0.18383027190857226,0.2144823381963718
0.1896024169650872,0.21826119552746864
0.29201455584405556,0.275852798739876
0.2727097228791228,0.2682799383569165
0.3103734519937067,0.2826759459449225
0.2833466858428008,0.27093801235133524
0.21957317014314534,0.23418313448264108
0.4726691827298965,0.34103998091639176
0.4340305595505835,0.3304266170896741
0.40118338626075045,0.31943461024380826
0.22052875937490946,0.23758713522478137
0.17511413982490515,0.20727676154198577
0.3200355208926555,0.2898739497389256
0.257275508923659,0.26184679346159234
0.18767193366859394,0.21485340835513683
0.31134834605843575,0.28570887652829785
0.28912848331579816,0.2754779421509195
0.33840406945878904,0.29859409846990353
0.2717541336473587,0.267526438748812
0.24663854595998108,0.2527517881416579
0.2843215799075298,0.27321365689641464
0.2765899943050743,0.26828751121729943
0.3471105491259737,0.3050386026558021
0.2997750986959585,0.28230487578615754
0.4011930386772329,0.32852582913355116
0.28238144419455413,0.2701807263130393
0.277555235953321,0.26942344027474335
0.327786411328076,0.2936717392209799
0.2920338606770206,0.27775358669599887
0.2553353732106833,0.25881386287821706
0.23215026881979903,0.2478256424625427
0.2659433789249139,0.26524700777354115
0.2205577166243569,0.24289949678342754
0.20412930377119912,0.22963941825286535
0.2881825465005164,0.27359229991556255
0.18959276454860471,0.21636419400153722
0.19636876091929611,0.22394462724487973
0.1634926303800156,0.1917372520361528
0.33741952297757744,0.29517873843718884
0.47845098020289384,0.34785176883086394
0.36351965714616663,0.3118541770004657
0.35577841912722846,0.3057883158337151
0.34419551934826886,0.2993513845081995
0.2514454493682493,0.2569092884919027
0.2572465516742117,0.26032086209442595
0.2398528971728072,0.2508472137553436
0.3123425449561298,0.2887493799720562
0.22050945454194457,0.23720091934525045
0.2137624154207005,0.23076777444992633
0.2649588324437023,0.2622102907599744
0.220519106958427,0.2375833487945899
