0.0010038513141765039,0.017054081582424906
0.8909083889151653,0.43808618672401833
9.652416482466385e-06,0.00606207473655912
2.8957249447399156e-05,0.011749292884161742
0.006804953620138801,0.025766657453019863
0.11417843457109489,0.15005244205815196
0.6368857443460971,0.39902158643852154
0.6359205026978505,0.39864294341937356
0.7257458904836829,0.4141900257855895
0.6030829818244999,0.39257708225262294
0.5943958069902803,0.391441153195179
0.588594704684318,0.3903014377075436
0.5760465632571117,0.38727229355435977
0.5383731817260452,0.3781735018042339
0.5460951149120183,0.3796880738808258
0.5518962172179807,0.38082778936846123
0.560593044468683,0.38348207693268854
0.6281985695118775,0.39712837134278167
0.5441742840320075,0.37931321729186934
0.5605833920522004,0.38347829050249704
0.5692802193029026,0.38537529202842846
0.5403036650225386,0.3785521448233819
0.5509213231532516,0.38044535991912176
0.6166060173164353,0.3952313698168503
0.5731411858958892,0.3865112210858724
0.5702454609511494,0.38613257806672435
0.568314977654656,0.38499664900928043
0.5547822897462381,0.3823385750148616
0.5702358085346668,0.38612879163653285
0.5547919421627207,0.3823423614450531
0.6030829818244998,0.39257708225262294
0.5683053252381736,0.38499286257908893
0.7585834113570336,0.42025588695234006
0.7701759635524758,0.4236674605548634
0.553826700514474,0.38196371842590515
0.560573739635718,0.38309586105315757
0.7354079593826317,0.4179802424072608
0.5489908398567583,0.3800667168999738
0.5837684964430847,0.38878686563095166
0.5847337380913313,0.3891655086500997
0.5364233935965871,0.37665135686725904
0.5644347062287045,0.3838531470914535
0.6040482234727466,0.3933343682909189
0.12191967259003295,0.15687558926319853
0.6938639588420963,0.4096349502652394
0.5461047673285009,0.3796918603110173
0.17605042422370437,0.19742068375356392
0.5789422882018516,0.3876509365735078
0.00971998339784365,0.03599759183039821
0.5847240856748489,0.3891617222199082
0.509396627445681,0.36983578252259547
0.5856989797395781,0.3895441516692476
0.6851767840078766,0.40849902120779547
0.5538170480979915,0.3815812889765657
0.5837684964430848,0.3884082226118037
0.6996747135645411,0.4107784521830663
0.5287014604106139,0.3751367847906671
0.20894585959594977,0.22471327257375012
0.5750813216088649,0.3865150075160639
0.03000936284398799,0.047364455265220505
0.025183154602754797,0.04547124016948061
0.3799384175828419,0.3175376087178768
0.033908939102904406,0.06366125080934945
0.12481539753477285,0.15876880435893842
0.5663748419416803,0.384235576540793
0.5238752521693806,0.3736222127140752
0.5634887694134229,0.38348207693268854
0.34421482418123384,0.3023881015217662
0.5518865648014982,0.38082400293826973
0.03682396888060926,0.07275625612928388
0.41279524328915757,0.3338344042620057
0.6407467109390838,0.40015751549596545
0.5818380131465914,0.3876509365735078
0.26305730639665637,0.259571148916513
0.5200142855763942,0.3724862836566313
0.7672802386077358,0.42253153149741945
0.45820021042267944,0.35164577188272655
0.3528923465989711,0.3061707452830545
0.2099111012441964,0.2284997027652299
0.2205287593749094,0.2326647759758577
0.23792241387631385,0.24403163941067996
0.4852462814065503,0.36149806324095696
0.6388162276425905,0.3990215864385216
0.12869566896072435,0.16937838175546469
0.6755243675254102,0.4066058061120556
0.7392689259756182,0.4194948144838527
0.5731315334794067,0.3865074346556809
0.4871767647030435,0.36225534927925296
0.3393886159400007,0.3004948864260263
0.38283414252758186,0.31867353777532076
0.5354774567813053,0.37628028670849406
0.3577378596731693,0.30693560418173343
0.1393326319244023,0.17506559990306733
0.13161069873842918,0.17279374178817947
0.5538170480979915,0.38195993199571365
0.3509715157189603,0.3042813166175061
0.31620351154911647,0.2891280229912041
0.5422341483190318,0.3785521448233819
0.3528923465989711,0.3061707452830545
0.44852848910724813,0.34860905486915983
0.04746093184428721,0.07995804635347842
0.5171185606316542,0.3717289976183354
0.09483499194023225,0.12012449782469586
0.17894614916844426,0.19931389884930384
0.5596278028204363,0.3827247908943926
0.2843119274910475,0.2728312274470751
0.11128270962635498,0.13982908054115661
0.5885850522678354,0.3902976512773521
0.6793853341183967,0.4069844491312036
0.6166060173164353,0.3956100128359983
0.529676354475343,0.3755192142400066
0.22342448431964934,0.23417934805244958
0.0986959585332188,0.12012449782469586
0.7073966467505142,0.4122930242596582
0.05520216986322526,0.0879171226159689
0.5238849045858631,0.3736259991442667
0.7093271300470075,0.4130503102979542
0.5354678043648229,0.37627650027830256
0.32973619945753424,0.2951938841579546
0.11709346434879975,0.15649694624405056
0.10742174303336842,0.13566400733052886
0.550930975569734,0.38044914634931326
0.3770426926381021,0.31753760871787684
0.41472572658565077,0.3349703333194497
0.37318172604511546,0.31678032267958084
0.37029565351685806,0.3141336079757364
0.6185365006129285,0.3963672988742943
0.5557571838109673,0.3823423614450531
0.592465323693787,0.39030522413773505
0.5238849045858631,0.3743832851825627
0.540294012606056,0.3785483583931904
0.5209795272246409,0.37248628365663133
0.4775146958040947,0.3592224186958776
0.49007248964778344,0.36225534927925296
0.4040887636219729,0.32928311517184705
0.3587127537378984,0.3076966766502209
0.5354581519483405,0.37627271384811106
0.5316068377718364,0.3758978572591546
0.4842810397583037,0.35998349116436507
0.45820021042267944,0.3516457718827266
0.14803911159158695,0.18264603314640984
0.45530448547793945,0.3501311998061347
0.5856893273230955,0.38954036523905616
0.3074970318819318,0.2838194478627495
0.46881786855339247,0.35618948811250234
0.47751469580409467,0.3592224186958776
0.5663748419416802,0.38385693352164507
0.4350151060317952,0.3433080526010881
0.6755243675254102,0.4054698770546116
0.4910377312960301,0.3641485643749928
0.40120269109371537,0.32739368650629863
0.16155249466703986,0.19249075164425725
0.4997345585467323,0.36680285193922013
0.01841681064854586,0.040545094490365426
0.4330846227353019,0.34217212354364424
0.2369571722280672,0.24289571035323604
0.22633951409735423,0.23910928016175628
0.14319359851738883,0.17809474405625114
0.5190490439281475,0.37210764063748336
0.3036360652889452,0.28230487578615754
0.3248906863833362,0.29253581016353586
0.4369455893282885,0.3436866956202361
0.06489319601162151,0.10459256117924585
0.4263086263646104,0.33951404954922537
0.36546944527562486,0.31261903589914447
0.35967799538614503,0.3092112487268127
0.49103773129603023,0.3633912783366969
0.24180268530226537,0.2508547866157265
0.4465980058107548,0.34709448279256794
0.1596220113705466,0.1890829644719255
0.5393384233742919,0.3781735018042339
0.05906313645621181,0.0928394818648926
0.49586393953726327,0.36490585041328877
0.14707386994334032,0.179995532012374
0.515188077335161,0.3717289976183354
0.3616084786826383,0.31224039287999655
0.49682918118550995,0.3656631364515847
0.187652628835629,0.20916619020753416
0.5296667020588606,0.3755154278098151
0.4040887636219729,0.330419044229291
0.14319359851738883,0.17695881499880722
0.5760369108406291,0.38726850712416827
0.17995000048262075,0.20425140381899345
0.4562697271261861,0.35050984282528275
0.5934305653420335,0.3903052241377351
0.42823910966110373,0.34064997860666935
0.5142228356869144,0.37135035459918736
0.21666779278192289,0.22925698880352585
0.1828264205943958,0.20916619020753419
0.13643690697966238,0.1727937417881795
0.10062644182971207,0.13034785934169124
0.4948986978890166,0.36452720739414085
0.2524203434329784,0.25350528774976233
0.46302641866391264,0.3535389869784665
0.2698139979343828,0.2622216500505488
0.6021177401762532,0.39219843923347497
0.5673497360064094,0.38461800599013246
0.19247883707686217,0.21408854945645786
0.31425372341965824,0.28609130597763727
0.4842713873418212,0.3599797047341736
0.3828534473605468,0.32095296875059154
0.1277304273124777,0.16559195156398496
0.44756324745900145,0.3474731258117159
0.09966120018146542,0.12391092801617563
0.4910377312960301,0.3633912783366969
0.5287111128270964,0.3751405712208586
0.11128270962635496,0.1360426503496768
0.20309649520757517,0.21636040757134575
0.611779809075202,0.3944740837785543
0.6774548508219035,0.40660580611205555
0.20794200828177334,0.22242626873809634
0.48138531481356367,0.3596048481452171
0.5306415961235897,0.3755192142400066
0.25145510178473174,0.2527480017114664
0.5992220152315133,0.39219843923347497
0.5055260084362122,0.36869606703496005
0.23020048069034077,0.2413811382766441
0.4765398017393656,0.3580827032082422
0.42534338471636385,0.33724219143433753
0.2563006148589299,0.25805657683992106
0.5209891796411233,0.3728687131059708
0.5586529087557072,0.38272100446420115
0.2707985444155944,0.2641224380066716
0.370295653516858,0.3145122509948844
0.16832849103773123,0.19628475469612
0.4958735919537457,0.36490963684348027
0.2649877896931497,0.2599497919356609
0.398297313732493,0.32738990007610713
0.4514338664684705,0.3489914843184993
0.27176378606384105,0.2694234402747433
0.44080655592127505,0.34595855373512396
0.44080655592127505,0.34482262467768005
0.4717135934981323,0.35656813113165037
0.37222613681335126,0.31564818005232836
0.508421733380952,0.3690747100541081
0.3152382699008698,0.2864775218571682
0.42341290141987054,0.3368635484151895
0.3857491723052867,0.32284618384633146
0.40796903504792437,0.3334557612428578
0.38189785812878263,0.31792761102759914
0.5663844943581628,0.3842393629709845
0.20601152498528003,0.21826119552746864
0.44078725108831,0.3448150518172971
0.4804104207488346,0.3596010617150256
0.4736537292111081,0.35732920360013776
0.4591654520709261,0.3516457718827266
0.14222835686914218,0.17658017197965925
0.5441646316155251,0.37930943086167784
0.3876893080182625,0.3228499702765229
0.3451800658294805,0.3027667445409142
0.2920531655099855,0.27397472936490197
0.3693304118686114,0.3137549649565885
0.195393866854567,0.21598933741258078
0.10645650138512179,0.13187757713904907
0.15093483653632686,0.18756839239533354
0.36064323703439166,0.31034717778425663
0.07454561249408789,0.11065084948561349
0.4311541394388086,0.34141483750534823
0.500699800194979,0.36718149495836816
0.47750504338761224,0.35846134622739023
0.20506558816999831,0.21637555329211164
0.5335373210683296,0.3758978572591546
0.564444358645187,0.383856933521645
0.42341290141987054,0.33686354841518956
0.31909923649385635,0.28988530902950005
0.4137701373538866,0.33383819069219717
0.4543392438296929,0.3497525567869867
0.4166562098821441,0.3364849053960416
0.38865454966650914,0.3236072563148188
0.3277864113280761,0.2936717392209798
0.36836517022036475,0.3133763219374405
0.4668873852568992,0.35467491603591045
0.48621152305479687,0.36187670626010493
0.16446752444474466,0.19514882563867605
0.48621152305479687,0.361498063240957
0.40120269109371537,0.3285296155637425
0.5760369108406291,0.38688986410502035
0.3934807579077423,0.32587911442970674
0.5354678043648229,0.37627650027830256
0.4205268288916131,0.3364886918262331
0.3084622735301784,0.2849553769201934
0.5374079400777987,0.37703757274679
0.5383635293095628,0.3781697153740424
0.17894614916844426,0.2012071139450437
0.46109593536741933,0.35240305792102256
0.46302641866391264,0.35391762999761445
0.5035955251397187,0.36756013797751613
0.3519560622001719,0.304288889477889
0.3355276493470141,0.2986016713302864
0.3239254447350895,0.2913998811060919
0.46399166031215927,0.3542962730167624
0.46785262690514584,0.35581084509335437
0.4842810397583036,0.36074077720266107
0.39154062219476654,0.32587532799951524
0.37126089516510463,0.31451225099488445
0.48717676470304355,0.36225534927925296
0.4446771749307441,0.34634098318446344
0.07939112556828602,0.11785263970980803
0.2350266889315739,0.2413811382766441
0.3345431028658025,0.29632224035501564
0.4398413142730283,0.3440653386393841
0.43984131427302836,0.3444439816585321
0.4504686248202239,0.34899148431849925
0.29591413210297207,0.28003301767126965
0.36836517022036475,0.3129976789182925
0.4920029729442767,0.3641485643749929
