0.581725792791945,0.33701184233066794
0.4950911201028826,0.31091782207215923
0.7023305417019542,0.3582595144810209
0.4976318183243938,0.31180751653671235
0.2087763871898623,0.19018462541652623
0.12706627772027226,0.12074977481335758
0.2464163608418807,0.20808903575908622
0.15975032150810825,0.14817004768983372
0.4850224271509677,0.3049441592387311
0.4750478341331828,0.2985449903570383
0.4423951569900567,0.2870452749487459
0.13716633731689723,0.13579168992213791
0.20626705561306105,0.18465857284166204
0.24770239327499136,0.21737833013743293
0.5352404253317022,0.3137913694110886
0.28788306514852113,0.2339620139146004
0.4787490982089646,0.29963914876686143
0.4147611430005333,0.2762086858494372
0.43364386311596254,0.2815247484264566
0.32433110630155904,0.25254060267129386
0.41977980615413574,0.2801874437033394
0.7362378846334807,0.36644359834439466
0.37084784040651175,0.2748824332314698
0.43229509739343186,0.28150817026873204
0.4034691509049278,0.2757666016434481
0.48756312537247887,0.3049496852913059
0.5616511401775353,0.33104370554981466
0.46871177190175967,0.29654455932493745
0.30428782033185914,0.24414652881007506
0.3117530817728428,0.24789319245583305
0.3707537404723817,0.26337166571802767
0.33813242997396575,0.25983499207011457
0.16225965308490953,0.18442095258094285
0.5453718515730372,0.32110233696763396
0.3042250870424391,0.23772525571808292
0.3645117781750886,0.2611667707406568
0.2477337599197014,0.22887804554572536
0.24513032840877014,0.20808350970651132
0.6960885794046611,0.3547283668856826
0.36573507731877924,0.2631506236150331
0.45992911138295534,0.2932289277800189
0.6069132084940875,0.33857571520935453
0.45494181487406293,0.29080299069965354
0.324331106301559,0.251435392156321
0.2589630187258869,0.23151949867651042
0.5239797998808068,0.3118075165367124
0.15093629434459396,0.1457330585043186
0.5390985226310342,0.31491315808378606
0.6194284997333835,0.34873812589452985
0.21006241962297292,0.20389476185476432
0.48379912800727704,0.3014130116433928
