0.4854253420582986,0.4945879388351183
0.22129684711481262,0.39127197754996845
0.25698988697204045,0.423343451119638
0.36466389054134446,0.45089055609644346
0.46044021415823916,0.48301930015463024
0.08744794765020822,0.26613596013973995
0.6650803093396789,0.5359372315445852
0.23259964306960143,0.3992325754538686
0.3170731707317073,0.43829104862264473
0.25639500297441997,0.4026688047649046
0.18441403926234384,0.34190481644808424
0.5574063057703749,0.5267166828933051
0.7364663890541345,0.5554091976404559
0.08804283164782868,0.28681060649447343
0.06365258774538965,0.2329190767997251
0.12433075550267697,0.30977607238989746
0.07555026769779893,0.23520989634041578
0.026769779892920884,0.1801156863868049
0.03926234384295063,0.21453524998568238
0.19690660321237358,0.3705973311952351
0.02617489589530041,0.15256858140999943
0.06305770374776919,0.22026229883740908
0.32897085068411663,0.44974514632609813
0.13563355145746578,0.31086421167172557
0.3652587745389649,0.4543840558959968
0.38964901844140387,0.4819311608728022
0.5211183819155265,0.5094782658496076
0.14812611540749554,0.33955672641887635
0.7126710291493159,0.5405188706259664
