0.28138013087447944,0.43256399977091803
0.038667459845330154,0.18126109615715022
0.280785246876859,0.42677968043067405
0.013682331945270675,0.12158524712215796
0.02617489589530042,0.15027776186930875
0.24509220701963116,0.41532558272722064
0.29327781082688875,0.46692629288127824
0.32956573468173705,0.4841647099249756
0.17311124330755503,0.36143405303247234
0.05056513979773944,0.21333256972681977
0.06365258774538965,0.2386461256514518
0.24449732302201072,0.40725044384628595
0.1124330755502677,0.31664853101196955
0.23259964306960143,0.4026688047649046
0.2082093991671624,0.3991753049653513
0.437239738251041,0.5117118149017811
0.47352766210588937,0.5117690853902984
0.14872099940511602,0.3602313727736097
0.13682331945270673,0.34419563598877495
0.18441403926234384,0.3659584216253364
0.25698988697204045,0.426779680430674
0.19631171921475313,0.3728308802474085
0.11124330755502677,0.2810262871542294
0.02617489589530042,0.15027776186930875
0.07555026769779893,0.24208235496248784
0.0761451516954194,0.2765019185613653
0.4253420582986318,0.4979668976576369
0.48483045806067815,0.5208750930645438
0.7001784651992862,0.5473340587595211
0.5925044616299822,0.5426951491896226
0.4009518143961927,0.49103716854704765
0.7126710291493159,0.5577000171811465
0.6412849494348603,0.5439550999370025
0.5336109458655561,0.5393161903671039
0.06305770374776919,0.22026229883740908
0.11183819155264724,0.2902468358055095
