0.3469464580457718,0.2163717668619202
0.30826922520052896,0.1705294565336746
0.3140896323394562,0.1811428203603924
0.2995917027827918,0.16068852446601867
0.2889643922355962,0.15765559388264333
0.3073136359687648,0.1701545999447181
0.3895232671499311,0.24329707195353287
0.557552533276706,0.2982306011715215
0.48416521076051394,0.28723859432565574
0.463885483730852,0.28231244864654054
0.416530728467872,0.2538915036292933
0.3285875618961207,0.20576218946539387
0.5256802540516018,0.29481524113880675
0.402023146494725,0.2451713548983154
0.3566664414436154,0.23684499490725136
0.5082962519666798,0.2902677384788395
0.4445420410999894,0.2690447972555954
0.3431144487022327,0.20881026576953512
0.627117498865841,0.32286890242748034
0.5565969440449416,0.29482660042938114
0.4165500333008369,0.25730686366200806
0.42717734384803235,0.266398082551751
0.4078242488006873,0.25388393076891036
0.6213067441433962,0.3186962563564697
0.5875136340382815,0.30013896198802725
