0.6724938348372327,0.21311296001777158
0.5492400421138912,0.19372811561976455
0.4943859921849055,0.17778433564316598
0.49099426940171426,0.1776972200881936
0.5288826393256124,0.1884135222942317
0.4949512793154373,0.1784812600829449
0.5305855668063397,0.19246494007266526
0.5124893125401884,0.18331726232834833
0.48024674783247717,0.17560590229663828
0.5204033323676345,0.18458043787544764
0.4898636951406505,0.17639048676360813
0.5158881014125112,0.18349203791051166
0.4943859921849054,0.17774077786567977
0.30091647176037484,0.09244376010336261
0.3133598547212075,0.09375103790016666
0.48023261565421377,0.17447231113756034
0.4666657245214491,0.17151038226849993
0.46270164851859436,0.167850984487442
0.5701485998544384,0.20013056443801483
0.5248973650553628,0.18470893331903188
0.5045470283562157,0.18270527555466748
0.4994523780922972,0.179873475545847
0.5266002925360901,0.18758429110533847
0.4072752453699451,0.15900657776887261
0.4740144572183633,0.17421096447264328
0.39652772380070805,0.1536048688883674
0.4485553380770345,0.16641248888596083
0.44290953286084755,0.1658903400283452
0.39823065128143526,0.154563684465282
0.40218766119515836,0.15521705112757472
0.4265091399862918,0.1602272844829229
0.42085626868097314,0.15957391782063018
0.4643904438210584,0.16846024890003003
0.39596243667017617,0.15251592445121284
0.43498844694426975,0.1617082489174531
0.43668430833586536,0.1627536355771215
0.4338508065940744,0.16066231778556614
0.3654298655323238,0.14445719114405048
0.3812649712763477,0.1450675445010756
0.38012026483702066,0.1446744355592628
0.4564905561718755,0.1676337400722297
0.3812720373654794,0.14920607783448153
0.3218815582139753,0.1279471600601315
0.40615880328714465,0.15687333561648684
0.35977699422700515,0.14280199559957552
0.34167367387172215,0.12803482008732245
0.392026625023848,0.15203842231552056
0.37618445319069255,0.1444582800884876
0.3496018258774316,0.14023208672789073
0.3467683241356406,0.1327831623055349
0.40390472085414886,0.1561333978714403
