0.1267748380807135,0.17695502856861575
0.3818495960463702,0.3054134592447586
0.34997731682126626,0.3019980992120439
0.188646827733323,0.2265951283789156
0.3654308356096949,0.3054096728145671
0.12774007972896012,0.18036281574094756
0.13063580467370006,0.18074145876009554
0.1257999440159844,0.17430074100438844
0.25339523749770754,0.26373243569694926
0.26402254804490305,0.26903722439521244
0.2572562040906941,0.2656256507926892
0.2620824123319273,0.268276151926725
0.2437331685987587,0.25918493303698203
0.2292352390420942,0.2519831428127875
0.2331058580515632,0.25388014433871886
0.220538411791392,0.24667835411452432
0.22343413673613188,0.24857156921026421
0.21087634289244306,0.24099492239711315
0.21280682618893637,0.24213085145455707
0.20024903234524757,0.23455420464140606
0.20605013465120986,0.23796577824392934
0.20217951564174086,0.23493284766055403
0.21474696190191211,0.24289192392304457
0.21763303443016957,0.24478135258859296
0.20700572388297409,0.2383406348328858
0.16739220663893203,0.21295640682920547
0.12387911313597358,0.17278995535798802
0.11420739182054226,0.1602871628657218
0.1548247603787608,0.20424004452841904
0.1519193830175384,0.2012071139450437
0.1567552436752541,0.20499733056671499
0.23116572233858748,0.25236178583193547
0.11710311676528218,0.16293766399975768
0.13064545709018252,0.1822598172668789
0.13548131774789818,0.18945782106088196
0.13742145346087392,0.1898402505102214
0.13161069873842918,0.1871821765158026
0.13451607609965155,0.18832189200343805
0.14031717840561383,0.1917334656059613
0.15481510796227832,0.2042362580982275
0.11904325247825792,0.17089295383205666
0.14418779741508284,0.19665961128507647
0.15384986631403166,0.20310032904078357
0.15288462466578506,0.2027216860216356
0.14515303906332946,0.19703825430422445
0.15578034961052495,0.20499354413652346
0.1422476617021071,0.19551989579744106
0.1490236580727985,0.20082847092589573
0.1451530390633295,0.1977955403425204
0.21570255113367626,0.243645423531149
0.22053841179139197,0.24629971109537635
0.2253646200326252,0.24857156921026424
0.2379320662927964,0.2557733594344588
0.2273047557456009,0.2504685707361956
0.21571220355015877,0.24364920996134054
0.23503634134805648,0.25425878735786683
0.1963784133357786,0.23152127405803077
0.2060404822347274,0.23796199181373787
0.21860792849489868,0.2455424250570804
0.22053841179139194,0.24592106807622838
0.2215036534396386,0.2470569971336723
0.19832820146523678,0.23304341899500564
0.16255634598121638,0.2095448332266822
0.17511413982490517,0.2175001230589812
0.1712531732319186,0.21560690796324128
0.159650968619994,0.20726918868160285
0.1664269649906854,0.21257776381005747
0.19349234080752112,0.2303891314307783
0.181899788612079,0.2228124846176273
0.16836710070366115,0.21447476533598883
0.20216986322525843,0.23492906123036256
0.20797096553122071,0.23834063483288584
0.2021795156417409,0.23493284766055406
0.19541317168753194,0.23076398801973483
0.1751237922413876,0.21863983854661656
0.15772048532350075,0.20613325962415893
0.20410999893823414,0.23682606275629395
0.1770542755378809,0.21977576760406053
0.17318365652841186,0.21674283702068523
0.18961206938156966,0.22735241441721155
0.18671634443682975,0.2262164853597676
0.1809248945473499,0.22243005516828784
0.1992741382805185,0.23379313217291864
0.18381096707560737,0.2235621977955403
0.18091524213086746,0.22242626873809634
0.17706392795436338,0.219779554034252
0.20991110124419643,0.2402376363588172
0.17126282564840106,0.21561069439343278
0.21667744519840543,0.24440649599963649
0.21666779278192289,0.24440270956944496
0.2688391038696538,0.27130529607990883
0.2755957954073803,0.2743344402330926
0.2611075182671982,0.2675150794582376
0.31134834605843575,0.2921458078538135
0.29686006891825373,0.2853264470789584
0.27947606683333176,0.2766138712083634
0.3190702792444088,0.2925244508729614
0.30554724375247344,0.2887342342512902
0.2360015829963031,0.2553947164153108
0.2514551017847318,0.2629713632284618
0.26787386222140713,0.27092665306076086
0.2659433789249139,0.2697907240033169
0.28525786430632916,0.2788819428930598
0.26980434551790045,0.27168393909905675
0.2688391038696538,0.27130529607990883
0.27560544782386276,0.27509551270158
0.24275827453402957,0.25842386056849465
0.22246889508788523,0.24781428317196827
0.24083744365401877,0.25767036096039014
0.22537427244910763,0.2489539986596037
0.24372351618227622,0.2588025035876426
0.25531606837771836,0.26486457832420174
0.24758448277526277,0.26107436170253046
0.2611171706836806,0.26789750890757696
0.26014227661895156,0.2671364364390896
0.25822144573894074,0.26638293683098513
0.2495246184882385,0.2618354341710179
0.22538392486559009,0.24895778508979516
0.24953427090472097,0.2618392206012094
0.23987220200577214,0.25729171794124217
0.2678835146378896,0.2709304394909523
0.25340488991419,0.26373622212714076
0.2717444812308762,0.27282365458669217
0.25435082672947174,0.26448593530505377
0.2814065501298251,0.2769925142275114
0.24276792695051203,0.2584276469986861
0.25436047914595417,0.26448972173524526
0.2765803418885918,0.2750992991317715
0.23988185442225457,0.25729550437143367
0.28139689771334253,0.2769887277973199
0.1944479300392853,0.2307639880197348
0.19638806575226106,0.23152506048822227
0.2446984102470053,0.25956357605613
0.17319330894489435,0.21712526647002467
0.1712531732319186,0.21560690796324128
0.16352158762946303,0.21030211926497816
0.17995965289910326,0.2212941261108439
0.24661924112701614,0.2606957186833825
0.18961206938156966,0.22735241441721155
0.17318365652841186,0.21674283702068523
0.17221841488016523,0.21598555098238925
0.1963784133357786,0.23152127405803077
0.3007113830947578,0.2868372327253588
0.28911883089931567,0.28001787195050376
0.27463055375913364,0.27395579721394464
0.30747772704896675,0.2902488063278821
0.19541317168753194,0.23076398801973483
0.19348268839103866,0.23038534500058686
0.1963784133357786,0.23152127405803077
0.20507524058648077,0.23720470577544192
0.19638806575226103,0.23152506048822225
0.18286503026032563,0.2231911276367753
0.16062586268472312,0.20878754718838624
0.2118415845406897,0.24137356541626115
0.19831854904875432,0.23303963256481416
0.20507524058648077,0.23720470577544192
0.2089458595959498,0.23948035032052123
0.19830889663227186,0.2330358461346227
0.23503634134805648,0.25425878735786683
0.20410999893823414,0.23682606275629395
0.1857511027885831,0.22545919932147165
0.19251744674279203,0.22962805896229088
0.19830889663227186,0.2330358461346227
0.1973436549840252,0.23265720311547472
0.17898475883437417,0.22129033968065243
0.19251744674279203,0.22962805896229088
0.1857511027885831,0.22545919932147165
0.1905773110298163,0.22773105743635952
0.18478586114033646,0.22508055630232368
0.17513344465787006,0.21864362497680806
0.19156185751102783,0.22925320237333438
0.17513344465787006,0.21864362497680806
0.18479551355681892,0.22508434273251515
0.18479551355681892,0.22508434273251515
0.20218916805822335,0.23569392012904147
0.1896217217980521,0.22735620084740302
0.0996998098473953,0.1462660118666722
0.10163994556037104,0.14702708433515962
0.10647580621808671,0.15611830322490255
0.16835744828717866,0.21447097890579736
0.1616007567494522,0.2087913336185777
0.1596606210364765,0.20840890416923827
0.17801951718612755,0.2201544106232085
0.16448682927770966,0.21181669134157005
0.21281647860541886,0.24213463788474862
0.1992934431134834,0.23380070503330158
0.21185123695717223,0.24137735184645265
0.22827964981032997,0.25047235716638705
0.22537427244910763,0.2489539986596037
0.2823621393615892,0.27774601383561587
0.28623275837105827,0.27926437234239926
0.2929797974923022,0.2822897300653916
0.2669086205731605,0.27016936702246486
0.21861758091138117,0.24554621148727188
0.23601123541278557,0.2553985028455023
0.2263491665138367,0.2497150711280911
0.2263491665138367,0.2497150711280911
0.2398722020057721,0.25615578888379825
0.2224785475043677,0.24781806960215977
0.12484435478422022,0.173168598377136
0.13936158917384966,0.1913586090170048
0.16933234235190778,0.2148534083551368
0.1616007567494522,0.2087913336185777
0.15773013773998318,0.20613704605435038
0.15192903543402092,0.2012109003752352
0.16354089246242795,0.21030969212536108
0.15676489609173655,0.2057584030352024
0.16643661740716786,0.21258155024024894
0.18672599685331218,0.2262202717899591
0.17223771971313015,0.2163717668619202
0.14613758554454107,0.19818175622205142
0.18189013619559655,0.22280869818743584
0.11129236204283743,0.15687180283300703
0.09582919083792628,0.14399036732159284
0.1083966370980975,0.15649315981385906
0.11612822270055309,0.16066201945467826
0.10258588237565273,0.14739815449392465
0.11225760369108408,0.1587650179287469
0.09580988600496133,0.13489536200165844
0.09679443248617291,0.1447476533598888
0.10260518720861768,0.15422130169897116
0.09873456819914865,0.1458873688475242
0.11323249775581318,0.1599047334163823
0.18963137421453458,0.2273599872775945
0.1973533074005077,0.2326609895456662
0.21185123695717223,0.24137735184645265
0.20025868476173006,0.23455799107159755
0.20798061794770317,0.2383444212630773
0.22538392486559009,0.24895778508979516
0.20218916805822332,0.23531527710989353
0.22924489145857663,0.251986929242979
0.2321309639868341,0.2523617858319355
0.2504995125529676,0.26259650663950534
0.25338558508122505,0.2637286492667578
0.260151929035434,0.2671402228692811
0.19155220509454537,0.2292494159431429
0.1886564801498055,0.22659891480910707
0.16546172334243878,0.21182047777176152
0.19541317168753194,0.23076398801973483
0.17608903388963426,0.21901848156576456
0.1722280672966477,0.21598933741258075
0.2031447572899875,0.236068776717998
0.17415855059314095,0.2171252664700247
0.18285537784384318,0.22318734120658382
0.19058696344629875,0.22849212990484696
0.18382061949208983,0.22432327026402774
0.19928379069700095,0.23379691860311014
0.22633951409735426,0.24971128469789963
0.23986254958928965,0.25615200245360675
0.23311551046804563,0.25388393076891036
0.18769123850155883,0.22622027178995913
0.1963977181687435,0.23152884691841374
0.23310585805156317,0.2531228583004229
0.285277169139294,0.2788895157534428
0.2842926226580825,0.2785032998739118
0.2823814441945542,0.2777535866959988
0.266918272989643,0.27017315345265636
0.26401289562842056,0.26865479494587297
0.213772067837183,0.24250949447370507
0.2707792395826295,0.2720663685483962
0.27850117276860265,0.275474155720728
0.2843022750745649,0.2785070863041033
0.24083744365401877,0.25767036096039014
0.27851082518508513,0.2754779421509195
0.2582310981554232,0.2663867232611766
0.2707695871661471,0.2720625821182048
0.24855937683999188,0.26107814813272195
0.28332738100983584,0.27812465685476384
0.2891284833157982,0.2804003013998431
0.29588517485352467,0.28380808857217504
0.28815358925106904,0.27963922893135573
0.3258269707821353,0.29782545314103315
0.3200355208926555,0.29555359502614525
0.3026515188077336,0.28684101915555027
0.29975579386299367,0.28532644707895843
0.31907993166089127,0.29442145239889284
0.294919933205278,0.28267215951473107
0.29010337738052727,0.28154001688747865
0.26981399793438293,0.27168772552924825
0.27270007046264033,0.27357715419479667
0.3065124854007201,0.28911287727043816
0.25918668738718736,0.2667615798501331
0.33356820880107335,0.29896895505886006
0.29395469155703136,0.28229351649558304
0.19541317168753194,0.23076398801973483
0.2147373094854296,0.24288813749285307
0.20893620717946731,0.23947656389032979
