0.3241285745578394,0.11331065788033698
0.3416595416934589,0.12411353116912886
0.32469386168837133,0.11919095784097164
0.31563513542159816,0.1071679223103481
0.3529794164823595,0.13099674895638289
0.3671115947456561,0.1361365666997524
0.37898969057595694,0.1408849089179649
0.3857731361423393,0.14689588221105812
0.39030249927572586,0.1485951800052378
0.4078475985896087,0.15534826893225187
0.41123932137279984,0.15556605781968277
0.40559351615661277,0.15425986896731586
0.43103850311967834,0.16676149557806888
0.41973276050904107,0.1581370556358047
0.3648575123126603,0.13583220672956772
0.38579433440973426,0.14759444006749278
0.35919757491821,0.1355267578149459
0.38181612622861627,0.14328058667970497
0.5554793988171367,0.1990002401122484
0.6261685544901463,0.21834207120498778
0.5503776824640866,0.19403356453438644
0.5554723327280051,0.1986076756426542
0.548681821072491,0.1926397156548286
0.5826414454391927,0.2110243645873091
0.356364073176419,0.13199803336634647
0.3179033500328573,0.11043530009403034
0.27378975558397695,0.09584181121950341
0.28113848828089116,0.09919576008593949
0.3196133436027162,0.11283206680020755
0.39767949632916666,0.1513850556532278
0.421421555811505,0.15852853116096177
0.4564976222610072,0.17791392003118736
0.4417789585997838,0.16967986666964313
0.5023000120123514,0.1874541622450985
0.4921177775736463,0.18013591115520125
0.3580740667462779,0.13308806674793822
0.42537856572522803,0.1627536355771215
0.5322672960196719,0.19102644447118403
0.4236897704227641,0.16179590894464405
0.5170116095844433,0.18915400451149678
0.4932624840129733,0.18527681784300795
0.4791161735714134,0.17913408227301902
0.37560503388189737,0.13718304230385794
0.36825630118498304,0.1365296756415652
0.31333865645381254,0.10198182442839945
0.5718373951569024,0.19938953774853113
