0.13067344186192403,0.06126181884494449
0.0,0.0
0.01885135347071924,0.012162841717276099
0.1420281672469496,0.08580854438249126
0.00379536400991186,0.004426368112466222
0.8580972993318905,0.40625880714629126
0.912079294877827,0.41046413315576297
0.02139205169223048,0.03272528334834578
0.9221479878297419,0.4168798801951803
0.20240895831372918,0.14330712142395322
0.05028073147015463,0.06036107227524164
0.8329726169191682,0.3927697128110477
0.04272137009504093,0.04112488326213937
0.9484959693861549,0.4182061328131477
0.7839779178821241,0.3704334083034466
0.8103572660832471,0.3845856289476739
0.1634829522286001,0.13556512176656849
0.25777108622690637,0.21605760357204043
0.20498102317995046,0.19305264670288075
0.275367773909225,0.2392725504390449
0.25905711866001696,0.23175711893722958
0.5454032182177473,0.34564353645260587
0.4235751701640475,0.31003365366018093
0.44493585521156803,0.3177756533175657
0.31683447821586525,0.2742082548173363
0.4813525297198959,0.32861224241687437
0.2967598256014554,0.26448240228557535
0.3821398325021173,0.29654455932493745
0.4059784824817289,0.30428103292974734
0.5102098428531101,0.3365697581246788
0.40851918070324017,0.3062759379092733
0.3205671089363571,0.27530793927973435
0.39719582196292463,0.3003022750758451
0.46375584203757725,0.32352274799542446
0.42862519996236004,0.3120285586397069
0.43486716225965305,0.3133492852050995
0.41855650701044506,0.3080442747332298
0.5064144788431981,0.3356800636601257
0.4913584893823908,0.3325854742182017
0.3532511527241931,0.2850448439166451
0.4423951569900567,0.3157807483380397
0.5114645086415106,0.3376749686396517
0.526520498102318,0.3416537264935539
0.5014585489790158,0.33436486314730807
0.47379316834478225,0.3250700427163864
0.5127505410746214,0.3383436210012103
0.6370565540604122,0.37019026199015265
0.49264452181550145,0.3325910002707766
0.33317650010978334,0.2779714966208189
0.4562278473071736,0.32109128486248417
0.3331765001097833,0.27598211769386777
0.5717825664188702,0.3536065782129852
0.3620338132429974,0.2907919385945038
0.5579185094570434,0.3513851050778898
0.5277751638907187,0.34342206331751046
0.4436498227784574,0.3177701272649908
0.5215018349487155,0.33988538966959736
0.45494181487406293,0.3210857588099093
0.42228913773093696,0.3100281276076061
0.38342586493522784,0.2965500853775123
0.43358112982654246,0.3133437591525246
0.38715849565571975,0.29853393825188856
0.48006649728678524,0.3286067163642995
0.4072331482701295,0.30627041185669845
0.4273391675292494,0.31202303258713204
0.4763338665662935,0.32684390559291787
0.3858724632226091,0.2985284121993137
0.5001725165459051,0.3343593370947332
0.5365578244095228,0.343643105420505
0.5114645086415107,0.3383380949486354
0.4888491578055895,0.32882775846729406
0.46999780433487026,0.324843474560817
0.4712838367679809,0.3248490006133919
0.3770898027038048,0.2945496543454115
0.36331984567610803,0.2907974646470787
0.3783758351369155,0.2945551803979864
0.5478811831498385,0.3491746840479441
0.47504783413318286,0.326838379540343
0.5466265173614379,0.34740634722398755
0.4650418744706879,0.32352827404799933
0.49010382359399013,0.33081713739424523
0.36077914745459677,0.2888025596675527
0.5077005112763088,0.33568558971270057
0.5290611963238293,0.34342758937008533
0.39845048775132524,0.30229165400279623
0.4198425394435557,0.3080498007858047
0.5378124901979235,0.34563248434745614
0.34067312819547696,0.2830499389371191
0.5943351839653713,0.36222169417719846
0.5227878673818261,0.3398909157221722
0.3997365201844359,0.30229718005537104
0.5755151971393621,0.3564745994993397
0.5491672155829491,0.349180210100519
0.559204541890154,0.35139063113046465
0.51020984285311,0.33590663181569513
0.5390985226310342,0.345638010400031
0.5742291647062514,0.3564690734467648
0.45368714908566227,0.3193174219859528
0.5729744989178508,0.3544796945198137
0.595621216398482,0.36222722022977333
