0.23142148515061367,0.11317998454787845
0.24105256463705033,0.12751212675748827
0.2710057164661075,0.13957708664894228
0.5798150097865334,0.22927507335401964
0.30213183909101826,0.1573078244469115
0.568488068908501,0.22801026439026462
0.6210668381370962,0.2317132199488087
0.660106980589453,0.2456108733279939
0.26251934341899785,0.1370937488600113
0.27215748899456615,0.1426277644896308
0.2376537757647275,0.12054233788748046
0.5045964909801371,0.21489828442248649
0.4367337709597869,0.20239502439507773
0.573596851350683,0.22801189780692036
0.35247772415401246,0.17421096447264325
0.23876315175839627,0.12494003999692917
0.3151405091823828,0.16236107110752726
0.2625334755972612,0.13827089779657536
0.2783615152521534,0.1442383133121824
0.5080023459415917,0.21533495114178547
0.6222115445764232,0.23249834888799717
0.588301382833643,0.23149706447803353
0.3275697599649522,0.16615005327660656
0.4474671603507607,0.20322207769509662
0.4276821107821454,0.20004235993860528
0.4700927777502985,0.20705625105831788
0.4191816055567725,0.19411686878382875
0.41578988277358125,0.19311503990164655
0.3846920245051971,0.18462072881962235
0.5605740490810551,0.22334958219924306
0.46839691635870295,0.2057495177337324
0.5340055539460574,0.22086678888253067
0.27836858134128506,0.14933511775028438
0.2919425385631814,0.15408345996849684
0.42032631199609954,0.1942921888382106
0.3456801464093668,0.17360006664339955
0.308908218568269,0.15865757107676456
0.4910154676691092,0.21049785995194487
0.5849025939613202,0.2306689222335775
0.2727157100359664,0.14410818445194243
0.47688328940581254,0.20949603106976267
0.28290501056380324,0.152559482228699
0.4780209297560079,0.20980147998438453
0.5153440125493742,0.21947239553075426
0.40393298521067544,0.1908946821942884
0.4853767285420539,0.21015048667649258
0.42654447043195,0.19642651993503357
0.4480465796595558,0.20566240217876003
0.32305452900982895,0.16366780443211276
0.24159665350018725,0.12798962889318055
0.4214710184354265,0.1961662622145536
0.38696730520558786,0.18601566664361735
0.35360123232594454,0.17625763554227525
0.3541594533673448,0.17660555328994618
0.3021247730018866,0.15521650665535616
0.34059256223458,0.1719884288764108
0.25577122829827376,0.13622531567138055
0.243871934200578,0.1299943756019821
0.2710198486443708,0.14049288892058928
0.25914175281407,0.13635435558718334
0.33662142014259366,0.16623771330379752
0.2500900926364285,0.1329563044710425
0.3049582747436776,0.15765628666680095
0.26875870012224334,0.13861990448868342
0.3371937733622572,0.1705504777471482
0.3971424735551614,0.18823711329541265
0.4016789027776796,0.1905467644466175
0.4141222857385123,0.1914184644685597
0.42315981373789047,0.19638350662976597
0.31287229457112375,0.16026975331597193
0.32419216936002426,0.16453950445405496
0.3626387603253227,0.18052575326370263
0.5396584252513761,0.22221707998460233
0.3569929551091358,0.1782177355291535
0.3756544965058189,0.18335809774474163
0.4916019530670359,0.2113270911408381
0.49272546123896804,0.21468049553505558
0.3954466121635658,0.18632057108602063
0.3965771864246296,0.18688682219334102
0.5102564283745875,0.21916749108835096
0.5306067650737346,0.22073557107785352
0.30777057821807363,0.15800365994225327
