0.005801102305962298,0.004547502659967209
0.08410150481172964,0.05608839042638989
0.020299031862626805,0.016671652133085448
0.09183309041418518,0.05798539195232126
9.652416482466385e-06,0.0022756445450793444
0.9053966660553474,0.43808997315420983
0.4011158193453731,0.2607184372645313
0.07537572031158002,0.039791594882260944
0.8735243868302435,0.43353868406405116
0.6803505757666434,0.40433394799716765
0.7276860261966586,0.4126792401391891
0.6301194003918882,0.39636729887429417
0.705466163454021,0.4043415208575507
0.8435825909016326,0.42974468101218843
0.7151185799364873,0.4119143812405101
0.40303665022538404,0.2641224380066717
0.2870435613555854,0.1940091101510407
0.807849345083542,0.4233001768262899
0.7073966467505141,0.4077493080298824
0.2106929469792762,0.12467957334504604
0.6494435381897858,0.40167587400274885
0.31216880145944553,0.19553504151820703
0.029970753178058127,0.025009371414723907
0.5654192527099161,0.37780243164546884
0.6446173299485528,0.399404015887861
0.6484782965415393,0.400161301926157
0.622397467205915,0.39523136981685025
0.5692705668864202,0.3793132172918693
0.8715939035337501,0.4316454689683113
0.4156716634009324,0.3114868932718922
0.1488499145761141,0.10875006152949061
0.32280576442312336,0.21296019325939697
0.4059613324195713,0.28912423656101266
0.45623111746025624,0.32361104274501035
0.3846874064922154,0.25124478892544894
0.09859943436839413,0.06783389688036016
0.6156407756681886,0.39409544075940633
0.5963262902867734,0.390683867156883
0.23097267400893806,0.1367999363879728
0.5142035308539494,0.3558184179537373
0.4687985637204275,0.3330846910840928
0.4968098763525451,0.34369426848061907
0.13819364677947124,0.07200654295137088
0.6127353983069662,0.39409165432921484
0.5770021524888758,0.38348207693268854
0.18363722357892295,0.11293028046088431
0.3334523798032838,0.22508812916270665
0.6156407756681886,0.39523136981685025
0.6156311232517062,0.39409165432921484
0.25902259630698543,0.15045380365844885
0.5306319437071072,0.36036970704389604
0.24642619279736677,0.13793965187560817
0.5837684964430847,0.38727229355435977
0.5354581519483403,0.3622629221396359
0.05315585756894239,0.03069658956232653
0.5567224254592139,0.3766627161578335
0.3556818949624039,0.25122585677449155
0.5769925000723933,0.3830996474833491
0.47460931844287224,0.3372573371551035
0.5692802193029027,0.3804529327795047
0.5837684964430847,0.3865150075160638
0.5924556712773044,0.38727229355435977
0.5982471211667842,0.3918160097841355
0.1459541896313742,0.09549755585931141
0.5412689066707852,0.3732511425553102
0.5953513962220442,0.38727229355435977
