0.21728930688731704,0.12145596227025313
0.2189922343680443,0.12807728892037148
0.2512277329866239,0.14153773110803908
0.24105256463705033,0.1414506155530667
0.190127260265261,0.10803798891563457
0.23255912550080904,0.13021162001719444
0.37452392224475517,0.18697339327609477
0.5159022335907745,0.22208531770770662
0.4706580648808304,0.210192411037323
0.47405685375315326,0.2111947843917238
0.5141922400209156,0.2155070043628559
0.2749839246472255,0.1529073999763699
0.48650023671398596,0.2148977399502679
0.30496534083280924,0.16689107996609026
0.2891302350887854,0.15887590443641408
0.4763180022752807,0.211717477721558
0.47915857010620333,0.2141142444277352
0.328156245362879,0.17360006664339955
0.4135499325188488,0.1980387021742409
0.40902763547459386,0.19738533551194817
0.34965128850135313,0.18004770665579176
0.4406978469626416,0.20513970884892585
0.48367380106132657,0.21463639328535078
0.279513287780612,0.1540840044407154
0.31797401092417377,0.1707682666345791
0.3507818627624169,0.18096241998300158
0.2738604164752934,0.15247236667372666
0.29875424848609033,0.1649315244514306
0.2942178192635722,0.1620991799703916
0.3558694469372036,0.18209492219764234
0.3451219253679666,0.17882754441396004
0.36378346676464973,0.18422925329446527
0.33890376693211605,0.17686744442708183
0.3683128298980363,0.18571076220121407
0.3598264568509267,0.18327098218976925
0.44126313409317347,0.20561884440127381
0.3338091166681977,0.17529881996536067
0.3473830738900941,0.1791324488563633
0.32419923544915596,0.1727724688711621
0.2591558849923333,0.15072951110206076
0.2585905978618014,0.14680931112830434
0.2800785749111439,0.15499871776792523
0.4554023784456017,0.20932179995981792
0.3852714438139923,0.1904150021697218
0.3473830738900941,0.1791324488563633
0.26988927438330707,0.15129521773716256
0.34794836102062593,0.17948091107625277
0.3372079055405205,0.17651898220719237
0.3649140410257135,0.18470838884681332
0.31627814953257816,0.17041980441468965
0.28969552221931727,0.16048754220340283
0.3745309883338868,0.1871481688582581
0.380756212858869,0.18976217997964762
0.3705739784201638,0.18627701330853444
0.3694434041591001,0.18592855108864498
0.3756615625949506,0.18797576663049553
0.40789706121353014,0.19686264218211397
0.3219310208378968,0.17159586440681657
0.2947901724832357,0.16249174443998585
0.38188678711993274,0.19015419997702326
0.2925290239611082,0.16092366445048326
0.2930943110916401,0.16122856889288653
0.2964789677856996,0.16279610441017053
0.3202422255354329,0.17089948443925623
0.2834773637834668,0.15826609555160753
0.41920280382416747,0.19947610883128494
0.33663555232085696,0.17634420662502906
0.34004140728231147,0.17800049111394114
0.3734004140728231,0.18632057108602063
0.3123282057079868,0.1690265000073504
0.3541806516347397,0.1813549844525958
0.30892941683566394,0.16719652888071213
0.36435581998431327,0.1844040288766286
0.33098974710467,0.17508157555014833
0.3490789352816896,0.17987293107362842
0.3552970937175402,0.18139745328564483
0.37508920937528706,0.18727829771849808
0.31118349926865974,0.1683284866231343
0.4129846453883169,0.1975160088444067
0.36661696850644077,0.1853622999813246
0.4067664869524664,0.1967319688496554
0.33946905406264793,0.17712879109199892
0.3858437970336558,0.19063333552937128
0.41298464538831686,0.19742889328943433
0.322510440146692,0.1718583000161708
0.46444697253411155,0.21014939773205543
0.38810494555578323,0.19076400886182981
0.3377731926710524,0.17678032887210945
0.3869743712947195,0.19067689330685744
0.3360702651903251,0.17590862885016723
0.42655860261021333,0.20139319551289556
0.3292938857130744,0.17473311333025887
0.3971566057334247,0.1945105221978601
0.426565668699345,0.2024826844222687
0.36039881007059027,0.1838377777693082
0.45369945096487446,0.20744827105569352
0.38923551981684695,0.19150449107909492
0.33550497805979324,0.1757779555177087
0.39036609407791073,0.19180939552149823
0.37905328537814176,0.1885855755153021
0.3909384472975742,0.19207128665863388
0.39941775425555215,0.19533811997009756
0.36660990241730906,0.18514396662167512
0.4254280283491496,0.20113184884797844
0.3960189653832293,0.19346459106597313
0.41412228573851234,0.1988232866412108
0.3570000211982674,0.18279184663742123
0.40393298521067544,0.19551180660782372
0.35699295510913576,0.1821814932803961
0.3258880307516199,0.17307682884134679
0.358695882589863,0.18279184663742126
0.3609640972011221,0.18388133554679437
0.27725213925848463,0.15351775333339504
0.34512192536796654,0.17860975552652913
0.29874718239695874,0.16371136220959895
0.4158110810409763,0.19912764661139548
0.2829120766529349,0.15769984444428714
0.37735742398654615,0.18823711329541265
0.28008564100027555,0.15512993557260238
0.39093138120844256,0.19185295329898439
0.4429660615739007,0.20736169997293974
0.3965842525137612,0.19385661106334878
0.28913023508878544,0.15965994443116538
0.36774754276750443,0.18566720442372786
0.3264603839712834,0.1732516044235101
0.43843669844051414,0.204224995521716
0.3886702326863151,0.19093823997177456
0.42147101843542656,0.2010011755155199
0.3796185725086736,0.18893403773519157
0.3015736180496181,0.16549723108653241
0.39488132503303397,0.1931155843738651
0.4327838271351955,0.2041814377442298
0.38528557599225555,0.19045964889164513
