0.24611895054444216,0.10342304239097351
0.44351721652616916,0.18784672671469274
0.2624981451516029,0.11444207115054057
0.28455140933147727,0.125854753324139
0.3580952650136729,0.16344947107246324
0.27323860063170835,0.11927698445150683
0.404484140162944,0.17821828000137208
0.3513118194472905,0.16166360219552975
0.5232509662876887,0.21123943111364715
0.5079740815850651,0.20858131774255284
0.5747132934334833,0.21908146447781576
0.5317302732456667,0.21158789333353661
0.5956289172631622,0.22443907110861622
0.5628351976031826,0.2185146688982768
0.4429377972173741,0.18754073332785232
0.5577334812501324,0.21494184219997267
0.47518742801421693,0.20039245557515048
0.6188268878823637,0.22853513560897315
0.5492683064704178,0.21463802670200655
0.4983642003660234,0.20483534887874114
0.4259721172122865,0.1853622999813246
0.40786879685700356,0.17887110219144622
0.5158881014125112,0.21058497550691724
0.47857915079740815,0.2034414999991833
0.41239109390125844,0.18309620660760595
0.4565117544392705,0.19525100441512522
0.4570699754806707,0.1981252732569947
0.4451989457395016,0.18919592887232725
0.5045894248910056,0.20622974223051754
0.4039117869432805,0.17551715332501017
0.5848743296047936,0.2196901844181852
0.29137018534351794,0.14332414445719113
0.6425618812755705,0.22953642001893676
0.4474671603507606,0.19159215110628589
0.31286522848199205,0.15147053779154449
0.2862614029013362,0.13086498667948715
0.302117706912755,0.14611238668852541
0.383568516333265,0.17490788891242223
0.4372849259120555,0.18706159777550432
0.31795987874591053,0.15238579559097287
0.2879713964711951,0.13957763112116087
0.3468036545812989,0.16040151559286764
0.3451007271005716,0.15896356446360502
0.43388613703973256,0.18571076220121407
0.2925148917828449,0.14428350450632432
0.35810939719193613,0.1639296955692484
0.3417090043173805,0.15809240891388138
0.4191816055567725,0.18396790662954818
0.36491404102571345,0.1711183622711243
0.25459825750242016,0.11270084899553043
0.2862826011687311,0.13404633785263426
0.33266441022887067,0.1558274044845999
0.28060853159601756,0.12193564229481972
