0.6499106139724846,0.23254190666548336
0.5871637424834477,0.22766343558703087
0.17937267260689227,0.09422908450807753
0.31343051561252394,0.1518625577889201
0.3993965559881572,0.18030905332070885
0.330968548837275,0.1590071222410912
0.4927113290607048,0.20535804220857534
0.6137181054401818,0.22822859774991408
0.3162569512651832,0.15421467777317394
0.5147645932405791,0.20818984221739575
0.5611322701224553,0.2173380644339313
0.3586888165007313,0.16828656226230387
0.3637693345863865,0.16902650000735037
0.26874456794398005,0.1379654488819535
0.23763964358646425,0.12154307782522551
0.3496371563230899,0.16641303335817942
0.4384437645296458,0.1973869689286039
0.5475795111679538,0.21402876228941856
0.2953483935246359,0.15112262004387356
0.24385780202231466,0.12502770002412011
0.2580041124638746,0.13661515777988184
0.3586746843224681,0.1675014333231154
0.28855081577999026,0.1479418133429451
0.4700927777502985,0.20165508665003123
0.5679298478671009,0.21947348447519138
0.4842249560135951,0.20291826219713052
0.5735756530832881,0.2200827488877794
0.3739515690250917,0.17425397777791088
0.3157057963129147,0.15308326450297038
0.3349255587509981,0.16405982442948838
0.3813003017220059,0.17442820888785562
0.5498335936009495,0.2169465889087742
0.43728492591205537,0.19298545551362511
0.4338861370397326,0.18862913329278827
0.4870584577553861,0.20457400221382402
0.5164816528995696,0.209498208958637
0.1341073056295532,0.07418924003112204
0.1940913362681157,0.10625266451091965
0.186149052084143,0.0958401778028477
0.40903470156372546,0.184100757850881
0.37000162520050023,0.17076990005123485
0.410151143646526,0.1874971755503661
0.49441425654143206,0.20666532000537938
0.3875113940687248,0.17991594437889602
0.39941068816642045,0.18213956891956568
0.3665887041499142,0.1707247088570929
0.518142183845507,0.2097568332624612
0.24046607923912347,0.12306760003724192
0.24726365698376918,0.12951524004963408
0.5034659167190734,0.20749346224983542
0.27835444916302177,0.14515248216717364
0.19973007539517101,0.10690494222877525
0.2614029013361974,0.1372690689143932
0.3230403968315656,0.15778641552704092
0.24838716515570125,0.13199748889412793
0.3818655888525378,0.17451532444282797
0.5317232071565351,0.21337321773825152
0.6318214257954649,0.23018978668122947
0.5181563160237703,0.21036773109170492
0.4797026589693402,0.2022213377573516
0.18955490704559746,0.10224426003775369
0.20538294670048968,0.11139139330985205
0.22239102324036716,0.12102147343982847
0.46896926957836643,0.2004360133526367
0.5837508214328615,0.2219557333196852
0.6815737593714006,0.23824851998839186
0.7375583835614502,0.24007958005946725
