0.06304695586713088,0.1050502594481684
0.48132116307518585,0.3263962953343538
0.16106772058592897,0.19791557296876122
0.06809698566544337,0.1357806378169882
0.1761237100467363,0.20366266764662003
0.12716037765440233,0.17890042605865353
0.12207898121137983,0.16562684777382972
0.20127975910416862,0.22047291957935689
0.18995640036385306,0.21140466730400473
0.15353972585552525,0.1870845099220274
0.11709168470248738,0.16032736335453496
0.13594303817320663,0.1819950155005775
0.18995640036385308,0.2129519620249667
0.1560490574323265,0.19393681511485902
0.09450770051127631,0.1550223528826653
0.39973652018443584,0.3011919695403983
0.17740974247984692,0.20433132000817855
0.2088077538345723,0.22511480374224282
0.5604278410338447,0.3493957261509386
0.4549731815187729,0.3193229480385277
0.5227878673818261,0.3398909157221722
0.5076377779868887,0.32882223241471925
0.27285844233242373,0.25430341344267554
0.49518522003701265,0.3286177684694493
0.42862519996236004,0.3120285586397069
0.4512405507982812,0.3164549267521731
0.5378752234873436,0.34055956808373083
0.44619052099996864,0.3135758533606689
0.3783758351369154,0.29079746464707873
0.07938897776104889,0.13688584833196105
0.09444496722185629,0.15169566923259709
0.14726639691352217,0.18465304678908717
0.12339638028920047,0.1764689629257133
0.22888240644898217,0.23351440365603643
0.25406982215112456,0.24767767640541336
0.1987390608826574,0.21604655146689067
0.199993726671058,0.21847801459983096
0.23270913710360405,0.23728317151209377
0.2502117248517926,0.2439033824967811
0.20253442489256923,0.2204729195793569
0.23396380289200466,0.23993567674802863
0.28920046422634177,0.2591718657611309
0.4750792007778928,0.32175993722404284
0.31683447821586525,0.2742082548173363
0.3382265299080958,0.27996640160034486
0.3783758351369155,0.2945551803979864
0.4675512060474891,0.3213178530180536
0.5089238104199993,0.3288277584672941
0.19372039772905492,0.2158255093638961
0.41102851228004145,0.30450760108531677
0.17869577491295754,0.21052602494460135
0.2665851133904207,0.24966152927978957
0.2188450801417772,0.22644105636021022
0.3997051535397259,0.2987549803548832
0.38715849565571975,0.29853393825188856
0.3595244816661962,0.2863710965346125
0.2954737931683448,0.2664662551599516
0.3620338132429974,0.289686728079531
0.27414447476553433,0.2554141500102232
0.24898842570810203,0.24324578224037224
0.275430507198645,0.2554196760627981
0.2540698221511245,0.24568829747846221
0.26536181424673005,0.24900392902338073
0.24400112919920955,0.24126192936599603
0.35453718515730376,0.2857134962782036
0.41984253944355576,0.3069445902708319
0.25529312129481513,0.2483352766618222
0.2967598256014555,0.26647178121252646
0.27163514318873316,0.25099330795033187
0.29296446159154355,0.26204541310006024
0.36331984567610803,0.2907974646470787
0.38342586493522784,0.2965500853775123
0.33694049747498517,0.27996087554777
0.3205671089363571,0.27530793927973435
0.2766538063423356,0.25872978155514176
0.23267777045889404,0.2372776454595189
0.2050751231140805,0.22489928769182316
0.3318904676766727,0.27730284425926033
0.444904488566858,0.31357032730809403
0.4536871490856623,0.3173280430590017
0.12336501364449046,0.17027425798929052
0.22640444151689096,0.23329888760561673
0.31307048085066347,0.2702294969634342
0.34067312819547696,0.2830499389371191
0.44744518678836925,0.31644940069959826
0.4411404912016561,0.31246511679312117
0.3997365201844359,0.30229718005537104
0.40974247984693085,0.30251269610579085
0.40977384649164084,0.30384447477633303
0.5390671559863242,0.3423168528025376
0.7073492048555566,0.3726272511756678
0.48762585866189895,0.3279491161078907
0.47758853235469406,0.3237493161509939
0.16734104952793202,0.2029995413376363
0.19500643016216554,0.21583103541647097
0.17612371004673633,0.20432579395560374
0.10830902418368307,0.15900111073656756
0.3419591606285876,0.283055464989694
0.22135441171857848,0.2308618984201016
0.4763024999215834,0.3233017058924299
0.5767384962830526,0.35492177872580283
0.4788431981430947,0.32551765297495044
0.6558765408864213,0.3651062936212776
0.28794579843794116,0.2591718657611308
0.2703177441109125,0.24987704533020932
0.5089865437094194,0.33259652632335146
0.4185565070104451,0.3053917694972951
0.42357517016404755,0.30937052735119724
0.2301684388820928,0.23550930863556238
