0.2788985380261586,0.12075849335825566
0.2698610100267804,0.11679528007923161
0.2545911914132885,0.10912856676944488
0.5266285568926167,0.20426909777142077
0.5249326955010211,0.20104582223744327
0.4949442132263056,0.19625228882508883
0.48477611096586365,0.19085166888902078
0.4881607676599232,0.1939872843958073
0.50739466227627,0.19886684441869695
0.538513718812049,0.207624135582294
0.510807583326856,0.19912982450026978
0.5588711216003278,0.21372276890257813
0.2562799867157524,0.11465986003797152
0.2834208350704136,0.12350263333988519
0.2958712841203779,0.12433132005655978
0.43896665512538774,0.18584089106145404
0.44972124278375647,0.18845544665506214
0.43671257269239194,0.18449114443160095
0.46385342104705307,0.19076400886182981
0.24553953123564703,0.1046415712161495
0.27665858777142616,0.12062945344245282
0.486479038446591,0.1936834688978412
0.2534535510630931,0.10586118898576262
0.2342125903576148,0.09379405120543428
0.237604313140806,0.09710444229438416
0.23080673539616028,0.08974208895478214
0.20932582443594944,0.08860958674014138
0.351884172666954,0.15870221779868793
0.2958995484769045,0.140057855617946
0.3496159580556949,0.15870167332646934
0.3349184926618664,0.15486858890768526
0.37507507719702377,0.17085592666177005
0.43050148034567304,0.18213956891956565
0.3982659817270935,0.17477721557996365
0.44577129895916506,0.18758483557755706
0.37394450293596004,0.16902650000735037
0.4129705132100536,0.17996113557303794
0.4225803944290953,0.18196479333740237
0.3665887041499141,0.16567200666869575
0.3959977671158344,0.17434109333288322
0.3835614502441334,0.17129204890885044
0.389214321549452,0.17294724445332538
0.43841550017311914,0.18518861334359843
0.3999618431186891,0.17621462223700768
0.40448414016294404,0.17712933556421753
0.435023777389928,0.18431745779387476
0.400527130249221,0.17647596890192477
0.31342344952339224,0.14850806445026546
0.35188417266695404,0.16066231778556614
0.34000607683665324,0.15560907112495037
0.3264321196147568,0.15225457778629573
0.3405713639671851,0.15726426666942533
0.3303961956176115,0.15412810669042015
0.3445354399700398,0.15852798668874318
0.35189123875608563,0.1624922889122044
0.3654651959779821,0.16375600893152226
0.336614354053462,0.1550863777951162
0.37111806728330077,0.16645659113566558
0.5000459295793557,0.19856193997629368
0.5113728704573879,0.20100280893217562
0.5294691247235392,0.2043137444933441
0.5464418708177584,0.20989022895601264
0.4898848934080454,0.19442504005954347
0.5532253163841409,0.20997734451098501
0.533433200726394,0.20492409785036922
0.5764162209142105,0.21699123563069758
0.551536521081677,0.20993433120571736
