0.20880428316478286,0.407250443846286
0.07436049970255801,0.19271519386060362
0.14812611540749554,0.3338296775671496
0.08744794765020822,0.26613596013973995
0.1719214753123141,0.34872000458163904
0.32956573468173705,0.4841647099249756
0.07495538370017846,0.23057098677051716
0.01427721594289114,0.16974972796517954
0.5211183819155265,0.5266594124047879
0.44973230220107074,0.5094782658496078
0.11183819155264722,0.3051371628199988
0.18441403926234384,0.36023137277360967
0.2444973230220107,0.41641372200904875
0.5574063057703748,0.5438978294484852
0.4128494943486021,0.4876009392360116
0.43723973825104107,0.49682148788729164
0.26829268292682923,0.4278678197125021
0.2082093991671624,0.37168547047706313
0.4848304580606782,0.5185842735238532
0.280785246876859,0.4302159097417101
0.29327781082688875,0.44401809747437143
