0.23394561828553778,0.17393724370600638
0.24555747531394484,0.20045361433693926
0.24658063146108627,0.22395220010526273
0.2900840725475623,0.259571148916513
0.28134863563093016,0.24364920996134054
0.2542929122305769,0.23530770424951059
0.5286725031611663,0.34559127000655043
0.5673014739239969,0.35809406249881676
0.5083927761315046,0.3406651243274353
0.540255402940126,0.3501349862363262
0.590486578314881,0.3611307795123835
0.4668391231744867,0.3304228306594825
0.422409050105694,0.3114793204115091
0.46006312680379535,0.31943461024380815
0.3760677985733729,0.29708709925369453
0.5045221571220355,0.33346712053343225
0.49680022393606244,0.33195254845684036
0.5074275344832578,0.3353641220593636
0.4195036727444716,0.3103396049238738
0.34707193946004383,0.27738251653723384
0.354793872646017,0.2800330176712697
0.3934324958253299,0.298976527919243
0.39248655901004825,0.2986054577604779
0.35286338934952366,0.2788970886138257
0.3606046273684617,0.28950666601035213
0.3731624212121505,0.2902677384788395
0.40114477659482056,0.30806017394860297
0.31130973639250586,0.2629751496586533
0.3586548392390035,0.2804116606904176
0.42917539405990296,0.3126190358991446
0.40408876362197277,0.30997232119530027
0.3374291753940599,0.27700765994827736
0.39924325054777465,0.30277053097110573
0.32197565660563127,0.27435337238405005
0.4349861487823477,0.31868489706589526
0.3924672541770833,0.29821924188094706
