0.36542118319321243,0.2853378063695328
0.34125153232111666,0.27320608403603164
0.33832685012692926,0.26751507945823755
0.2378934566268665,0.22584541520100263
0.479406569434658,0.3239934721943499
0.46010173646972524,0.32134297106031406
0.4591171899885136,0.31414118083611947
0.23400353278443256,0.21788255250832061
0.1953552571886371,0.19060510940890035
0.20501732608758602,0.20310411547097512
0.31131938880898835,0.2644935081654367
0.34028629067287003,0.2724487979977357
0.37702338780513706,0.2929182396128754
0.2562523527765176,0.2273675601379775
0.3460873929788323,0.2769963006577029
0.5411916873389252,0.3338419771223888
0.44848022702483575,0.3111044638225527
0.5566548585438365,0.3391505522508434
0.5382959623941854,0.33308469108409283
0.34997731682126626,0.2789008750440173
0.4204882192256832,0.30618210457362893
0.4436540187836025,0.3088326057076648
0.35960077605428525,0.2804040878300347
0.3393113966081409,0.2697945104335084
0.3721778747309389,0.28760966448442077
0.291049314195809,0.25199828853355344
0.34705263462707897,0.2785108727342948
0.33834615495989423,0.2694158674143604
0.3045433924382969,0.26448593530505377
0.39152131736180157,0.29519767058814617
0.4397833997741335,0.30693560418173343
0.5228520960222391,0.32929826089261305
0.4320807714211253,0.30618589100382043
0.5170799509657242,0.3255194035615162
0.39052711846410754,0.29329309620183186
0.3915213173618016,0.3042851030476976
0.32579801353268795,0.2663867232611766
0.30262256155828615,0.25691686135228564
0.2948909759558305,0.2550198598263543
0.17218945763071783,0.18416817808338473
0.23013291377496353,0.21598555098238928
0.2610882134342332,0.23721606506601636
0.2571886371753168,0.23038534500058683
0.23593401608092585,0.22129033968065245
0.21180297487475988,0.20879512004876918
0.2533373229988128,0.22660270123929854
0.2668893157401956,0.250851000185535
