0.2086822872557323,0.18950492094981794
0.23760233367836645,0.20322058344063085
0.41601580878893385,0.2868187067931765
0.34061039490605693,0.24877736086781133
0.44242652363476676,0.2956714430181089
0.3482011229258807,0.2560828023717818
0.6985351776920423,0.34278104121882624
0.6834164549418149,0.3421068628046928
0.3870643957215897,0.27331856035278324
0.26780841253411125,0.21804698249899152
0.4675198394027791,0.3011974955929731
0.15215959348828456,0.15434817446853188
0.13205357422916472,0.1388697012063373
0.2337756030237446,0.1959151419366604
0.25388162228286437,0.21249882571382786
0.6608952040400239,0.3407916622918752
0.6169505348012924,0.33503904156144154
0.4523697500078417,0.2969811174783518
0.4047551833380383,0.2757721276960229
0.18236567234402937,0.1777952155436807
0.2916470625137229,0.22799387713374708
0.7726231924970985,0.3480971037958456
0.167309682883222,0.1762479208227187
0.10435682695022115,0.09641303927365566
0.12697217778614223,0.1220594492736004
0.08926947084470374,0.09419709219113512
0.108183557604843,0.12051768060521328
0.1056742260280418,0.11874934378125676
0.4323264640381419,0.2936710119860081
0.37834446849220543,0.2653720967501285
0.3242997396568489,0.24789319245583305
0.2703177441109125,0.22688866661877424
0.6583858724632228,0.3357076939230001
0.4863398262287883,0.3160073164936092
0.3996424202503059,0.27509242322931465
0.2966970923120354,0.23219920314321874
0.3444057589159688,0.25099330795033187
0.37078510711709173,0.2638192759765917
0.29795175810043606,0.23728317151209377
0.4096797465575108,0.28061847580417887
0.1861610363539412,0.17979012052320664
0.6570998400301121,0.3357021678704252
0.5729744989178509,0.33127027370538414
0.5252658323139174,0.3246334845629722
0.6056271760609768,0.33193892606694264
0.5377811235532135,0.32507004271638645
