0.9510053009629561,0.42262697487303896
3.136664471001537e-05,0.022330778455026224
0.8593205984755812,0.41531600731649365
0.9170979580314295,0.422179364614475
0.895737272983909,0.42128967014992186
0.8593205984755812,0.4157580915224828
0.16734104952793202,0.19636827824779923
0.7613625670462031,0.39717397671321447
0.9183839904645401,0.42218489066704984
0.00887676045293435,0.048645840816529534
0.48633982622878835,0.3219754532744626
0.012672124462846211,0.057272008885892546
0.6872745522411468,0.3827951879134178
0.8907186098303065,0.418637164913987
0.7915059126125279,0.4029265974436481
0.0063674288761331205,0.0426777040356762
0.0025720648662212603,0.03405153596631319
0.8693579247827861,0.4177474704494339
0.0479595997616135,0.10902349124949576
0.8329412502744582,0.4122158918219948
0.015181456039647441,0.0603665983278165
0.0189768200495593,0.06987693480915778
0.005112763087732505,0.04245666193268163
0.4247984693077382,0.3056072855477148
0.8970233054170197,0.4212951962024967
0.8706439572158967,0.41775299650200876
0.8291772529092564,0.41000547079204913
0.37335717198331303,0.29079746464707873
0.3921457921646121,0.29233923331546585
0.1484896960572128,0.18155293129458833
0.04541890154010225,0.10680754416697522
0.7739092249302093,0.4018158608761004
0.8229039239672532,0.4080160918650981
0.5001725165459051,0.3343593370947332
0.7965245757661303,0.4062422289885666
0.7073492048555566,0.3863318615613309
0.8920046422634171,0.41864269096656187
0.6458078479345064,0.3690795254226049
0.8027979047081334,0.40646327109156116
0.011417458674445595,0.05705096678289798
0.13089300837489418,0.17955802631506237
0.7425112135754839,0.39495802963069393
0.061792290078730286,0.12936489077757085
0.8229039239672533,0.40978442868905457
0.5730058655625608,0.35205375743944833
0.4926445218155014,0.3235282740479994
0.030331545434584866,0.08624510253590553
0.6948025469715504,0.38323727211940695
0.5742291647062513,0.35315344190184633
0.5943351839653712,0.36222169417719846
0.8103258994385372,0.4077895237095286
0.8329412502744582,0.4117738076160057
0.5930805181769705,0.35382209426340483
0.7663812301998055,0.40048960825813296
0.16608638373953138,0.19459994142384274
0.630751858473699,0.362890346538757
0.19121106615225372,0.21427821464293414
0.6558765408864213,0.3719585988141092
0.025312882280982402,0.08381363940296527
0.051723597126815346,0.11322329120639255
0.49261315517079146,0.32308066378943534
0.31934380979266647,0.2655876128005482
0.015212822684357455,0.06567713485226098
0.686019886452746,0.381689977398445
0.2301370722373828,0.2293146036991396
0.846742573946865,0.41332110233696767
0.21630438192026602,0.22488823558667342
0.04416423575170164,0.10260774421007843
0.019008186694269315,0.0701035029647272
0.008908127097644365,0.051082830002044645
0.03409554279978671,0.0913290709047806
0.18114237320033877,0.20410475185260915
0.565446504187447,0.35094302087190066
0.02528151563627239,0.08159769232044475
0.7927605784009285,0.4040318079586209
0.7563439038926005,0.39673189250722535
0.7801825538722124,0.40203690297909495
0.696057212759951,0.3843424826343798
0.4637244753928672,0.31688595885301263
0.2565164204385057,0.24501411906432882
0.7274552241146764,0.39208448229176457
0.2828957686396286,0.24568277142588738
0.07308428217433582,0.13842761700034814
0.2879144317932311,0.25120882400075156
0.09701703208807755,0.16585341592939915
0.5378124901979234,0.3456324843474562
0.22260907750697911,0.2275462668751831
0.04792823311690349,0.10791275468194805
0.5315705279006305,0.34121716834013965
0.6533672093096201,0.37195859881410914
0.6445845487908158,0.36820088306320153
0.7412565477870833,0.39385281911572106
0.055518961136727205,0.12184945927575555
0.06681095323233274,0.13577511176441331
0.4963771525359932,0.32595421112836476
0.6320065242620996,0.3673111885986484
0.026567548069383017,0.08491884991793813
0.017722154261158685,0.06877172429418493
0.012703491107556225,0.057498577041461975
0.6583858724632226,0.37704256718298423
0.7349832188450801,0.3936317770127265
0.444873121922148,0.3117964644315627
0.1585270223644177,0.18553168914849055
0.08315297512625075,0.15235879554158077
0.030331545434584863,0.08823448146285665
0.6659138671936262,0.37947403031592447
0.16103635394121896,0.1901735733113765
0.14594899783570153,0.1797790684180569
0.5503905147266397,0.3476273893269821
0.330635801888272,0.2711136653754124
0.25648505379379566,0.23285127734705272
0.7199272293842727,0.39075822967379714
0.03535020858818732,0.09464470244969911
0.4512091841535711,0.3153441901846255
0.28415043442802923,0.24855631876481674
0.15350835921081524,0.18354231022153944
0.373294438693893,0.2865866125850322
0.8606066309086918,0.41576361757505764
0.07684827953953767,0.13886970120633726
0.2954737931683448,0.2638137499240168
0.7575985696810013,0.3969529346102199
0.6835105548759449,0.3794795563684994
0.500141149901195,0.32949088477627786
0.7111132022207585,0.3881001983852874
0.40848781405853013,0.30251269610579085
0.7638718986230043,0.3980581451251928
0.6093911734261785,0.3628848204861822
0.03914557259809918,0.10106044948911644
0.08945767071296384,0.15302744790313935
0.3594931150214862,0.2845972336580811
0.021517518271070544,0.07739789236354794
0.7437658793638845,0.39606324014566674
0.2803864370628274,0.24568277142588738
0.3557604843009943,0.281508170268732
0.11458235312568615,0.16828487906233938
0.5365578244095229,0.3414326843905594
0.5679558357642482,0.35138510507788984
0.020262852482669926,0.07032454506772176
0.6320065242620996,0.3648797254657082
0.7864872494589253,0.402484513237659
0.17486904425833572,0.20167328871966886
0.20127975910416862,0.2164941617254547
0.40343778426021776,0.29786528589033007
0.5215018349487155,0.3383380949486355
0.6922932153947492,0.38301623001641244
0.23644176782409587,0.23175159288465472
0.4662651736143785,0.3213123269654788
0.021517518271070544,0.07518747133360226
0.34067312819547696,0.27929222318621144
