0.4169133909455134,0.1646712667309507
0.5288967715038757,0.20209175336933022
0.46668692278884405,0.17957020452009947
0.4112605196401947,0.1641050156236303
0.461585206435794,0.17573603115687822
0.4734703683552264,0.18261924894413226
0.2964224390726464,0.125854753324139
0.44009722938645146,0.17246865337319597
0.2642222708997251,0.12515946230101582
0.30492294429801936,0.1267275422905184
0.32925855526741615,0.13944859120535805
0.4468877410419655,0.17364525783754145
0.5729891676853611,0.20727512889018593
0.42991499494774627,0.17033377780415446
0.3405430996106585,0.14136349999809433
0.3054811653394196,0.12833863558528857
0.20762289695522215,0.09475068889347456
0.2602299305403438,0.10224534898219086
0.43050148034567304,0.1719906067652851
0.34904360483603136,0.1458951422733131
0.45026533164689336,0.17455888222031415
0.4191745394676409,0.1684172355947624
0.26305636619300315,0.11439796890083583
0.3445142417026449,0.14332468892940972
0.6114569569180545,0.21363674229204294
0.5288897054147441,0.19342321117736128
0.48760254661852304,0.1896756088968938
0.4672592760085076,0.18157440675668243
0.5667851414277739,0.20344313341583903
0.5255121148098161,0.19320651123436752
0.5865772570855208,0.20989022895601264
0.4655492824386487,0.17691263562122372
0.35188417266695404,0.14659315565752917
0.6250167819616876,0.2142460067046309
0.48252202853286785,0.18571239561786979
0.482500830265473,0.18462181776405948
0.3185039676090475,0.13604999561699865
0.5062711541043379,0.1926821844878776
0.45253354625815245,0.17556125557471491
0.304930010387151,0.127686357867433
0.20708587418121693,0.0896130490389793
0.395404215628776,0.16405927995726982
0.440669582606115,0.1726869867328454
0.3264250535256251,0.13718304230385797
0.3632111135449863,0.15800692677556472
0.6335172871870605,0.21829851342750162
