0.26398168187948934,0.2125098778189776
0.4260845017408488,0.29787633799547975
0.48759449201718896,0.3093760534037721
0.7538345723157993,0.384132492636535
0.4838618612966971,0.30849741104436873
0.5165145384398232,0.32220754748260677
0.6772372259339419,0.3551649250390969
0.5993224804742638,0.33768049469222655
0.14093033468209906,0.14374920562994237
0.41222044477902203,0.2938865280364278
0.21254038455506413,0.20035256215427638
0.28415043442802923,0.23485170837915353
0.40472381669332835,0.29123954885306785
0.6130924375019605,0.346737694862429
0.6809698566544338,0.3580329463254514
0.6119318716476899,0.3385757152093546
0.47507920077789284,0.30628699001442306
0.7023619083466641,0.3759484087731611
0.12706627772027226,0.1269389536972055
0.12327091371036039,0.11013422781704346
0.26523634766788995,0.22245677245373313
0.17107368024842382,0.17779521554368072
0.2640444151689094,0.21627864567503496
0.1371036040274772,0.1371068904349556
0.15350835921081524,0.15524892103823476
0.22386374329537967,0.20919977232663395
0.3180891440042659,0.25387238134183615
0.5302844954675199,0.3301595371378364
0.2615350835921082,0.21119467730615993
0.3155170791380446,0.25364028713369186
0.25777108622690637,0.21075259310017075
0.27028637746620243,0.2266620984632048
0.5403218217747248,0.33524350550671145
0.6231924970985854,0.34763291537955693
0.43361249647125244,0.3053917694972951
0.6432985163577053,0.35338553610999063
0.2075217214014617,0.1926160885494665
0.3531884194347731,0.2616033288940711
0.5013958156895957,0.31269168494869065
0.49261315517079135,0.31180751653671235
0.36071641416517675,0.2666872972629462
0.38712712901100976,0.28990777018252556
0.5114645086415106,0.317560137267146
0.36830714218500055,0.2673614756770796
0.3381951632633858,0.2587408336602915
0.6257018286753866,0.3496222943065081
0.22260907750697903,0.20212642503080774
0.18616103635394124,0.1802322047291958
0.2916470625137229,0.23573035073855694
0.27285844233242373,0.2293256558042893
0.38464916407891847,0.26847221224462736
