0.30443417873897105,0.10651053748343914
0.5609785659782768,0.16457315133627626
0.39317835607306467,0.13762569932053909
0.45027147189831995,0.14647963149068968
0.4680142471096713,0.15125374265791697
0.43020927163993267,0.1439545605358257
0.4795920897138182,0.15660133624080466
0.45797901498811366,0.1472953594310097
0.412080843807934,0.14181553885335493
0.4309860862043794,0.14543213223077495
0.3711796287267128,0.12628000889283636
0.4425556648237981,0.14555341249994785
0.37504441891791385,0.12833098425002445
0.256982378429898,0.0939189679269603
0.28475212177807896,0.09688490053560991
0.3148523088196,0.10982936417401325
0.3044369334005471,0.10893622162031857
0.3156373873687747,0.11455968843886384
0.3800551483247527,0.12906961259065605
0.5378338994162873,0.16274276431282406
0.4672374325452247,0.14753799872277704
0.2920877855551056,0.10348939872628941
0.4811347001964074,0.1579464446807222
0.5355144743692515,0.16183851752669212
0.6539428848468822,0.17769410139235264
0.6300241583820221,0.1729639346343451
0.5760135088603691,0.1674616693315512
0.5987752774632873,0.17062621806932682
0.5910622250503414,0.1696008485208651
0.31214998581349296,0.1095095465291359
0.3750416642563379,0.12641247214786805
0.31716897920505976,0.11674241827028978
0.3758129694976325,0.12882705205231024
0.3368455268427997,0.11989594152904966
0.53861346864231,0.16423144024021055
0.5752504676038026,0.16502527472934225
0.517777208481052,0.16031708017594465
0.38506587773159134,0.13424048349560608
0.359607295445718,0.12411893625233417
0.353048446233138,0.12001737930506567
0.3711823833882889,0.12630213860428935
0.36501469611950826,0.1261699116095223
0.36346933097534306,0.12489087729027747
0.35536787128017394,0.12056881076269461
