0.5330160618679358,0.5037512169978811
0.5806067816775728,0.5117690853902984
0.4848304580606782,0.49682148788729164
0.4366448542534206,0.4876009392360116
0.049970255800118976,0.13309661531412864
0.23200475907198098,0.3785579290991352
0.22010707911957167,0.3705400607067178
0.12314098750743604,0.2867533360059561
0.3652587745389649,0.4807284806139396
0.23259964306960143,0.4026688047649046
0.36406900654372404,0.4542695149189622
0.26888756692444976,0.44281541721550877
0.18441403926234384,0.3693946509363724
0.14872099940511602,0.3247236698929042
0.12433075550267698,0.291449516064372
0.44973230220107074,0.4922971192944276
0.0380725758477097,0.13080579577343796
0.6162998215348008,0.517496134242025
0.0874479476502082,0.23062825725903444
0.07555026769779892,0.22490120840730773
0.08804283164782867,0.2593207720061852
0.13622843545508628,0.29259492583471736
0.06305770374776919,0.22026229883740908
0.7239738251041048,0.5209896340415784
0.5800118976799524,0.504839356279709
0.051160023795359916,0.2042265620525743
