0.7111445688654685,0.37307486143423174
0.5465951507167278,0.3325910002707766
0.6043411436278662,0.3409961262371451
0.6069132084940875,0.3410071783422948
0.37959913428060604,0.28946568597653644
0.49518522003701265,0.32110233696763396
0.5478498165051284,0.33900122125761906
0.6093911734261788,0.34719083117356786
0.6822558890875443,0.3624593144379176
0.516451805150403,0.33125922160023435
0.51020984285311,0.3299384950348418
0.6835105548759449,0.3690905775277547
0.32561713873466963,0.26182989704964055
0.4562278473071736,0.3166704428025928
0.5403531884194348,0.3312702737053841
0.2603117844484176,0.23662004520311009
0.16608638373953138,0.18487408889208173
0.2854364668611399,0.2485618448173916
0.2678711458235313,0.23994120280060346
0.7073492048555566,0.36975370383673845
0.3934004579530128,0.29653903327236264
0.3783444684922054,0.2859290123286234
0.5014271823343057,0.3266228634899233
0.3758037702706942,0.2857024441730539
0.30300178789874854,0.2543089394952504
0.3042878203318592,0.26094572863766224
0.3269031711677803,0.2653720967501285
0.2602804178037076,0.22887804554572533
0.44239515699005677,0.3036234326733385
0.4423951569900568,0.31135990627814836
0.43238919732756187,0.3025237482109405
0.34195916062858756,0.27996087554777
0.4712838367679809,0.3168914849055874
0.43235783068285183,0.3007498853344091
0.27919450456384687,0.24414652881007512
0.21382641698817478,0.2262200142572157
0.33439979925347385,0.26713490752151015
0.25651642043850575,0.22799387713374708
0.11702895141306735,0.12472853266725979
0.14089896803738902,0.12827073236774775
0.17988770741193816,0.18841076253999478
0.14337693296948026,0.14771691137869486
