0.005801102305962298,0.004547502659967209
9.652416482466385e-06,0.0022756445450793444
0.6175712589646819,0.39636729887429417
0.839721624308646,0.42936603799304046
0.6195017422611752,0.3971245849125902
0.8464783158463726,0.4316378961079283
0.033831719771044676,0.028795801606203684
0.7450603758650982,0.41646567033066884
0.7112576133435008,0.4107784521830662
0.6301290528083707,0.39826430040022553
0.5702358085346668,0.3857501486173849
0.5847337380913313,0.3891655086500997
0.5547919421627207,0.3823423614450531
0.5837684964430847,0.38840822261180374
0.5837684964430847,0.3884082226118037
0.6281985695118774,0.3975070143619296
0.010646615380160424,0.006826933635238033
0.5663748419416803,0.384235576540793
0.564444358645187,0.383856933521645
0.553826700514474,0.3815850754067572
0.7151185799364873,0.4119143812405101
0.6059787067692398,0.39371301131006686
0.5847337380913313,0.3887868656309517
0.5557571838109673,0.3823423614450531
0.5847337380913313,0.3887868656309517
0.5837684964430847,0.38878686563095166
0.6668275402747079,0.40546609062442013
0.588594704684318,0.3903014377075436
0.561548633700447,0.38309964748334907
0.5982471211667841,0.3914373667649876
0.5972818795185376,0.3910587237458396
0.6127450507234486,0.3952313698168503
0.6127450507234486,0.39409544075940633
0.8271638304649573,0.42709039344796107
0.6658622986264613,0.40508744760527216
0.8261985888167106,0.42595446439051715
0.5654096002934337,0.383856933521645
0.5615486337004472,0.38347829050249704
0.5528614588662274,0.3812064323876092
0.2793602378355422,0.203111688331358
0.614675534019942,0.3956100128359982
0.6069342960010039,0.3940878678990234
0.5847337380913313,0.38878686563095166
0.5760465632571117,0.38727229355435977
0.6581403654404882,0.40357287552868026
0.553826700514474,0.38196371842590515
0.06576191349504348,0.05987482061786966
0.5702358085346668,0.38612879163653285
0.5605833920522005,0.38309964748334907
0.2793891950849895,0.20312304762193248
0.6001776044632775,0.39257329582243145
0.5750813216088649,0.3865150075160639
0.8223376222237242,0.42481853533307323
0.7093078252140426,0.4107708793226832
0.6484686441250569,0.4005361585151134
0.35477456781305206,0.27207394140877916
0.6706885068676945,0.40660201968186405
0.6909682338973564,0.4069844491312034
0.6378509859943438,0.39977887247681754
0.585698979739578,0.38954415166924766
0.3016283626605921,0.2277499895873169
0.12182314842520826,0.0936043407635715
0.5856989797395781,0.3895441516692476
0.4021486279089971,0.31110446382255263
0.7180143048812272,0.4119143812405101
0.5789422882018516,0.38727229355435977
0.2793312805860948,0.19439153960038014
0.6185365006129285,0.3967459418934422
0.5634791169969404,0.3834782905024971
0.5828032547948381,0.38802957959265577
0.5692705668864202,0.38537150559823696
0.3615505641837435,0.28268351880530546
0.6909682338973564,0.40849902120779535
0.6359205026978506,0.3994002294576695
0.596316637870291,0.3906800807266916
0.6214322255576684,0.3971245849125902
0.1875561046708043,0.14286579755472337
0.6909682338973564,0.4077417351694994
0.3248327718844414,0.25389150362929325
0.3528633893495237,0.27018829917342224
0.46108628295093684,0.3440691250695756
0.40019883977953885,0.29935895736858237
0.5441549791990427,0.37892700141233837
0.5200239379928766,0.3709754980102309
0.045433924382969275,0.033725733715510346
0.7064121002693026,0.40849902120779535
0.5837684964430847,0.38802957959265577
0.5876294630360712,0.38954415166924766
0.13147556490767465,0.0973907709550513
0.4842713873418211,0.35657191756184187
0.426298973948128,0.32701504348715066
0.1498344610573257,0.10648577627498572
0.4736537292111081,0.352406844351214
0.7247709964189537,0.414186239355398
0.487167112286561,0.35657191756184187
0.5750620167759001,0.3861287916365329
0.013561645157865272,0.017057868012616384
0.622397467205915,0.39750322793173815
0.1334060482041679,0.10117720114653106
0.39730311483479896,0.2989803143494344
0.6465381608285636,0.40015751549596545
0.6156407756681886,0.3959886558551462
0.4581905580061969,0.34331183903127965
0.3557398094612987,0.2754817285811109
0.08220963118116621,0.0799580463534784
0.4968388336019924,0.36301642174774035
0.6175712589646819,0.39636729887429417
0.21269099719114673,0.16219173725203617
0.5441742840320075,0.37931321729186934
0.24556712773042724,0.1906126822692833
0.540294012606056,0.37779107235489445
0.5171089082151717,0.369074710054108
0.5335373210683295,0.3758978572591546
0.4214727657068948,0.32587911442970674
0.529676354475343,0.3755192142400066
0.18174534994835959,0.12884843298586524
0.532572079420083,0.3758978572591546
0.34222642638584577,0.2648797240449676
0.5238849045858631,0.3743832851825627
0.37797897703690125,0.28723480789546413
0.2890609164004209,0.21638312615249466
0.5035955251397187,0.36756013797751613
0.047383712512427484,0.040927523939704884
0.4726884875628614,0.3516495583129181
0.05514425536433046,0.05722431948383383
0.22236271850657807,0.17317995766771044
0.4263182787810929,0.3334595476730492
0.17303887028117487,0.12429714389570658
0.5914904296290577,0.39030143770754366
0.4949083503054991,0.36225913570944446
0.1836758332448528,0.13642129336882478
0.6658622986264613,0.4043301615669762
0.1546799741315238,0.11217299442258832
0.3103155374948119,0.242895710353236
0.5383635293095628,0.37627650027830256
0.4523991081167171,0.34179726695468776
0.6050231175374757,0.39333815472111033
0.4794451791005879,0.3543000594469539
0.550930975569734,0.38044914634931326
0.40021814461250377,0.2993665302289654
0.6339900194013574,0.3986429434193735
0.4881323539348077,0.35657191756184187
0.5818380131465914,0.38765093657350774
0.6455729191803169,0.3997788724768175
0.497804075250239,0.3633950647668883
0.10247970579434562,0.0886668357938819
0.33160876825513275,0.2626078659300797
0.5354678043648229,0.37627650027830256
0.5567224254592139,0.3823423614450531
0.38087470198164114,0.29518631129757167
0.04159226262294766,0.031840091480153425
0.622397467205915,0.3975032279317382
0.07251860503276995,0.06101074967531361
0.46108628295093684,0.3448264111078716
0.5132479416221851,0.3679387809966641
0.25425430256464693,0.19174861132672724
0.4350054536153126,0.33421683371134514
0.463036071080395,0.3508922722746221
0.13531722666769624,0.10230555734359205
0.16049072885396856,0.12088935672337478
0.444657870097779,0.33459547673049317
0.3934421482418124,0.2986016713302864
0.4581905580061969,0.3429331960121316
0.38280518527813445,0.2970795263933116
0.490082142064266,0.3596086345754086
0.45432959141321033,0.34255455299298365
0.5489811874402758,0.3796842874506343
0.5828032547948381,0.3880295795926557
0.49394310865725244,0.36188049269029643
0.20106948774625721,0.15649694624405053
0.5345025627165763,0.37627650027830256
0.4456424165789906,0.3410399809163918
0.2310691981737627,0.18227496298764484
0.6349552610496039,0.3990215864385216
0.4098705610949702,0.31451225099488445
0.49297786700900587,0.36188049269029643
0.5142131832704318,0.3683174240158121
0.4813756623970812,0.35619327454269384
0.46205152459918347,0.3455836971461675
0.5885947046843178,0.38992279468839564
0.12083860194399668,0.0928394818648926
0.40985125626200525,0.3126114630387616
0.5026302834914722,0.3664242089200722
0.0241793032885783,0.021601584242392113
0.4175924942809433,0.322085111377844
0.5982471211667842,0.3918160097841355
