0.2666512405618408,0.11948784129862502
0.34073510898818526,0.14719597261302517
0.3943518419044628,0.1532272246483089
0.3858674842502224,0.1531500462951989
0.371981235245344,0.1524443368847714
0.3164307299026778,0.13977558897518255
0.39898518267538247,0.1574721915762033
0.437947116007063,0.16520136737990757
0.4884813826197382,0.1746946985795482
0.4776803545800381,0.17357002096652344
0.46610802129904333,0.1711994642247226
0.2438839626357704,0.11270677793685094
0.4622570044157225,0.17074757709192123
0.4294655130143986,0.16424222945896166
0.41904462827219363,0.16059255964449445
0.4175047724511805,0.15935778474815562
0.4117172284798951,0.15863002437969673
0.4340933444621662,0.16509119134317193
0.42214086788367616,0.1639887221950217
0.4101718633357299,0.1578471366161592
0.5918583222458206,0.18738565495401158
0.555593202597095,0.18045023488601744
0.5721817746080806,0.18363675582840294
0.6041992061065339,0.18781564863562453
0.24504642982086436,0.11444896112817743
0.2400274364292975,0.11093167581532039
0.2508339737921498,0.11599260694379944
0.2608609419289793,0.11770155619123568
0.21456609948184818,0.1040294896912165
0.2087758008489867,0.10092014710194103
0.22806945052765545,0.106786016951989
0.22729539062478482,0.10647722478612737
0.5810572942061203,0.18482766506894352
0.5536676941554347,0.18032903337026607
0.5586839328854255,0.18329496597891567
0.5837568625506514,0.1849599708171321
0.4155710000247919,0.15907096478690388
0.4591662741273921,0.17004178892807226
0.4780687618622614,0.17467264762151674
0.3951286564689095,0.15441813388884948
0.27012762347081853,0.12387613945372375
0.2693535635679478,0.12182532160337871
0.26163500183184996,0.11810957766823876
0.2701303781323945,0.12586080442997447
0.2701248688092424,0.12274043636168329
0.25430484737797543,0.11732668990470128
0.2647202227970283,0.11927827844390483
0.26742254580313535,0.12074474590641683
0.3118001437933343,0.13899270121164506
0.32877436842496716,0.1434140758037909
0.3160450772820305,0.13963225774797824
0.3195187055294322,0.14134128574883598
0.30331303147751787,0.13645676228460846
0.3175876877646197,0.1397866144541983
0.2894240278110633,0.13451612047099903
0.31257420369620487,0.1394337991256953
0.2840248911220013,0.1321787189196669
0.31141449117268694,0.13709631882094162
0.1910330256376353,0.09825190242671582
0.21109522589602256,0.10348924121944635
0.2323143840163517,0.11021501967929874
0.2292264083895973,0.10815317634993799
0.2091669627927861,0.10325770616011627
0.19952013795345175,0.09964119153611778
0.20337666415992464,0.10050117889934375
0.22151060131507547,0.1056172374229014
0.22421016965960647,0.10576056865010572
0.23038612091311525,0.10929990492099417
0.4406549483363221,0.1674397758803629
0.4487536533699152,0.16774848929280295
0.4209756460370061,0.1616400589044092
0.4688158536283025,0.17165174512463163
0.4502990185140805,0.1688290649897648
0.4086320075147168,0.1578141389325336
0.4988967580387912,0.1766132106817046
0.49465457921167094,0.1756760449653686
0.27360676104137227,0.1269414588803579
0.2766919820065506,0.12845194950551123
0.29675693692651384,0.13551959656827245
0.27476371890331414,0.12802195582389825
0.5717961219874333,0.18337214433202573
0.5312970874963158,0.17998716476735727
0.5085380735549735,0.17816780322292078
0.5486514554254438,0.18008639407849875
0.35230468760760403,0.1472841764451509
0.3353304629759711,0.14451662370536267
0.3646510807914694,0.15059197765670929
0.35307599284889857,0.1476039153366067
0.35423570537241655,0.14793475846049978
0.36310571564730426,0.14816629351982988
0.31179738913175825,0.1375593101861802
