0.23138615470495544,0.09679953785198088
0.2772097427236947,0.12572462446389904
0.28289087838553995,0.12942921343909888
0.5860190360441204,0.21842809781552297
0.62219741239816,0.22012685113748415
0.30267592795415527,0.14005731114572745
0.3309544166590117,0.1473325489303571
0.3298309084870797,0.1461134756329626
0.34283251248931257,0.15308272003075177
0.57469916125522,0.21372276890257813
0.5452830322001682,0.20792795108026008
0.6255820690922195,0.2239593910840496
0.5554864649062683,0.20958532451360937
0.41635516990411314,0.17686798889930042
0.37224157545523284,0.16580268000115428
0.38807668119925665,0.1712479466591457
0.3111552349121332,0.14506645555663847
0.2992771390818324,0.13726906891439317
0.2647522275845987,0.11949422886671919
0.2721150924597763,0.12289282445507861
0.2868337561209997,0.13143178225902613
0.2664763533327209,0.12271968228957103
0.2636428515909299,0.11662104896928688
0.3083358653486055,0.1407112222802388
0.2738250860296352,0.12402641561415649
0.4870655238445178,0.19438202675427585
0.476310936186149,0.19372757114754596
0.4757385829664856,0.19093932891621174
0.33604200083379854,0.15020736224444514
0.34282544640018087,0.15142698001405827
0.40618706764367124,0.173296795617652
0.4701069099285618,0.19089740455538123
0.4310738335653365,0.18296771116402172
0.40617293546540795,0.17329570667321487
0.4135358003405855,0.17577958893436443
0.4169345892129083,0.17922119782799142
0.42031924590696784,0.18205190889237471
0.369987493022237,0.16379956670900847
0.3569858890200041,0.15861619118815273
0.28855081577999026,0.13696525341642704
0.24159665350018722,0.10960824679401146
0.41975395877643595,0.18087584890024777
0.34397015283950794,0.15695990669924068
0.4893196062775136,0.19446859783702966
0.5452971643784315,0.20897442668436564
0.5170257417627065,0.20191752225938545
0.44407543756756945,0.18492781115089993
0.5204103984567661,0.202657460004432
0.49044311444944566,0.19956431333069446
0.5447318772478995,0.20653519114513938
0.4548158930476749,0.18758483557755704
0.6714056571109588,0.23319636227221324
0.5419054415952402,0.20644807559016704
0.5085464348047285,0.20161261781698217
0.4350237773899279,0.18401255335147154
0.41013701146826265,0.17347048225537817
0.5792355904777383,0.21716492226842374
0.5243956727270157,0.2054908934299082
0.6097540294373274,0.21947294000297285
0.3677334105892412,0.16275472452155865
0.6510623865009433,0.2264454512340735
0.5566099730782004,0.21359209557011954
0.4638604871361847,0.18867378001471163
0.33773786222539415,0.15055582446433463
0.25232297680202936,0.11579236225261223
0.356406469711209,0.15717769558667155
0.3320920570092071,0.1491625200569954
0.3869390408490613,0.16854681998278376
0.39940362207728886,0.1731225645077073
