0.3329807366515987,0.10998379963365484
0.5536484115244023,0.16171747351778384
0.449111759374802,0.14762620255490277
0.3488035127444418,0.11631273960236295
0.39318111073464074,0.13523324912754994
0.3750444189179139,0.1285184173932917
0.5343630258304617,0.1573072031580752
0.5139151729514272,0.1539882977140796
0.6230796565487948,0.16502551098960683
0.6281096685866658,0.1722586977444469
0.5983951341657922,0.16233521535635018
0.5544169621041207,0.16186072599156665
0.47032265351040303,0.14903746386891467
0.5536456568628262,0.15821129243736406
0.5902909198090469,0.1620814718321456
0.3541971401103518,0.11917920663960645
0.3738764424096678,0.12428431843756993
0.3538114874897045,0.1184515250245691
0.3692513656234764,0.12334723147465547
0.3457155371176875,0.11411859052481357
0.35999294806636534,0.12177050922198629
0.31137041658747017,0.09938792053244244
0.30635142319590325,0.09007123325731793
0.4938529726930398,0.1521357809791744
0.36925412028505245,0.12396473705295719
0.4124609871054292,0.13644597306585735
0.5023455943320084,0.152643189274162
0.41594012467598296,0.1445168599656273
0.4811264362116792,0.1514522012801999
0.27047471082940105,0.08130566242613618
0.3179320204616262,0.1056064482041503
0.4483404541335075,0.14525572456652347
0.3850686323931674,0.13257571491765427
