0.09934562760261749,0.23406448657007048
0.305175490779298,0.4474543267854074
0.25698988697204045,0.42677968043067405
0.18441403926234384,0.35106809461084704
0.12373587150505652,0.30971880190138024
0.1356335514574658,0.31430044098276155
0.14812611540749554,0.3429929557299124
0.4134443783462225,0.504839356279709
0.4497323022010708,0.5220777733234065
0.4973230220107079,0.5312410514861692
0.30517549077929806,0.45089055609644346
0.5336109458655561,0.5393161903671039
0.32956573468173705,0.4750014317622129
0.5574063057703748,0.5438978294484852
0.40095181439619276,0.47958307084359425
0.437239738251041,0.5117118149017811
0.22129684711481262,0.3947082068610045
0.1124330755502677,0.28457705744229994
0.07555026769779893,0.22833743771834372
0.24390243902439027,0.398029895195006
0.29268292682926833,0.4405245976748181
0.11124330755502677,0.2489548135845599
0.22010707911957167,0.3923028463432793
0.19571683521713268,0.3647557413664738
0.049970255800118976,0.13424202508447397
0.12373587150505651,0.29711929442758145
0.07376561570493753,0.15256858140999943
0.07376561570493755,0.15715022049138078
