0.34805648594125543,0.3020018856422354
0.3161745542996689,0.28949530671977763
0.31907993166089127,0.2910136652265611
0.3461356550612446,0.3016270290532789
0.26303800156369145,0.26221407719016593
0.23502668893157402,0.24516756846812393
0.25338558508122505,0.2565344319029462
0.3509618633024778,0.3042775301873147
0.2862231059545758,0.2732022976058402
0.2572562040906941,0.2569168613522857
0.29203386067702053,0.2800254448108867
0.2688487562861363,0.2656294372228806
0.2862424107875407,0.27472444254281503
0.3036264128724626,0.28570887652829785
0.3364832385787782,0.3001124569766869
0.3229408982538779,0.2932855233414489
0.31520931265142227,0.2891166637006296
0.35771855484020426,0.30806396037879447
0.3123232401231648,0.28874180711167313
0.3258462756151002,0.2936679527907884
0.317149448364398,0.2902563791882651
0.298790552214747,0.28154001688747865
0.30072103551124024,0.2841905180215145
0.24564434706228702,0.2504685707361956
0.24563469464580456,0.2493288552485602
0.24951496607175605,0.25236557226212697
0.23793206629279637,0.24744321301320327
0.22149400102315608,0.23796577824392934
0.24372351618227622,0.24820049905149918
0.24660958871053368,0.2508472137553436
0.21763303443016951,0.23569392012904147
0.2427486221175471,0.24781806960215974
0.2504802077200027,0.25501607339616283
0.2611171706836807,0.2603246485246175
0.2591866873871874,0.2595673624863215
0.2756151002403452,0.268283724787108
0.28816324166755153,0.27547794215091953
0.2533759326647426,0.2553947164153108
0.2688391038696538,0.2648683647543932
0.28625206320402313,0.2751068719921545
0.2784915203521202,0.2701693670224649
0.2582117933224583,0.25956357605613
0.2813968977133426,0.27244501156754425
0.2640128956284206,0.26373243569694926
0.3007113830947578,0.2819148734764352
0.2727000704626404,0.267897508907577
0.2765610370556269,0.2697907240033169
0.29202420826053804,0.2781284432849554
0.20603082981824494,0.228113486885699
0.23792241387631394,0.24706078356386377
0.1982992442157894,0.22318734120658382
0.23213096398683408,0.24213842431494007
0.22343413673613186,0.2398627797698607
0.24275827453402957,0.24782185603235127
0.1905676586133338,0.2137174792976929
0.2127971737724539,0.22849591633503846
0.213772067837183,0.23493663409074553
0.23309620563508074,0.24403163941067998
0.22728545091263594,0.2417522084354091
0.21376241542070054,0.23341827558396216
0.3886159400005792,0.31677653624938945
0.4127662860397101,0.32322104043528793
0.4320904238376077,0.3326946887743704
0.4147160741691683,0.32512182839141085
0.3432302777000222,0.3016232426230874
0.3934518006582949,0.32132403890935657
0.38669510912056837,0.31602303664128495
0.42149207053985965,0.32853718842412566
0.3693111070356464,0.3114755339813177
0.41277593845619254,0.3236034698846274
0.3693014546191639,0.3088212464170904
0.3702860011003755,0.31261524946895314
0.38959083406530826,0.3171589656987288
0.3905464232970725,0.3186697513451293
0.3316473779210626,0.29632224035501575
0.32776710649511104,0.2963146674946327
0.31519966023493984,0.2891128772704382
0.3084429686972134,0.28684101915555027
0.29009372496404484,0.2769925142275114
0.28912848331579816,0.27661387120836345
