0.33544077759867186,0.2599460055054695
0.3499387071553364,0.26449729459562815
0.5469638323954402,0.3202032555726786
0.5064140307525988,0.31792761102759926
0.503499000974894,0.31148310684170066
0.3547552629800871,0.27017315345265636
0.37601953649096054,0.27851465916448626
0.4726112682310017,0.3095898917459608
0.3634520902307893,0.27282744101688367
0.386646847038156,0.2838194478627495
0.3982490516500806,0.290642595067796
0.3808457447321937,0.28267973237511407
0.38955222439937837,0.28609509240782877
0.357670292757792,0.2713166553704832
0.41658864296676673,0.29821545545075556
0.4165789905502843,0.2982116690205641
0.45522726614607967,0.30845017625832544
0.4301116784587022,0.3042775301873147
0.42334533450449324,0.29973002752734745
0.44748602812714167,0.30617074528305455
0.4107875406608044,0.29783302600141615
0.347014024961149,0.2622140771901659
0.3421878167199159,0.260699505113574
0.3450738892481733,0.2614530047216785
0.32770919199621623,0.25729171794124217
0.3924382969276358,0.2883631640925252
0.40789181571606453,0.2959398109056763
0.4059613324195713,0.2932893097716404
0.4301020260422197,0.30427374375712324
0.4233549869209757,0.3020056720724268
0.3634617426472718,0.2728312274470751
0.369262844953234,0.27813601614533834
0.3276995395797338,0.251986929242979
0.299639964865204,0.2239408408146883
0.30739085530062454,0.23644741973714598
0.24261348828679258,0.17885203009454714
0.2725842414648507,0.19590989810716353
0.26291252014941946,0.19363046713189266
0.2880184554203145,0.19931389884930378
0.28899334948504357,0.20499733056671499
0.36732270924025845,0.2762390146194069
0.36732270924025834,0.27320987046622314
0.30255499464290897,0.22811348688569896
0.3170722290325383,0.24478892544897593
0.3190027123290316,0.2489539986596037
0.32576905628324054,0.25122964320468305
0.3083850541983186,0.23910928016175628
