0.9467771836890978,0.25213065413143215
0.7049151426501497,0.2287439593172426
0.6925715041278604,0.2270900587114634
0.8688533170257366,0.24548166025758206
0.8136939736268699,0.23996860573603707
0.7157161706898498,0.2301663248636917
0.7087716688566226,0.22924010587294988
0.7033725321675605,0.22851242425791252
0.7562207145041194,0.23339710522898316
0.6979706408169225,0.22781774032650076
0.8406979210569083,0.24238342190074383
0.849570685993372,0.2436404052619572
0.7751232022389888,0.235866970035347
0.7242032830056663,0.2310043400223078
0.7874640860997021,0.23730028230739025
0.7855358229964655,0.23666080452447863
0.7577633249867087,0.2340476084909105
0.8075207770349371,0.23932904919970385
0.9182306257764701,0.25039941766569984
0.8198699248803787,0.2402995276133517
0.784761763093595,0.23641816523271134
0.8815881174918254,0.24708059097512577
0.8893011699047713,0.2484146739360276
0.9147597521906445,0.25001352590014975
0.8287371804936903,0.2422730096037436
0.8175532544949188,0.2400789392796158
0.7342330058040719,0.2318423551809239
0.685627002294633,0.22616383972072157
0.7890066965822913,0.2374987409296732
0.8403095137746849,0.2423833431473223
0.7967252583183891,0.2381163252613965
0.8156222367301064,0.23997963121505278
0.7222750199024297,0.23094921262722923
0.8970142223177169,0.24861313255831052
0.7423317108376649,0.23229439982056832
0.9028017662890024,0.24899910307728218
0.8815853628302494,0.24693718099449988
0.7049151426501495,0.22876601027527402
0.9332765873048666,0.2521085244199792
0.9085893102602879,0.24958353221853674
0.8538128648204922,0.2438939912793187
0.9151426501497157,0.2500244726257439
0.8445544472633812,0.24295674680956117
0.8217981879836151,0.24113746401854622
0.7627740543935472,0.23541468913543795
0.8441687946427339,0.24263700791810533
0.7778227705835198,0.23638516754908573
0.8287371804936903,0.24132481840839187
0.7415631602579463,0.23198576516154976
0.8619143245156614,0.24530533134675214
0.9240181697477556,0.25146896788364603
0.8827450753537672,0.24722392220233008
0.8507276438553139,0.24380578744719295
0.8565096785034473,0.24450031387176163
0.9085893102602879,0.24975993988278822
0.7176444337930862,0.2303427325279432
0.8453257525046759,0.2435851991134571
0.9085893102602879,0.2498701946729454
0.8210241280807443,0.240420729129103
0.8545814154002109,0.24405929471113294
0.9274890433335812,0.2518328086911647
0.7573776723660613,0.2338601753476433
0.8410835736775557,0.24239444737975957
0.7191870442756754,0.23041991088105324
0.8977882822205876,0.2487565425389364
0.7434886686996067,0.2332205400578886
0.8345247244649757,0.2423612921892909
0.7990391740422729,0.23914169480985822
0.8418521242572742,0.24251564889551094
0.9209329487825773,0.2513476876144731
0.9197759909206353,0.2506089805204201
0.8418521242572742,0.24254872533255806
0.8133110756677987,0.23938433410162557
0.7353899636660136,0.23189748257600248
0.8804284049683074,0.24657334018698118
0.8703959275083257,0.24655113172210666
0.7458025844234903,0.23338592224312435
0.8869872541808874,0.24741135534559727
0.8445544472633812,0.24332058761707984
0.7569892650838378,0.23345215387064017
0.758531875566427,0.23447752341910197
0.9186190330586935,0.2505207766882943
0.906272639874828,0.24938499484283227
0.9163023626732337,0.250278137396527
0.7932516300709874,0.23774138022144053
0.7299880723153757,0.23102639098033922
