0.008894802229072147,0.017189430566297743
0.011985532517402572,0.02036492602966752
0.0015618931136215262,0.013054718428560529
0.9332765873048666,0.25213057537801065
0.0007878332107508932,0.010673136207743968
0.07991273232127069,0.0595840512035846
0.05481776536343628,0.037422050847776646
0.043250941405593615,0.03672752442320798
0.028585123174692372,0.029880386940761124
0.9197759909206354,0.25210844566655766
0.7639337669170652,0.23625270429405404
0.7222722652408536,0.23202963081734804
0.7832219072725818,0.23793976009030193
0.7022155743056185,0.23016624611027017
0.7053035499323729,0.23054119115022612
0.6860154095768562,0.2279610715537051
0.7577633249867086,0.23571245582228387
0.7419460582170175,0.2347751325991048
0.714559212827908,0.23147835686656212
0.6987419460582168,0.22964796984310992
0.6941141146104495,0.22898644110216684
0.8734866577966562,0.24735614919709717
0.6840871464736198,0.22764133266224928
0.8314367488382213,0.24376144927086546
0.716101823310497,0.23190835054817513
0.7423317108376648,0.23480820903615193
0.6809991708468655,0.22727741310130906
0.6887149779213875,0.2282146575710666
0.5768481713179127,0.2096359378953669
0.8055925139317007,0.24150106856580025
0.6771426446403926,0.22658280792331884
0.017010035232121554,0.02785154129502599
0.7107026866214349,0.23112554153805917
0.1648003834488914,0.08938718103781415
0.6952710724723914,0.22924002711952834
0.8318224014588685,0.24440092705377708
0.18138895545987693,0.09450316080795026
0.8727153525553617,0.24663949306107552
0.6705837954278128,0.22577786920174991
0.828351527873043,0.243662219959724
0.8734866577966562,0.2480507543750874
0.6914145462659185,0.22874388056382106
0.6821588833703833,0.2274649249979978
0.6786880097845578,0.2267262179039447
0.05443486740436504,0.037025212356632344
0.1069221890744613,0.0679858599806692
0.6740546690136383,0.22635119411056723
0.5872635467369657,0.21151034808146044
0.8781144892444237,0.24873433407406187
0.612722129022839,0.21597582458966916
0.5888061572195549,0.21213880038535635
0.7330760479421298,0.2338048904457216
0.6775282972610399,0.22670408819249174
0.5999928378799022,0.21364936976393117
0.709542974097917,0.231070335389559
0.07334837378553861,0.04957267999704831
0.35656339440418044,0.15657912777593025
0.26512515804870795,0.12890407289857722
0.5598684373631277,0.20579875618421095
0.028970775795339663,0.030641144992845648
0.5425113147724236,0.20264539043229415
0.7230435704821483,0.23211783464947375
0.7234292231027954,0.2321509110865209
0.2446690411849452,0.12110858671393554
0.7292195217356569,0.23301105595658997
0.6844700444326911,0.22781766157307923
0.4460678583332646,0.1821040567383752
0.5421284168133524,0.20259034179063715
0.5394260938072453,0.20211616743953972
0.6979706408169224,0.22931720547263837
0.7126309497246713,0.23144528042951495
0.6150360447467227,0.21628453800210926
0.44182567950614443,0.1808471521305834
0.5814760027656801,0.20996670226583838
0.0884025992986632,0.06355338115608604
0.6755972794962274,0.2265717036908816
0.05713994507204818,0.04122607736846386
0.1092388594599211,0.07166844872534044
0.6231375044418918,0.2181368972301714
0.647053476245176,0.22220545649381432
0.5529294448530526,0.20503807688554798
0.6158073499880172,0.2164829966243922
0.45494337793130435,0.18568749492532657
0.3052495585654824,0.14187050874159046
0.6721264059104018,0.22616376096730004
0.31103985719834387,0.1441419149256714
0.7326903953214824,0.2337938649667059
0.24196947284041417,0.1182860640859118
0.6215948939593027,0.2175856232793855
0.6663416166006925,0.22529274812505834
0.6875580200594454,0.22819260661303517
0.7396321424931338,0.2342018076902875
0.6898719357833293,0.22851234550449098
0.6532239181755325,0.22308749481507173
0.2442833885642979,0.118473497229179
0.08685998881607404,0.061789304513571223
0.16017255200112393,0.08762310439529934
0.6863983075359276,0.2279940692373307
0.7978739521956028,0.23962657962628514
0.8106059980001155,0.2421625973067433
0.10692494373603734,0.07024616193231285
0.4252371074951587,0.1778370388524494
0.6609424799116304,0.22437763336675376
0.6501386972103543,0.22281185783967877
0.36466209943777356,0.16086803911304443
0.6127221290228388,0.2160530029427792
0.47114629732164265,0.18790377371432887
0.3689097875880459,0.16135331769657912
0.6512984097338721,0.22284501303014745
0.6138790868847808,0.21609710485884207
0.21959611151971922,0.11329136458494861
0.6821561287088075,0.22735459145441908
0.6528410202164613,0.22307654808947752
0.6748259742549328,0.22641734698466154
0.3276284292093295,0.1484420092486444
0.38087052815126415,0.16601725282707078
0.7238148757234428,0.23230526779274097
0.7072318130356092,0.23071759881447762
0.391288658231893,0.16999760825858792
0.4449109004713227,0.1817843178469194
0.7195726968963226,0.23191937602719084
0.7018299216849714,0.23007804227814443
0.6385663639293594,0.22083821834244374
0.7944030786097771,0.2392186369027036
0.2095636340597376,0.11143892660346498
0.3943738791970714,0.1709127230168925
0.40170127898936986,0.17151912436275696
0.8491822787111488,0.24604388093396212
0.6077086449544241,0.21534737228577328
0.42870798108098446,0.1782229306179995
0.5706749747259799,0.209062534233128
0.614264739505428,0.21611915581687352
0.6539952234168271,0.22352851397570042
0.5930483360466748,0.21272315077318937
0.6632536409739381,0.2249178030851024
0.6829274339501019,0.22758612651374915
0.5849496310130818,0.21105830344181598
0.6347098377228866,0.2204413010978779
0.6825417813294546,0.22749792268162342
0.44298263736808613,0.18088022856763059
0.06408720156685153,0.04671692342513436
0.6123392310637675,0.2159097504689964
0.5799333922830909,0.20975721816453977
0.657854504284876,0.22400268832679782
0.679070907743629,0.22708997995804187
0.32338074105905723,0.14479241818759872
0.4962192269868687,0.1928102693831663
0.5185925883075636,0.19777189244708235
0.6582401569055234,0.22412396859597072
0.7045294900295023,0.23021034802633306
0.7049151426501495,0.2302434244633802
0.11502915809278255,0.07466753652445873
0.7905465524033042,0.23887684705321635
0.7303764795975988,0.23326464197395147
0.873101005176009,0.24723486892792426
0.6281509885103065,0.219052011988476
0.32415204630035166,0.14586188965212335
0.5039350340613903,0.19406725274437964
0.16827676635786912,0.09293754278771835
0.45262395288426854,0.18351531805238705
0.1883417212778324,0.09943186494166224
0.47153194994228986,0.1884109457490519
0.657854504284876,0.2238703825786092
0.6806135182262183,0.227123056395089
0.6146503921260754,0.2161853086909678
0.694885419851744,0.2291518232874026
0.23155685208293733,0.11769068821906305
0.2855757655893185,0.139268338187038
0.2520074596235479,0.12833059048291678
0.11695742119601901,0.0763323838558321
0.7064577531327387,0.23064034170794603
0.4873437073888288,0.19054988867810108
0.581090350145033,0.20986747295469693
0.6663416166006925,0.22507223854474398
0.7446456265615485,0.23501769313745055
0.6694268375658707,0.22568966536962418
0.5733745430705111,0.20915073806525375
0.04208847422049965,0.033375621295586716
0.6258370727864228,0.21853381447473721
0.6404973816941719,0.22119111242436826
0.12274771982888047,0.07929839521790323
0.41366201955258797,0.17500333323856684
0.6512956550722961,0.22284493427672594
0.643196950038703,0.22166520802204412
0.6674985744626343,0.22536992647816836
0.579930637621515,0.20975713941111823
0.8032785982078169,0.24141286473367451
0.5621878624101637,0.20693453802967302
0.16595734131083326,0.08950846130698707
0.5043234413436137,0.19586448457736322
0.8071351244142898,0.24175465458316175
0.3885835805642099,0.16788055878072708
0.2253809008294286,0.11550748586710789
0.6146503921260753,0.21616325773293638
0.5178240377278449,0.19750735970412667
0.3569490470248277,0.16038291803635285
0.5297820236294871,0.19991099288297465
0.8206384754600972,0.24300069121878096
0.059845022739731316,0.046441286449741416
0.5432853746752943,0.20338417627976882
0.6894862831626819,0.22821465757106663
0.7932461207478353,0.23910838211254642
0.6219777919183738,0.21802656368659265
0.7890039419207151,0.23862326103585488
0.6628679883532909,0.22477447185789806
0.6817704760881602,0.22734356597540337
0.6478247814864705,0.22265750113345872
0.48657240214753433,0.19026322622369243
0.6096396627192366,0.2158435975949021
0.18679360147209115,0.09652098097466968
0.524382886940425,0.19927151510006302
0.6188953256147716,0.21742024109414976
0.6686555323245762,0.22562351249552987
0.6335556345225207,0.22011061548082791
0.626219970745494,0.2188093726967086
0.6520669603135907,0.222999290982946
0.6860126549152804,0.22785073801012637
0.6447395605212921,0.221709309938107
0.36080557323130064,0.16039394351536856
0.55987394668628,0.20643839147396564
0.5814760027656801,0.21006593157697992
0.5756857041328188,0.20936014341313083
0.4931340060216903,0.19249053049171053
0.436040890196435,0.18047228584404898
0.6057831365127636,0.21493950831561326
0.3673671771054567,0.16096742593102897
0.6651846587387507,0.22505018758671255
0.6161930026086645,0.21730990755057103
0.42330884439192235,0.177539350919025
0.33688960142801655,0.1527531290506331
0.14782615881725852,0.08647629707082163
0.639337669170654,0.22114693175488387
0.49274835340104306,0.19227002091139617
0.6713551006691072,0.22586607303387565
0.8734866577966562,0.2479404995849302
0.43372697447255115,0.17902794809299
0.37353761903581345,0.16418686580361855
0.5313246341120761,0.20020868081639906
0.5328672445946653,0.20144353446615942
0.49661038893066806,0.19403425506075406
0.4572628029783401,0.1867240474596471
0.565273083375342,0.20754093937553741
0.19142694224301068,0.1066976556130202
0.33033350687701263,0.1520585238726429
0.304858396621683,0.14117574605675717
0.6613281325322777,0.22449891363592667
0.41752405508221296,0.17676756738792476
0.307183330991871,0.14215732870284226
0.7990309100575447,0.23988016564364667
0.20184507232363968,0.10855009359450384
0.593048336046675,0.21229315709157637
0.6455108657625866,0.22198494691349993
0.5517697323295347,0.20493876882098505
0.7091600761388457,0.2309050319577448
0.630079251613543,0.21958123498123042
0.272061395897207,0.1301497945205102
0.6254514201657755,0.21837945776851717
0.7396321424931338,0.2347310306830419
0.505866051826203,0.1964378094861805
0.730762132218246,0.23377181400867447
0.3442225105434672,0.15608298122022293
0.47500282352811557,0.1894693917345608
0.2724580671641586,0.13678744790165845
0.4082628828635259,0.17406616752223086
0.4094198407254678,0.17498128228053542
0.6212092413386554,0.21756357232135407
0.6011497957418441,0.214829096018613
0.2458315083700392,0.12466997394285542
0.5255398448023668,0.19964638138659743
0.18447968574820742,0.09620124208321389
0.22576655345007587,0.11715028224044981
0.5976789221560185,0.2136383442849155
0.214191465507505,0.11265172929519393
0.3851127069783841,0.16759389632631838
0.8264232647698065,0.2433424810682682
0.37045239807063496,0.16401045813936704
0.37970806096617,0.1645396811321215
0.4858066062293918,0.18956877855254534
0.8931604507728202,0.24967165729724097
0.587649199357613,0.21212777490634063
0.4209949286680385,0.17706525532134915
0.5455992903991781,0.20464108088756064
0.5197550554926574,0.198179992677507
0.7014470237259,0.22972530570306302
0.490048785056512,0.19182900175076747
0.6088683574779421,0.2153915529552577
0.542899722054647,0.20325187053158017
0.3700667454499877,0.162996114069921
0.5398145010894687,0.20246906152146424
0.6617110304913489,0.22469729350478804
0.6331672272402974,0.21990105262610776
0.07643910407386904,0.05274817546041809
0.470374992080348,0.18703276087208717
0.5938196412879695,0.21343980690921102
0.17136198732304744,0.09340061290637848
0.4395117637822606,0.18057151515519043
0.12467598293211693,0.08058837626274222
0.5818616553863276,0.21056207813268715
0.6609397252500543,0.22426729982317503
0.65670030108451,0.2235396969615592
0.5212976659752466,0.19906203099876438
0.5826329606276222,0.2108156641500487
0.6242944623038336,0.21822510106229712
0.5205263607339521,0.19840050225782135
0.5606452519275743,0.20669197749132717
0.6350954903435339,0.22071693807327086
0.7056864478914443,0.23057418883385172
0.7897752471620096,0.2387886432210906
0.5656587359959894,0.208378875780732
0.43295015990810454,0.17873010265272252
0.35656063974260443,0.15636956492121004
0.5108795358946177,0.19746317903464228
0.8241093490459227,0.24301171669779667
