0.615505641837434,0.29218745858591977
0.5768959759075684,0.2910515295284758
0.30348162662522565,0.18682625207780354
0.3576220306753796,0.22245277374943673
0.4030269978089015,0.24140007042760153
0.371145066167315,0.23533042283065944
0.3054314147546839,0.1906202551296663
0.31701431453364354,0.19289211324455416
0.3914247931969769,0.23798471039488678
0.3199293443113484,0.20842404989000418
0.3575930734259323,0.22016955634397442
0.43392438296927643,0.2561709346045642
0.45131803747068083,0.2720815142691622
0.4918871439464871,0.2861026652682117
0.4261927973668208,0.25540986213607675
0.4088087952818989,0.2455613572080378
0.3701605196861034,0.2330509918553886
0.41654038088435447,0.24556514363822926
0.4435961042847077,0.2595862946372789
0.42232217835735175,0.2542701466484413
0.4406907269234853,0.25882522216879145
0.4870609357052538,0.2751220177129204
0.35857761990714376,0.22585677449157707
0.29670563025453434,0.18265360600679284
0.23388770378664295,0.13642886622920775
0.2667638343259235,0.1603060950166792
0.2725456317989209,0.1621955236822276
0.28898369706856125,0.18076039091105295
0.27545100916014337,0.17128674257197055
0.3015414909122499,0.18682246564761207
0.2967152826710167,0.1845506075327242
0.35953320913890796,0.23304720542519716
0.3392245248597987,0.21940091101510403
0.2870242565226205,0.17847717350559064
0.3836642503450739,0.23645499259752895
0.4252082508856092,0.2550236462565458
0.4368008030810514,0.2580565768399211
