0.005801102305962298,0.004547502659967209
0.020299031862626805,0.016671652133085448
9.652416482466385e-06,0.0022756445450793444
0.21358867192401612,0.13717479297692925
0.02996110076157566,0.017432724601572882
0.2967442399204641,0.2050086898572894
0.8918736305634121,0.43619297162827847
0.8387563826603994,0.4282301089355965
0.6948388529068255,0.4111533087720228
0.6185268481964461,0.3967421554632507
0.6098396733622263,0.3940916543292149
0.2155384600534743,0.14248336810538392
0.769210721904229,0.41760917224849575
0.6137006399552128,0.3944702973483628
0.8551751430970748,0.4293698244232319
0.6687580235712012,0.4066020196818641
0.5605833920522005,0.38309964748334907
0.588594704684318,0.3903014377075436
0.8261985888167107,0.42709039344796107
0.6359205026978505,0.40015751549596545
0.5702358085346668,0.38612879163653285
0.6272333278636307,0.3978856573810776
0.03865792801227787,0.025766657453019867
0.6146658816034596,0.3948489403675108
0.5731411858958892,0.3865112210858724
0.13921680292661268,0.09701970079628629
0.5847337380913313,0.3891655086500997
0.5856989797395781,0.3895441516692476
0.5557571838109673,0.3823423614450531
0.5103522166774453,0.3611232066520005
0.6021177401762532,0.39219843923347497
0.821362728158995,0.4255720349411777
0.553826700514474,0.38196371842590515
0.4175924942809433,0.30201703136300123
0.5837684964430847,0.38878686563095166
0.8590361096900613,0.4323989685764157
0.5209891796411232,0.3702182119719349
0.6243376029188908,0.3978856573810776
0.540294012606056,0.37589785725915453
0.17590563797646738,0.11709156724132057
0.6030829818244999,0.392955725271771
0.5258153878823565,0.3702182119719349
0.5016650418432256,0.35468627532648483
0.8039883784905555,0.4225428907879939
0.36344243781430685,0.2607070779739568
0.5489811874402758,0.3796842874506343
0.6127353983069663,0.3944702973483628
0.22136851960888404,0.14552765797933367
0.4223897452727291,0.30541345924475855
0.33541182034922457,0.24403163941067993
0.5287111128270964,0.3724900700868228
0.14021100182430674,0.11293406689107578
0.22039362554415495,0.14552387154914215
0.5741064275441359,0.3865112210858724
0.22327004565592992,0.15536101718660658
0.5383635293095628,0.37514057122085864
0.5528518064497449,0.3796880738808258
0.23489155510081947,0.1561334489456685
0.49104738371251266,0.35279306023074497
0.37794036737097136,0.273588513485371
0.28998754838273766,0.19932904457006975
0.8068841034352954,0.42443610588373376
0.3817916815474755,0.27472065611262353
0.3876313935193677,0.29102123808694397
0.2397274157585351,0.15613723537585997
0.5451202208472893,0.37930564443148634
0.6339900194013572,0.4001575154959655
0.249370179824519,0.16105580819459217
0.4330556654858545,0.31641303895100736
0.2580766594917037,0.18681110635703757
0.3827858804451695,0.2762465874797898
0.5383635293095628,0.3755192142400066
0.08121543228347217,0.061014536105505085
0.42724491076340976,0.3133763219374405
0.5663748419416803,0.384235576540793
0.48523662899006786,0.34596991302569846
0.564444358645187,0.383856933521645
0.12274978040752503,0.09056005088962177
0.30933099101360034,0.226227844650342
0.376029188907443,0.27056694219257016
0.5654096002934337,0.383856933521645
0.5103522166774453,0.36453099382433224
0.40502504802077205,0.2978443852919904
0.4359513904305944,0.32095675518078304
0.3866564994546386,0.27700765994827725
0.46782366965569844,0.3319449755964573
0.24163859422206344,0.16105202176440075
0.17886892983658453,0.1356715801909118
0.8049536201388021,0.42330017682628984
0.632059536104864,0.3986429434193736
0.5847337380913313,0.38878686563095166
0.5760465632571117,0.38727229355435977
0.4591557996544436,0.33157390543769233
0.5827936023783556,0.38802579316246427
0.37214891748149154,0.2682875112172994
0.6040482234727466,0.39371301131006686
0.5615486337004472,0.38347829050249704
0.47266918272989655,0.33763219374406
0.44369262844953244,0.3258866872900897
0.5006804953620141,0.353542773408658
0.4678429744886634,0.3319525484568403
0.05124467910541404,0.05190817149499623
0.32382892057026486,0.23721606506601634
0.5547919421627207,0.3823423614450531
0.38763139351936765,0.28609887883802027
0.30254534222642643,0.21258533667044047
0.3866468470381561,0.27624658747978986
0.5016650418432256,0.3588513485371126
0.36730340440729353,0.26676536628032455
0.46880821613691,0.3364962646866161
0.5306415961235896,0.3747619282017106
0.32865512881149805,0.24251706733408804
0.5258153878823565,0.37059685499108286
0.4234032490033881,0.31149067970208355
0.4456424165789906,0.3304379763802484
0.4832868408606096,0.34558369714616755
0.4871671122865612,0.352785487370362
0.4359513904305944,0.3175489680084512
0.47558421250760136,0.3395329817001828
0.5403036650225386,0.37779485878508595
0.2687136224553818,0.1940128965812321
0.2957789982722175,0.2046300468381414
0.4562407698767388,0.33080904653901344
0.35572050462833377,0.2591925058973649
0.42533373229988136,0.3130052517786755
0.48232159921236295,0.3440691250695756
0.6001776044632775,0.3906800807266915
0.42241870252217656,0.30542481853533304
0.40985125626200525,0.2978443852919905
0.034796961419291325,0.020844298204096157
0.511317458325692,0.36490963684348027
0.6011428461115242,0.3914373667649875
0.5209891796411233,0.36946092593363894
0.5190586963446301,0.3652958527230112
0.09473846777540758,0.07843590141650354
0.41274698120674513,0.2986016713302864
