0.32643918570388847,0.1478122289549237
0.34960889196656325,0.15116563334914118
0.26420813872146187,0.12485346891417537
0.23706729036680066,0.10821385344223504
0.2036870853088941,0.10132954671054387
0.39091018294104757,0.1663264622754256
0.2280014980108959,0.10329019116964067
0.35414532118908154,0.15277836006056708
0.6533235350230708,0.2285362245534103
0.5068364412348698,0.19538276669202093
0.6747903138050184,0.23132283336808881
0.40223005772994824,0.1750391067170993
0.27662325732576787,0.128989824358707
0.44464072469810134,0.18510204226084467
0.5701627320327018,0.20927878665455035
0.4683686520021763,0.18723528441323045
0.6346407953589925,0.22509298224312752
0.6193568445672374,0.22291345995216266
0.5769603097773475,0.21245959335547884
0.6108987358766542,0.2196047022798685
0.6793267430275365,0.2319772889748187
0.31567046586725644,0.13975186223110558
0.5577193490718692,0.20762304663785683
0.5339843556786624,0.20396473780123606
0.5119310914987881,0.20000043557777486
0.5305855668063397,0.20222188222957016
0.3218956903922386,0.14632963110373773
0.29022547890419087,0.13056062670930246
0.35469647614135,0.15473737110300814
0.35584118258067715,0.15752615780656098
0.5091117219352604,0.19786664895317047
0.300951802206033,0.13561223995326252
0.38977254259085226,0.16532408892102485
0.2969877262031783,0.13321601771930386
0.39372248641544366,0.16780633776551868
0.34961595805569495,0.1523422378134867
0.3960118992940977,0.1722514089579836
0.3168222383957151,0.14367369562151777
0.5690462899499014,0.20792958449691584
0.4876308109750496,0.19494827786159624
0.5334332007263938,0.20235418897868443
0.5905483991775072,0.21786239118042122
0.3581235293701995,0.1623191467466968
0.332636145872344,0.14985781108011853
0.38807668119925665,0.1624492756069368
0.30267592795415527,0.13848923115622486
0.3004147794320277,0.13452547340498225
0.2619328580210711,0.12476526441476588
0.46896926957836643,0.19268272896009617
0.5090975897569971,0.19581834446688273
0.2540400364610199,0.11949640675559349
0.2913631192543863,0.13173723117364797
0.2415895874110556,0.11413771118035586
0.2743833070710354,0.1266393377911089
0.2500759604581652,0.11936518895091637
0.2342267225358781,0.10808209116533933
0.29816776308816356,0.1340474267970714
0.5419125076843719,0.20549034895768964
0.5763950226468156,0.21180622669318608
0.5249185633227578,0.20130607995792318
0.4214498201680317,0.17843661336102154
0.44010429547558316,0.18414268221171148
0.35187710657782234,0.1525600267009176
0.465563414616912,0.18632220450267634
0.5424495304583772,0.20635932661853895
0.432190275648137,0.17922065335577284
0.5843090424742617,0.21511661778213598
0.520975685587298,0.20013110891023342
