0.5449137418203451,0.4900062997537369
0.2926829268292683,0.4084531241051486
0.22070196311719215,0.3591432334917816
0.18500892325996432,0.35112536509936426
0.09934562760261749,0.25582727220663193
0.050565139797739446,0.153771261668862
0.06186793575252825,0.1571502204913808
0.19631171921475313,0.3522135043811923
0.7001784651992862,0.523280453582269
0.5925044616299822,0.49229711929442754
0.12433075550267697,0.29832197468644406
0.0874479476502082,0.2306282572590344
0.18381915526472337,0.34528377527060305
0.11183819155264722,0.2959738846572361
0.30517549077929806,0.45089055609644346
0.25639500297441997,0.39694175591317793
0.29268292682926833,0.4405245976748181
0.2801903628792386,0.4061050340759406
0.2439024390243902,0.3716854704770632
0.23319452706722188,0.36607296260237093
0.1838191552647234,0.3487200045816391
0.08685306365258774,0.22369852814844512
0.074360499702558,0.1892789645495676
0.07555026769779893,0.21917415955558103
0.07495538370017846,0.1984995132008476
0.074360499702558,0.1892789645495676
0.06246281975014871,0.17897027661645953
0.23200475907198098,0.3602313727736097
0.09994051160023795,0.2593207720061852
0.13622843545508626,0.2994673844567894
0.13682331945270673,0.3407594066777389
0.17251635930993453,0.3430502262184296
0.412849494348602,0.4807284806139396
0.2444973230220107,0.39236011683179656
