0.5073563237388471,0.15233439710830038
0.5162263340137349,0.15524512356844986
0.5050396533533873,0.150493063359254
0.49347007473396864,0.14985358557634237
0.4957839904578524,0.15020640090484533
0.45257712363747565,0.14296226742441112
0.5440043413466439,0.15631491004666065
0.5463210117321037,0.1574506131387011
0.4587530748909843,0.1447706034898319
0.5960812184419083,0.15928115766899642
0.344952495861121,0.1187164515346325
0.38585095628076616,0.1351890684580655
0.3152544894097036,0.11858406703302235
0.4217249139856924,0.1384087445909197
0.4217194046625402,0.13832038325195087
0.37388470639439597,0.12664400720719815
0.4020538756711045,0.13798969763490088
0.3630836783546957,0.12214553301536378
0.509675748785883,0.15377889236620249
0.47726715534363023,0.14843114127647172
0.4410075450180569,0.14135254748811632
0.42442723699179946,0.14028315477701325
0.3789064544475389,0.1304590592069011
