0.6206204322323641,0.3235282740479994
0.5741664314168313,0.31423897966965264
0.6344531225494809,0.3330386105293407
0.1508421944104639,0.09487679665784342
0.2513722907060631,0.1908366996203602
0.5679558357642484,0.31071335812688927
0.41839967378689497,0.26579760279839304
0.43229509739343186,0.2764242018998569
0.5063831121984881,0.30207613795237653
0.4637558420375772,0.2989870745630274
0.5315077946112104,0.3078287586828101
0.216304381920266,0.1802377307817707
0.22006837928546782,0.18112189919374894
0.2300429723032527,0.18199501550057748
0.24139769768827826,0.18664795176861315
0.35949311502148623,0.2640403180795862
0.4210344719425364,0.2673670017296545
0.7537091057369593,0.3622272202297734
0.25140365735077314,0.19238952039389703
0.6985665443367524,0.35030199877321644
0.5277437972460086,0.30451312713789164
0.6859257865186161,0.3458645785556005
0.5780558953608733,0.3215554732787728
0.552868479658731,0.3102657478683253
0.6156331357234718,0.3224285895856014
0.5428311533515261,0.30827636894137417
0.20617295567893099,0.1676217527533557
0.26655374674571064,0.21053155099717621
0.3268718045230702,0.23817839202922175
0.189830933785013,0.166511016185808
0.16978764781531322,0.13623377412812707
0.28537373357171986,0.2111946773061599
0.6332925566952103,0.33128685186310874
0.42357517016404755,0.26737252778222936
0.4322950973934318,0.26802460198606337
0.4624384429597566,0.2914605909560624
0.23512436874627524,0.18487961494465657
0.34054766161663685,0.24500859301175393
0.29412502744581415,0.22843043528716134
0.31169034848342275,0.23108294052309616
0.6520498102317996,0.34321207331966563
0.4498917850757505,0.28814495941114393
