0.3084043590312835,0.2618354341710179
0.18667773477089988,0.18833703772420396
0.21375276300421805,0.21183183706233594
0.19054835378036888,0.19856418567139084
0.4900145751488885,0.33497033331944975
0.2996978793640988,0.25690550206171126
0.28232352969565927,0.25008992771704763
0.18665842993793494,0.187950821844673
0.20888794509705505,0.20765161813094232
0.2137238057547707,0.20992726267602163
0.2098724915782666,0.20879512004876918
0.22822173531143522,0.2265951283789156
0.18953485004970988,0.189457821060882
0.1760407718072219,0.18264981957660134
0.26300904431424404,0.23872685071241684
0.2601036669530217,0.2372084922056334
0.2620438026659974,0.2372122786358249
0.15285566741633766,0.17014702708433513
0.13930367467495486,0.15650073267424205
0.14898504840686863,0.16711409650095982
0.16444821961177977,0.17469452974430233
0.16831883862124877,0.1796206754234175
0.45137595196957564,0.32397832647358393
0.5392901612918795,0.3482417711405863
0.5914421675466452,0.3584764919481562
0.47264022548044904,0.3296693310513781
0.5383056148106677,0.34558369714616755
0.5634212024980454,0.353921416427806
0.5518383027190857,0.352785487370362
0.43400160230113616,0.32019189628210415
0.3499676644047837,0.2868485920159333
0.48037181108290467,0.3315663325773094
0.44655939614482487,0.32208889780803557
0.5083831237150219,0.3436904820504276
0.3287033908939103,0.27017693988284786
0.6262005193000068,0.3683249968761951
0.5392805088753969,0.345587483576359
0.6039903089738515,0.35961242100560015
0.6020598256773583,0.3592337779864521
0.584666171175954,0.3584689190877732
0.25238173376704853,0.23531527710989353
0.2736073976119922,0.24667078125414138
0.25912877288829256,0.23644741973714595
0.27266146079671044,0.24478513901878446
0.2668603584907482,0.2417522084354091
0.2997171841970638,0.25880629001783406
0.22723718883022362,0.22090791023131298
0.3934324958253299,0.3023843150915748
0.4040598063725254,0.30541724567495004
0.20405208443933937,0.20575461660501096
0.2436945589328288,0.2334220620141536
0.1847182942249592,0.18643246333788963
0.3142151137537283,0.2656294372228806
0.33255470507041446,0.27395958364413614
0.2852289070568817,0.2542587873578669
0.3045337400218145,0.2603170756642345
0.21760407718072217,0.21750769591936414
0.23306724838563328,0.22698134425844652
0.19536490960511965,0.19931768527949534
0.21370450092180576,0.20916240377734274
0.15671663400932423,0.17431210029496289
0.14897539599038617,0.16029473572610478
0.19827028696634202,0.20386518793946254
0.17409098367776368,0.18037038860133053
0.17797125510371517,0.18605760674893312
0.18958311213212226,0.18985539623098738
0.1654134612600264,0.17583045880174628
0.43982200944006333,0.32020325557267865
0.4282391096611037,0.31868868349608676
0.42628932153164545,0.313380108367632
0.37509290450864374,0.3001124569766869
0.3441858669317864,0.2811727331589052
0.4494647735060473,0.322849970276523
0.39442669472302394,0.3023956743821492
0.3606142797849442,0.29594738376605917
0.40407911120549034,0.30921124872681277
0.4108454551596992,0.31186553629104014
0.33452379803283755,0.28079030370956565
0.3577185548402043,0.29253959659372736
0.4176021466974257,0.3122441793101881
0.3451318037470681,0.2823010893559661
0.383789731759346,0.30011624340687837
0.48709954537118366,0.3330695453633269
0.4880840918523953,0.3342130472811538
0.5730929238134767,0.3546862753264849
0.45914614723796104,0.3281623318351691
0.5334794065694347,0.3452050541270196
0.5054777463537996,0.3383856933521645
0.5450719587648768,0.34975255678698675
0.31519966023493984,0.26790886819815146
0.3490120751730196,0.28268730523549707
