0.026769779892920884,0.20416929156405703
0.062462819750148724,0.2087509306454384
0.1588340273646639,0.3027890727907909
0.09875074360499703,0.24775213332569726
0.12254610350981558,0.2592062310291507
0.339678762641285,0.42099536109043006
0.19571683521713265,0.3120668919305882
0.07495538370017846,0.2214077086077544
0.36466389054134446,0.4211099020674646
0.5086258179654968,0.4830765706431475
0.3652587745389649,0.44063913865185267
0.42415229030339086,0.4417272779336807
0.26829268292682923,0.3946509363724872
0.25580011897679955,0.3430502262184296
0.30458060678167753,0.4118893534161846
0.21951219512195122,0.32581180917473224
0.19631171921475316,0.32243285035221353
0.23200475907198098,0.32815989920394023
0.2688875669244497,0.4107439436458392
0.6281975014872101,0.4842792509020102
0.14753123140987506,0.28108355764274673
0.32837596668649616,0.4153255827272206
0.4842355740630577,0.44522077773323404
