0.601863178695775,0.34785395748255155
0.5252658323139174,0.3330330844767657
0.4587058122392647,0.3106967799691646
0.477557165709984,0.3182177375235548
0.5629371726106459,0.345638010400031
0.6081678742824881,0.34808052563812103
0.23145447131520341,0.21827355065456094
0.43235783068285183,0.310033653660181
0.4599604780276653,0.31246511679312117
0.516483171795113,0.3252966108719559
0.6257331953200967,0.35471178872795806
0.49512248674759257,0.32484900061339184
0.5303158621122298,0.33348069473532976
0.5441171857846366,0.33458590525030263
0.31554844578275465,0.2616033288940711
0.33944982905178633,0.27863462292980257
0.2640757818136194,0.24037776095401772
0.32809510366676076,0.26757146567492446
0.37458047112700354,0.2861500544316179
0.34067312819547696,0.2830499389371191
0.3758665035601142,0.28615558048419276
0.37335717198331303,0.2832820331452634
0.40977384649164084,0.30384447477633303
0.32185314136946774,0.2620509391526351
0.30927511684075154,0.26138228679107656
0.47881183149838463,0.32308066378943534
0.39845048775132524,0.30162852769381254
0.38464916407891847,0.29521830670697
0.2615350835921082,0.2319726349876493
0.33436843260876387,0.27110813932283756
0.2992064238888366,0.25120882400075156
0.41102851228004145,0.30561281160028964
0.1120102882594649,0.14771691137869486
0.13095574166431417,0.16895905747647283
0.16981901446002323,0.18707898386945251
0.075530880461717,0.11609131249274707
0.07932624447162887,0.12471748056211007
0.0793889777610489,0.1439591956277872
0.14720366362410214,0.17690552107912755
0.11706031805777736,0.15766933206602526
0.7010445092688437,0.3600223252524025
0.7550578714594899,0.3675488088593675
0.24396976255449956,0.2233519929708611
0.45745114645086415,0.3104757378661701
0.46748847275806904,0.3140124115140832
0.2879144317932311,0.2487773608678113
0.2640444151689094,0.23374097181160583
0.06806561902073335,0.11300777515597282
0.18493773721025059,0.20234194108122747
0.13597440481791664,0.1713905206094131
0.21260311784448419,0.21583656146904584
0.17995044070135816,0.1983687092799001
0.24522442834290017,0.22556241400080684
0.22891377309369218,0.21738385619000783
0.28543646686113994,0.2423726659335437
0.1598130547975283,0.1844320046860926
0.23895109940089707,0.22025740352893716
