0.48759449201718896,0.3290488005702886
0.13591167152849662,0.16983217378330137
0.6935478811831499,0.38146893529545056
0.3858724632226091,0.2985284121993137
0.6056585427056869,0.36222722022977333
0.2954737931683448,0.2664662551599516
0.2628211160252188,0.2489984029708059
0.5240111665255168,0.34054851597858105
0.4913584893823908,0.3325854742182017
0.5704651673410495,0.35359552610783546
0.42228913773093696,0.3100281276076061
0.7123678680091591,0.38500560894336366
0.6370251874157021,0.37018473593757784
0.6759511935008312,0.3794740303159246
0.216335748564976,0.2257779300512265
0.18744706878705183,0.21074154099502104
0.2527837897180139,0.2476721503528385
0.24023713183400774,0.23595691889412637
0.4423951569900567,0.3157807483380397
0.34067312819547696,0.2830499389371191
0.3770898027038048,0.2945496543454115
0.3318904676766727,0.277965970568244
0.24898842570810203,0.24324578224037224
0.23891973275618708,0.2341775299650201
0.4059784824817289,0.30428103292974734
0.49010382359399013,0.33059609529125067
0.45368714908566227,0.31909637988295825
0.6043725102725762,0.36222169417719846
0.7324738872682789,0.39075822967379714
0.46626517361437847,0.3228596216864408
0.47504783413318286,0.326838379540343
0.23898246604560713,0.23440962417316438
0.43988582541325555,0.3142334536170777
0.45494181487406293,0.3210857588099093
0.5077005112763088,0.33480142130072227
0.14347103290361032,0.1826581418095612
0.28540510021642984,0.25739800288459946
0.2916784291584329,0.2620398870474854
0.3620338132429974,0.2907919385945038
0.4072331482701295,0.30627041185669845
0.5755151971393621,0.3564745994993397
0.5378124901979235,0.34563248434745614
0.2728898089771337,0.2534247710832721
0.48756312537247887,0.3281591061057355
0.31683447821586525,0.2742082548173363
0.3532511527241931,0.2850448439166451
0.6068818418493774,0.3644321152071442
0.22013111257488788,0.23020429816369276
0.46999780433487026,0.324843474560817
0.43358112982654246,0.3133437591525246
0.4436498227784574,0.3177701272649908
0.5114645086415107,0.3383380949486354
0.24271509676609895,0.23860389807748633
0.7174178978074714,0.38611634551091123
0.5013958156895957,0.3341327689391637
0.22009974593017786,0.22820939318416678
0.16354568551802015,0.1943733732682733
0.19124243279696373,0.2151679091074873
0.16734104952793202,0.2029995413376363
0.21260311784448419,0.222909908764872
0.14598036448041157,0.1926050364443167
0.20880775383457234,0.21848354065240577
0.2100310529782629,0.22179364614474945
0.19622972930585614,0.21803593039384178
0.5717511997741601,0.3536010521604103
0.5390985226310342,0.345638010400031
0.33694049747498517,0.27996087554777
0.41855650701044506,0.30738114842424613
0.39719582196292463,0.29963914876686143
0.39845048775132524,0.30162852769381254
0.5503905147266398,0.3476273893269821
0.5579185094570434,0.3513851050778898
0.48257582886358646,0.3279435900553158
0.5252971989586275,0.3405540420311559
0.49264452181550145,0.3325910002707766
0.59185721903328,0.3593536728908439
0.6081678742824881,0.36443764125971906
0.43486716225965305,0.3133492852050995
0.4662338069696685,0.32130680091290387
0.624478529531696,0.36797431490763216
0.650826511088109,0.37195307276153433
0.6709325303472287,0.377705693491968
0.5742291647062514,0.3564690734467648
0.5441171857846366,0.3463011367090147
0.5805338602929645,0.3571377258083234
0.5905711866001694,0.35868502052928536
0.3419591606285876,0.283055464989694
0.3946864903861234,0.2987549803548832
0.36331984567610803,0.2907974646470787
0.36077914745459677,0.2888025596675527
0.5277751638907187,0.34342206331751046
0.5704338006963395,0.3520427053342986
0.373325805338603,0.2910129806974984
0.4725385025563816,0.32484900061339184
0.5127505410746214,0.3383436210012103
0.4562278473071736,0.32109128486248417
0.3884131614441203,0.29853393825188856
0.42482983595244816,0.310033653660181
0.35698378344468495,0.28680765468802677
0.3205671089363571,0.27530793927973435
0.3117844484175528,0.2702239709108593
0.2778771054860262,0.2565138344726212
0.38464916407891847,0.29521830670697
0.4185251403657351,0.30649145395969307
0.5215018349487155,0.33988538966959736
0.51020984285311,0.33590663181569513
0.40851918070324017,0.3062759379092733
0.6948339136162605,0.3814744613480253
0.4763338665662935,0.32684390559291787
0.167341049527932,0.2010101624106852
0.17113641353784387,0.20742590945010253
0.5968445155421725,0.36089544155923103
0.6432985163577053,0.3706268201435669
0.28920046422634177,0.2591718657611309
0.27414447476553433,0.2554141500102232
0.2238951099400897,0.232635761296633
0.7023305417019541,0.3850056089433636
0.6194598663780936,0.3664270201866701
0.6998212101251529,0.38279518791341793
0.5617138734669553,0.3513906311304646
0.5818198927260751,0.3571432518608983
0.5227878673818261,0.3398909157221722
0.4675512060474891,0.32286514773901565
0.23393243624729462,0.23396201391460042
0.16988174774944326,0.20477340421416773
0.4273391675292494,0.31202303258713204
0.657131206674822,0.3759373566680115
0.7638718986230044,0.3958477240952471
0.6872745522411468,0.38036372478047764
0.42862519996236004,0.3120285586397069
0.47379316834478225,0.3250700427163864
