0.6252063204023127,0.3482455575707778
0.45330643526606895,0.305424818535333
0.23110780783969265,0.20349411778069748
0.1740909836777637,0.1690110980268912
0.1972857404851304,0.19136239544719624
0.2397853302574299,0.21068454871431758
0.16052933851989845,0.13794343830579964
0.5035086533913765,0.32360346988462746
0.3383365025434118,0.2614605775820614
0.3171011862819857,0.2527517881416579
0.38858698275113174,0.28230866221634904
0.3064449184853428,0.24024142278900873
0.24270036003513473,0.2133426227087364
0.23206339707145685,0.203868974369654
0.2591191204718101,0.22697755782825507
0.3933938861594,0.28646616256659374
0.3808264398992288,0.2792643723423993
0.21181262729124234,0.20009011703855717
0.3422264263858457,0.2701807263130393
0.308394706614801,0.25047235716638705
0.5006032760301542,0.32094918232040015
0.5469831372284051,0.33194876202664886
0.5711431356840184,0.34483398396825454
0.5151012055868186,0.32777232952544666
0.39823939923359813,0.2868523784461248
0.4020907134101022,0.29063502220741305
0.2301232613584811,0.2023506158628706
0.28519029739095186,0.23909792087118178
0.19147498576268565,0.18756839239533354
0.16149458016814505,0.14740951378449907
0.41369291802202685,0.291399881106092
0.29295084024285484,0.2398703526302437
0.4233549869209757,0.29405416867031925
0.42625071186571567,0.3001124569766869
0.3170915338655032,0.25047614359657855
0.23593401608092587,0.20387276079984548
0.5006129284466365,0.3209529687505916
0.47551664559222406,0.32019568271229565
0.2861844962886459,0.23986656620005223
0.4378239592281928,0.30540967281456716
0.3615312593507785,0.27737494367685084
0.4581133386743372,0.3133687490770576
0.24464049574811048,0.21675419631125967
0.2716865667319813,0.23152884691841374
0.3083850541983185,0.24100249525749615
0.20599222015231514,0.19212725434587521
0.2765320798061795,0.23494420695112853
0.5276783042634724,0.330055546930909
0.32579801353268795,0.2572992908016251
0.3344755359504253,0.26032464852461745
0.5498692097566625,0.33308090465390133
0.2716769143154989,0.22925320237333438
0.24655167421163887,0.21826119552746862
0.47455140394397743,0.3133801083676321
