0.3479310045269834,0.21865119783719103
0.5189428673468403,0.2978519581523735
0.3537321068329457,0.22395598653545415
0.29286396849451257,0.19553504151820703
0.3343983166185655,0.21372126572788436
0.6164805359021631,0.32058947145220956
0.40208106099361973,0.26374758141771515
0.4059420275866063,0.2713204418006747
0.3788863041862531,0.25464878966758925
0.4136736131890619,0.273974729364902
0.39821044198415084,0.258442792719452
0.4040211967065955,0.26488729690535057
0.48030424416752737,0.2826948780958799
0.3885387206687195,0.2561633617441812
0.3605370604530844,0.24139249756721856
0.45615389812839646,0.27738630296742534
0.3595718188048378,0.2360914952991469
0.4001312728641616,0.2591962923275565
0.3856526481404621,0.25465257609778075
0.37599057924151313,0.24669728626548174
0.36439802704607105,0.24366435568210643
0.3914440980299419,0.25654579119352067
0.5952548720572196,0.31491361259518136
0.5730446617310644,0.312637968050102
0.3576123782588971,0.22623541751072504
0.45226397428596254,0.275103085561963
0.27642590322487237,0.18908675090211696
0.22230480400768332,0.15498237416745866
0.25031611663980075,0.16899973873631677
0.3227961120066409,0.2125777638100575
0.27545100916014326,0.17696638785919022
0.3121591490429629,0.1985603992411994
0.27447611509541414,0.1712829561417791
0.4870705881217363,0.29216474000477094
0.548884663275451,0.306189677434012
0.4861053464734897,0.289892881889883
0.5257092113010493,0.3061858910038205
0.4658063146108628,0.282687305235497
0.4812598333992915,0.2872348078954643
0.5218385922915801,0.3035316034395932
0.559502321406164,0.3107333936637877
0.5073503151513981,0.29633359964559014
0.4996187295489426,0.2940579551005108
0.5208733506433336,0.29974517324811345
0.5536915666837193,0.3099685347651088
0.4938272796594628,0.2925433830239189
