0.19025345641161256,0.08445879191778836
0.21881378763212048,0.10390836692888668
0.23231713867792775,0.11181379288999935
0.22730089994793692,0.1103142489904402
0.22344161907988794,0.1065875583297061
0.24003570041402567,0.11700695101324547
0.25238209359789104,0.12086602617558974
0.24504918448244042,0.11868282382363456
0.2531561535007617,0.12168199037617439
0.2716784979381358,0.1305137140814504
0.4406549483363222,0.17140894832602124
0.44451147454279505,0.1734376364649133
0.35732919032232296,0.1568987091605429
0.2620344277603775,0.12824238665079102
0.4807710848683685,0.1773629432547734
0.4773002112825429,0.17651398137056315
0.5154908393729289,0.1837249596605287
0.49466008853482313,0.18069279542436323
0.5525162456166449,0.18704370759768124
0.45801207092702634,0.1736692502776649
0.49195501086713994,0.17835523636618797
0.4807738395299446,0.17741814940327355
0.42213811322210015,0.16813422355151
0.37121819398877753,0.15706424885262174
0.5043041587125815,0.18082517992597338
0.43409334446216613,0.17041649770776354
0.2793943050126577,0.13457116911265607
0.3168163825233251,0.1453875577941829
0.312576958357781,0.14537661106858868
0.39745083617752147,0.16426412291015002
0.32029552009387885,0.14683213180550647
0.37275804980979055,0.16026155901375835
0.42291217312497076,0.16942428334977053
0.2867272141281083,0.13603771532858963
0.269361827552676,0.13022697287362023
0.26319689494547155,0.1297750857408189
0.23810468264921314,0.11545227971860773
0.3808622641665358,0.16178323262477046
0.4128796956649891,0.16700954593848527
0.4653422253809008,0.17624929112076435
0.4032383801488069,0.1654329024392376
0.458791640153049,0.1754556141384758
0.38009095892524125,0.16048222610091573
0.31913856223193704,0.14674392797338073
0.3395836604493955,0.1531388633093401
0.39436010588919096,0.16360243666236385
0.3496106285862251,0.15431858956402186
0.2855675016045904,0.13512252181686352
0.2535473154445611,0.12679797014631047
0.2940546139204069,0.1378128174501202
0.2990708526503976,0.13954389640900938
0.2450546938055925,0.120777822343464
0.27515212618553747,0.1338434874976187
0.3299423449332132,0.15170555103729677
0.30563521118612974,0.14137436218588312
0.3002333198354916,0.13978661445419827
0.2913605548990279,0.1367876054085015
0.3202982747554549,0.14988626824628182
0.30949449205417867,0.1431936449768981
