0.07048085066340454,0.10414951287846552
0.06677958658762272,0.10327639657163698
0.08058091026002948,0.10968661755847947
0.17493177754775568,0.19284265670503592
0.1271603776544023,0.17934251026464268
0.11451961983626613,0.1539060902625428
0.08312160848154072,0.13710136438238074
0.18992503371914307,0.20764142550052225
0.1911796995075437,0.20918872022148416
0.23644176782409587,0.22998325606069817
0.05417019541419654,0.08580301832991638
0.08058091026002949,0.11388641751537626
0.020231485837959914,0.0429097982438205
0.26028041780370753,0.240814319107432
0.11458235312568614,0.17182155271025248
0.232646403814184,0.22887251949315046
0.1560176907876165,0.19238399434132217
0.17737837583513694,0.19946286768972324
0.2426837301213889,0.230640856317107
0.19748439509425675,0.21361508833395043
0.1760923434020263,0.1983521311221755
0.2527210564285938,0.232188151038069
0.17863304162353755,0.20056807820469608
0.21128571876666352,0.21803593039384178
0.14472569869201093,0.1910577417233548
0.29418776073523417,0.2571769607816049
0.5051598130547975,0.325291084819381
0.3456917913490794,0.2733240864053581
0.2728270756877137,0.24943496112422014
0.30798908440764095,0.26093467653251257
0.3720711395502024,0.28482380181365047
0.4172704745773345,0.3003022750758451
0.31049841598444217,0.2629240554594637
0.28540510021642984,0.2505456976917679
0.2866911326495405,0.25055122374434274
0.37203977290549234,0.2819447284221463
0.5114645086415106,0.33015953713783636
0.2879457984379411,0.25254060267129386
0.25149775728490326,0.23153055078166013
0.3155798124274647,0.2655876128005482
0.4260845017408488,0.30384447477633303
0.31808914400426586,0.2689032443454667
0.22009974593017786,0.22820939318416678
0.3356544650418745,0.27332408640535805
0.3745804711270036,0.2848238018136505
0.4034691509049277,0.299860190869856
0.3996737868950158,0.28946568597653644
0.379599134280606,0.2876973491525799
0.11075562247106428,0.15302192185056449
0.08566230670305199,0.14793795348168942
0.08061227690473949,0.12693342764463061
0.2188137134970672,0.21847801459983093
0.18619240299865125,0.20609965683213513
0.2640130485241994,0.24301921408480281
0.4197484395094257,0.30317029636219966
0.2540070888617045,0.23506722442957323
0.44110912455694623,0.3109122960195844
0.3042250870424391,0.25850321339957233
0.35572911765628434,0.2799553494951952
0.47630249992158336,0.31446002177264715
0.5038737806216869,0.3193174219859528
0.6143784699350711,0.3314913158083786
0.5729744989178508,0.33082818949939496
0.3770898027038048,0.2852658860196397
0.5139424735736019,0.33081713739424523
