0.43103831044101887,0.28457294747085393
0.3547456105636046,0.24517892775869837
0.34315305836816246,0.24214599717532304
0.3924093396781885,0.2607108644041484
0.5595409310720939,0.32021461486325303
0.2320151349890445,0.179995532012374
0.4435961042847077,0.29290688032230094
0.3808071350662639,0.2599460055054695
0.36246754374957774,0.25275178814165794
0.48710919778766615,0.3084615355488998
0.4136736131890619,0.2781398025755298
0.5459792859142286,0.30959367817615224
0.32668603584907485,0.23417177519206667
0.32767058233028645,0.23682984918648542
0.3972741575853515,0.2709493716419097
0.36247719616606017,0.2546487896675893
0.26973677860252315,0.2099386219665961
0.4069265740678179,0.2728425867376496
0.35861622957307365,0.2523769315527014
0.46391444098029944,0.2929258124732583
0.22428354938658893,0.1690110980268912
0.29001650563218506,0.22735998727759452
0.22526809586780047,0.17772746032767764
0.26005540487060935,0.203490331350506
0.34509319408113825,0.24366435568210645
0.4242816189032924,0.27965058822193023
0.2880860223356918,0.21069969443508352
0.31221706354185774,0.2326609895456662
