0.26486230827887763,0.2065119026433069
0.6059111398538624,0.34181241267545365
0.3402959430893525,0.258442792719452
0.29681180683584135,0.2281324190366564
0.4523411936178223,0.30504617551618507
0.38378007934286357,0.29897652791924295
0.31999691122672563,0.25540228927569375
0.3799094603333945,0.2789046614742087
0.4890396810841594,0.3160343959318594
0.34606808814586737,0.2610857209931049
0.35278617001766394,0.26220650432978293
0.4494261638401174,0.3039026735983582
0.3682782984720225,0.2777498002658074
0.286165191455681,0.22130548540141834
0.35961042847076763,0.27094179878152674
0.46101871603555955,0.30693560418173343
0.3093502958465652,0.24630349752556782
0.4958253298713333,0.33043418995005697
0.47262092064748407,0.31375875138678
0.46681981834152186,0.3133763219374406
0.32098145770793723,0.2554098621360767
0.44750533296010664,0.3008773158753658
0.35767029275779194,0.2698020832938913
0.357650987924827,0.26335757910799273
0.4542620244978331,0.30542103210514165
0.5517900406366734,0.33156254614711794
0.45618285537784387,0.30693181775154205
0.466781208675592,0.308060173948603
0.3818302912134053,0.2815513761780531
0.27453402959430895,0.20651947550368985
