0.3669583764624698,0.22247335061145773
0.3167090116370252,0.21295748807754158
0.30914965026191144,0.20587861472914054
0.37577240362598413,0.23927807649161975
0.33556036510774445,0.21937323511695891
0.314199680060224,0.20787351970866652
0.6646278347605158,0.31359795757096837
0.6708697970578088,0.3144765999303718
0.685863053229196,0.3195495161940971
0.6996643769016028,0.3213178530180537
0.6055330761268467,0.3122496007427015
0.6657884006147862,0.3142445057222275
0.2626329161569587,0.18464199468393747
0.2538502556381544,0.17977906841805694
0.35187102035695245,0.21981531932294804
0.2740190081866943,0.1910687938285045
0.3154543458486246,0.20831560391465564
0.3669897431071799,0.231983687092799
0.2827703020607886,0.19261056249689162
0.3192183432138264,0.21428374069550898
0.21743358112982655,0.15656412155105243
0.2727329757535837,0.1864213836130437
0.2023775916690192,0.13910179541448156
0.2413349643988583,0.1667431103939523
0.19855086101439728,0.128259680262598
0.5842037577240362,0.3060604218588536
0.7273297575358365,0.3255287050801002
0.7210564285938335,0.32154994722619795
0.3620338132429975,0.22072159194522575
0.4185251403657351,0.2591884439188555
0.2940936608011041,0.20057360425727092
0.3430569931934381,0.2198097932703732
0.2965716257331954,0.20388370974961456
0.22496157586023025,0.1601007951989655
0.24632226090775072,0.17182155271025248
0.21244628462093412,0.15192776344074135
0.4635990088140272,0.26447687623300054
0.4711897368338509,0.2779714966208189
0.4008343527492865,0.24966152927978957
0.45233838336313165,0.26249302335862423
0.4976004516796838,0.2974342537894906
0.4673943728239391,0.27310304430236354
