0.5741550723920831,0.230450588873928
0.5181775142911652,0.22016986444275174
0.27837564743041665,0.14497988447388468
0.45880116731792453,0.2047923355734735
0.26763519195031127,0.14489276891891228
0.2619823206449926,0.14293266893203407
0.2817673702136078,0.14820316000786218
0.2902466771715858,0.14898720000261345
0.2591488189032017,0.13679047783426376
0.2987471823969587,0.1560451933720308
0.24669836985323731,0.1286876422773966
0.31061114604899626,0.15695936222702203
0.3134446477907872,0.15944270001595304
0.4293921043520043,0.19708152001398205
0.39941068816642056,0.18828121554511743
0.5713286367394237,0.23001501109906616
0.4932978144586315,0.21372276890257813
0.5311861843825297,0.2214771422395558
0.5351431942962528,0.222478971121738
0.527222108379675,0.2203440955526965
0.48425322037012175,0.21067372447854535
0.5046035570692688,0.21576998444442874
0.5357084814267846,0.22260964445419654
0.5622840426509139,0.22910029777185634
0.5407960656015715,0.2231758955615169
0.5391002042099758,0.22278387556414128
0.45822881409826105,0.20352861555415566
0.4616205368814522,0.2051838110986306
0.5091258541135237,0.21803498887371023
0.5045964909801371,0.21511607330991742
0.25461945576981504,0.1314323267312447
0.47689742158407583,0.20971490890163075
0.3439913511069029,0.17194541557114318
0.46954162279802997,0.2091045555446056
0.48932667236664523,0.2126762932984726
0.3688710509394365,0.18013482221076413
0.3185392980547056,0.15961747559811634
0.35755824223966765,0.17647542442970618
0.3541665194564764,0.17394907333550758
0.3637834667646498,0.17704222000924513
0.29365253213304027,0.1522986800360005
0.5487100854290176,0.22535378443582604
0.36208053928392253,0.17695455998205417
0.42939210435200426,0.1954698822469933
0.3671681234587093,0.1794809110762528
0.45031479427081494,0.20230899778454253
0.375089209375287,0.18118020887043249
0.38414086955292853,0.1871046110807719
0.33946198797351623,0.16741486224036162
0.32306866118809224,0.16680505335555507
0.37566156259495054,0.18226969777980565
0.4113029161749846,0.19459872669726963
0.46219995619024734,0.2053591311530125
0.4107305629553211,0.1921589466858248
0.36717518954784095,0.179873475545847
0.38357558242239664,0.18457825998657332
0.39206195546950623,0.18815054221265887
0.36492817320397675,0.17917764005050524
0.4412702001823051,0.20200409334213926
0.4016859688668113,0.18850009337698545
0.46332346436217947,0.20818984221739575
0.43731319026858206,0.1991728378055374
0.5916860395277026,0.23053824890111896
0.5373972767292486,0.22269621553695035
0.3824450081613329,0.1830972955520431
0.2976095420467633,0.15321339336321033
0.3117487863991916,0.15839731335628465
0.3422884236261756,0.17081236888428386
0.4039329852106754,0.18871679331997926
0.3360702651903251,0.16710995779795831
0.31910458518523754,0.1604450733703538
0.4090205693854622,0.18937015998227197
0.3224821757901654,0.16318812440754615
0.3394619879735163,0.17002832888953257
