0.2944072106021415,0.10612464571788903
0.27935849441216903,0.10132832608578721
0.26547500006886654,0.09487842086159236
0.35691874574749116,0.1351998576768166
0.3565248291421158,0.13049174187684057
0.35073728517083036,0.12851810237960554
0.293641414683999,0.10571686050115055
0.34996047060638363,0.12774616134166222
0.3607780266155401,0.13623633145771563
0.3758212334823606,0.13711844853239458
0.2967156170028731,0.10625679395923456
0.38199718473586924,0.13923549801025545
0.5019654510345133,0.16258832885318245
0.495026458524438,0.16256635664857258
0.5694739422788214,0.17275437177962494
0.39357227267844014,0.14156203158941497
0.39741778023860885,0.14575139860170155
0.44372364133204417,0.15567511725006283
0.4668683078940337,0.1588395872344169
0.3862393635629895,0.14049240261804724
0.4063015638213768,0.14986429604167195
0.43715928279631205,0.15384465147318913
0.307921580294253,0.12298307565345061
0.29981185661435567,0.11237624982664404
0.3515140997352771,0.12954362943491035
0.30560490990879324,0.11896972253830784
0.3229785604689536,0.12758117292353413
0.5085243002470933,0.16300737580920127
0.5413130369868411,0.17191619911416578
0.40630431848295284,0.1506912857212723
0.3765925387236551,0.13783510466841623
0.530517518270293,0.16864171059991914
0.4900102197944472,0.16175039244798792
0.4892361598915766,0.1597877784297686
0.4622349671231141,0.15866302206332233
