0.06442877960228197,0.01704609933909341
0.02315843986986979,0.010287323195615388
0.15509295605488388,0.037841176557217006
0.05439630214230032,0.013054718428560529
0.17516617495957532,0.052979710519748174
0.0736927064825451,0.020144495202774705
0.02121915812032913,0.0051270840025733466
0.12037320155032355,0.03287939598645788
0.45181683704248515,0.1492912073931193
0.07447503037014389,0.026330103944278493
0.2148994135325505,0.05971659321203782
0.6154024147363376,0.1973091373421084
0.6520476776825582,0.2045641387947152
0.8460998124075465,0.24495243726482765
0.26621324937124846,0.0740723969178746
0.04166976566093973,0.012095501754193088
0.8248834089487934,0.24080669964807472
0.22261797526864838,0.06441360477957667
0.2677778971464461,0.09505451351215768
0.9197732362590594,0.24590102222728705
0.39162197228259527,0.12656675010066656
0.20255852967183713,0.058801478453733264
0.6937201980050739,0.21886481510547337
0.3773473159954934,0.12519943319587448
0.9321196294429247,0.2493742056240812
0.9209301941210012,0.2463640923459472
0.6840788824888917,0.21871045839925335
0.5714297519978183,0.19154257555662338
0.2353500210731611,0.06859241883337673
0.4757328088457693,0.15157363905621593
0.09415157800788386,0.032339226268109256
0.484222675823162,0.15624859966572333
0.21567898275857317,0.06194397623347742
0.7083860162359751,0.2275201311464979
0.7245889356263135,0.23120279864459073
0.36884918503337283,0.11301588511639872
0.7515901283947759,0.2353816126983908
0.5231846091548423,0.1697992283897265
0.6397012844986928,0.2027447772502787
0.561788436481636,0.19109053091697897
0.6578434856385718,0.2102866774175589
0.721503714661135,0.2304530660715219
0.17246385195346825,0.05250553616865078
0.9325052820635721,0.2503003458614015
0.9359761556493976,0.2512375115777375
0.7419488128785935,0.23359548509784453
0.7006729638230293,0.22540323917548014
0.5563672624999656,0.1766795998160636
0.5073728517083034,0.16452904942021349
0.5312860688500116,0.17059314163227973
0.39432704995027834,0.13559677492138245
0.7674073951644668,0.23780737558869175
0.36113613262042693,0.10837415845078156
0.6941058506257212,0.22058478983192534
0.45103451315488635,0.13673287178053065
0.3325895747077993,0.10830776931642269
0.37503340027160964,0.12044745174010017
0.5035163255018306,0.1642864888818677
0.9244010677068268,0.24736741093637749
0.7249745882469608,0.23176509807439233
0.671346836684379,0.2186331225393002
0.6169422705573508,0.1982682752630543
0.4861509389263983,0.1575606316685937
0.6941113599488734,0.2252597504414327
0.6578434856385718,0.21262407896889096
