0.17509483499194023,0.19477396904971958
0.18280711576143086,0.19628475469611997
0.2388683506915956,0.23796577824392937
0.23789345662686648,0.2330396325648142
0.24948600882230862,0.2425094944737051
0.22051910695842702,0.2258454152010026
0.23211165915386914,0.23190748993756172
0.2234148319031669,0.22660270123929857
0.22050945454194454,0.2235697706559233
0.19442862520632037,0.20690190495302935
0.22148434860667368,0.22584541520100263
0.3325740099033794,0.2864623761364023
0.29778670090057047,0.2701655805922734
0.3103541471607417,0.27320229760584014
0.2987615949652996,0.2728198681565007
0.3229119410044305,0.28380808857217504
0.29296049265933727,0.26637915040079363
0.3132402196889992,0.27395579721394464
0.2842733178251175,0.2633500062476098
0.1992258761981062,0.2080264747198988
0.14896574357390371,0.16899973873631677
0.1421993996196948,0.16142309192316573
0.13930367467495486,0.16104444890401776
0.14316464126794143,0.16331630701890562
0.17120491114950626,0.18567517729959368
0.16153318983407497,0.17809474405625117
0.1566973291763593,0.17089674026224813
0.13638864489725003,0.14854165641175152
0.1644385671952973,0.1822636036970704
0.128647406878312,0.14171850920670495
0.13928436984198994,0.15308537264152722
0.20601152498528003,0.2144747653359889
0.2408084864045714,0.24024142278900873
0.2060211774017625,0.2167504098810682
0.22341483190316694,0.22849591633503843
0.23113676508914002,0.22963184539248238
0.22727579849615348,0.22887455935418644
0.419513325160954,0.315265750602989
0.45139525680254056,0.32398589933396693
0.42917539405990296,0.3160268230714764
0.4533257400990338,0.32739368650629874
0.4465690485613073,0.322849970276523
0.4513952568025405,0.32360725631481896
0.47071939460043827,0.3345954767304933
0.4562311174602562,0.33004797407052605
0.3760484937404079,0.308438816967751
0.3335585563845909,0.2868485920159333
0.3180953851796798,0.28305458896407054
0.3132595245219641,0.27774980026580737
0.3683169081379523,0.30767774449926355
0.351898147701277,0.2970719535329287
0.3750832520921613,0.30768153092945505
0.36156021660022586,0.3057845294035237
0.35286338934952366,0.3031302418392963
0.3895618768158609,0.3122252471592307
0.38087470198164114,0.30919610300604694
0.33546973484811926,0.28873423425129024
0.36639607725794154,0.3061669588528631
0.3615505641837434,0.3035088848584443
0.39440738989005897,0.31412603511535353
0.3374002181446125,0.292142021423622
0.34030559550583483,0.2959322380452932
0.3828051852781344,0.31033203206349086
0.3258076659491704,0.28645858970621085
0.3818495960463702,0.3095785324553864
0.4059806372525362,0.31525817774260606
0.4909991216301001,0.34027890844790437
0.4378722213106051,0.32133161176973957
0.5170799509657242,0.34483019753806304
0.4330460130693719,0.3186811106357037
0.5219061592069574,0.345587483576359
0.4349668439493828,0.31905596722466023
0.4745900136099073,0.3383856933521645
0.5392708564589145,0.3520206284716832
0.567282169091032,0.3573292036001378
0.5277072615129197,0.34824177114058635
0.556664510960319,0.3561932745426939
0.5740581654617233,0.36074456363285257
0.5412206445883727,0.354300059446954
0.25336628024826013,0.24592485450641988
0.24659993629405125,0.2421346378847486
0.25627165760948256,0.2478218560323512
0.24659993629405122,0.24175599486560062
0.28911883089931567,0.2656294372228807
0.2678642098049247,0.2531266447306144
0.26980434551790045,0.2595673624863215
0.2823524869451068,0.26221786362035737
0.2659337265084314,0.25274800171146644
0.2659240740919489,0.25009371414723913
0.263028349147209,0.24857914207064719
0.2514357969517669,0.243652996391532
0.26495883244370233,0.2500937141472391
0.26109786585071576,0.24820049905149918
0.17897510641789172,0.19553882794839852
0.20797096553122071,0.2224376280286708
0.184776208723854,0.20463004683814146
0.19926448586403603,0.21144940761299655
0.19828959179930694,0.2076591909913253
