0.537378982828351,0.3607445636328526
0.4716942886651674,0.346337196754272
0.38669510912056837,0.31678032267958084
0.43498614878234765,0.33496654688925825
0.26787386222140713,0.25502364625654583
0.3693111070356464,0.30882503284728186
0.43499580119883013,0.33497033331944975
0.4243684906516347,0.3323160457552224
0.4031138695572437,0.32284239741613996
0.41664655746566154,0.3277723295254467
0.4166272526326967,0.3277647566650637
0.406019246918466,0.32511804196121935
0.41663690504917905,0.32776854309525516
0.5035762203067538,0.35619327454269384
0.42920435130935036,0.33345576124285786
0.4234129014198705,0.33194118916626597
0.41955193482688397,0.33004797407052605
0.4098898659279351,0.3270150434871507
0.3683458653873998,0.30768910378983794
0.3499966216542312,0.2993551709383909
0.3548228298954643,0.3027629581107228
0.2765706894721094,0.25729929080162517
0.38572021505583926,0.3145046781345015
0.39731276725128145,0.32018810985191265
0.4031042171407613,0.3228386109859485
0.42241870252217645,0.3304152577990995
0.41663690504917905,0.32776854309525516
0.42918504647638533,0.3330695453633269
0.29395469155703136,0.2690410108254039
0.2862327583710582,0.2648759376147761
0.47460931844287224,0.34748069867209885
0.51612436173396,0.35732920360013776
0.5074371868997404,0.3561932745426939
0.49487939305605166,0.35505355905505837
0.3335778612175558,0.29329309620183186
0.2746209013426511,0.2553985028455023
0.26786420980492465,0.2519907156731705
0.2572465516742117,0.2478256424625427
0.3084429686972134,0.27964680179173873
0.46978311020163904,0.34596612659550696
0.29492958562176047,0.27245258442792714
0.3268115172633469,0.2910174516567526
0.31907993166089127,0.28419809088189746
0.302661171224216,0.2792719452027822
0.317149448364398,0.2841980908818974
0.3403345527552823,0.2974581694124596
0.3229505506703603,0.28647373542697685
0.3596490381366975,0.30389888716816665
0.37220683198038634,0.3114755339813177
0.3789635235181128,0.31185417700046575
0.3731720736286329,0.3118541770004657
0.38670476153705086,0.3167841091097724
0.38959083406530826,0.31829489475617273
0.46879856372042744,0.345958553735124
0.28043165606509596,0.2618430070314009
0.4688082161369099,0.3459623401653155
0.5190297390951826,0.3596048481452171
0.48812270151832515,0.3524030579210226
0.4919740156948293,0.3527779145099791
0.5161340141504426,0.35733299003032926
0.46204187218270093,0.3452012676968281
0.4475535950425189,0.34065376503686084
0.4272545631798921,0.33269090234417886
0.43595139043059433,0.3353451899084062
0.42242835493865893,0.330419044229291
0.4011833862607504,0.3209491823204001
0.37897317593459534,0.31375117852639706
0.3548228298954644,0.30352024414901874
0.40988021351145254,0.3254966849803673
0.39925290296425714,0.32019189628210415
0.3934614530747773,0.31905596722466023
0.34032490033879986,0.29518252486738034
0.31521896506790476,0.28268351880530557
0.3248810339668536,0.28760966448442077
0.29396434397351384,0.2690447972555954
0.28817289408403396,0.26866615423644735
0.30169592957596936,0.2747282289730065
0.30073068792772273,0.2743495859538585
0.31135799847491813,0.2811689467287136
0.3664153820909065,0.306931817751542
0.3355083445140491,0.2940503822401278
0.4465787009777898,0.3391354065300775
0.4523798032837521,0.3436829091900447
0.4156813158174149,0.32739368650629874
0.4243781430681171,0.3323198321854139
0.4359610428470768,0.3376208344534856
0.43210007625409025,0.33383440426200583
0.4388567677918167,0.3387567635109295
0.4765204969064006,0.34898769788830786
0.4919836681113117,0.35278170094017053
0.4620322197662185,0.3444401952283407
0.45721566394146773,0.3436866956202361
0.4717039410816498,0.3470982692227594
0.4475439426260364,0.3406499786066694
0.47653014932288307,0.3489914843184993
0.49488904547253415,0.3550573454852499
0.47942587426762295,0.35126334243338714
0.29395469155703136,0.2690410108254039
0.32391579231860695,0.28723102146527274
0.35965869055318,0.305795888694098
0.3200548257256204,0.2849591633503849
0.40312352197372614,0.32398211290377543
0.35290199901545355,0.30200945850261823
0.3529019990154536,0.3020094585026183
0.3345431028658024,0.29367173922097983
0.345170413412998,0.298976527919243
0.4610766305344543,0.3440653386393841
0.46012104130269016,0.34369048205042757
