0.23156787072924157,0.12888186443370264
0.2435286112924597,0.1323329968724654
0.2543323939937359,0.13647873448921835
0.31490464738954504,0.15357996122339032
0.28365576647081026,0.1461815497901576
0.2558777591379012,0.13789007455665175
0.25549210651725385,0.137294698689803
0.27748256987887754,0.1442740631670169
0.2670671944598247,0.14170504780293314
0.2697695174659317,0.14344715224083807
0.2616680577707626,0.14105454454100583
0.25780602224113763,0.1383310937172805
0.2817275033675738,0.14467105916500428
0.21071508259852736,0.11011571161473575
0.1987570966968853,0.10545185523766565
0.2161224832723176,0.1138094833452658
0.21380305822528173,0.11053475857075457
0.25510369923503057,0.1368205243387056
0.23774106732117428,0.1306901217457019
0.24739064682208467,0.1363795051780769
0.24352861129245967,0.13148403498825514
0.22423496161379095,0.12492355996021692
0.22963685296442907,0.12622464523749316
0.23117946344701823,0.126621562482059
0.32069219136083044,0.15522283635015383
0.33882337385440514,0.15785808334175339
0.21727944113425945,0.11476870001963323
0.21883307026315282,0.12017149975102108
0.21767060307805888,0.1192452020068577
0.26513893135658817,0.14164992040785454
0.2435313659540357,0.13508944537981638
0.26398197349464636,0.14113172289411582
0.3696838474909166,0.16334900815184547
0.41674724051776624,0.17276516099837605
0.48694979078345335,0.18136542839774356
0.43333030320559973,0.17502538419659816
0.36929819487026927,0.16310644761349966
0.3546433952856722,0.16204800162799077
0.3646676087609257,0.16269842613649654
0.3492415039350341,0.16103357880512317
0.4001586685067806,0.16977709867827348
0.3600397773131582,0.16205894835358495
0.3858840122196788,0.1676600492004126
0.30101839838466654,0.15147401597796673
0.33535250026857955,0.1571634781637632
0.3195352334988885,0.15438489994495927
0.35348368276215436,0.16108870620020177
0.3712292126350818,0.16489265396746744
0.42291768244812283,0.1729415686626275
0.43179044738458655,0.17405522079663654
0.4449081458097465,0.17669046778823616
0.47151817663440965,0.17781506664783936
0.4414345175623449,0.1762493698741859
0.4414317629007688,0.17511366678214543
0.4580175802501784,0.1770542298423333
0.45763192762953114,0.1768006438249718
0.4260056580748772,0.17369137998911785
0.40556055985741873,0.17108920943456543
0.3986133033626154,0.16874062489737446
0.4329474052465284,0.1742757303769509
0.4159731806148956,0.17184996748664993
0.36235369303704196,0.16256612038830792
0.3685268896289746,0.16299619282334246
0.382030240674782,0.16711987948206397
0.34615352830827967,0.1602176146045385
0.38820068260513857,0.16861934462820158
0.378170959806733,0.1653557240861276
0.33380988978599035,0.15714142720573174
0.3276366931940577,0.1564908451903829
0.30796290021789374,0.15253254071689717
0.3106624685624248,0.1528081776922901
0.3137476895276031,0.15309484014669875
0.34075163695764155,0.1593465230088753
0.3152930546717684,0.1535910654558276
0.2936882439307919,0.14995242112037613
0.3635106508989838,0.1626653496994494
0.32647973533211583,0.15636956492120999
0.28712939471821197,0.14839774982573836
