0.6596091716069132,0.3239869364117131
0.3481383896364606,0.24413547670492539
0.26655374674571064,0.2145103088510784
0.23763370032307646,0.186205867562624
0.16602365045011136,0.15944319494255668
0.3770584360590948,0.25055674979691755
0.2527210564285939,0.19858975138289467
0.4624698096044666,0.2868242328457513
0.4109344123459114,0.2693453285514559
0.5566011103792228,0.3157862743906146
0.7010131426241335,0.33526008366443605
0.15473165835450584,0.1351285636131542
0.6194284997333835,0.32000265250523596
0.5541858787365516,0.3078453368405348
0.44493585521156803,0.2826299589414294
0.6068504752046674,0.31623941070175343
0.4750792007778928,0.2881615375688685
0.2790376713402967,0.22311989876271687
0.29287036165741354,0.22688314056619935
0.2024403249584392,0.17027978404186536
0.22003701264075778,0.1850951309950763
0.314231046704934,0.23175159288465472
0.2602176845142875,0.21162570940699932
0.48132116307518585,0.2958924851211035
0.5088924437752894,0.30583385370328414
0.24011166525516767,0.18929493095197306
0.09563689972083686,0.10305535446864242
0.10943822339324362,0.12670685948906119
0.15093629434459396,0.13468095335459024
0.21752768106395665,0.1713905206094131
0.3770898027038048,0.2680246019860633
0.4311031648944512,0.2782035908289632
0.3632571123866881,0.2501146655909285
0.3029704212540385,0.22954669790728388
0.33562309839716453,0.23662557125568492
0.4888491578055895,0.30053436928398936
0.5515824472256202,0.3062814639618482
0.2263417082274709,0.18598482545962944
