0.22629150444103702,0.09296590896097823
0.24837303297743799,0.12245724668021675
0.37734329180828285,0.17085647113398864
0.229125006182828,0.10895215777062583
0.271578069685771,0.1396647466761332
0.24327131662438792,0.11844884220705082
0.3252874131754298,0.1516872377345382
0.25913468672493833,0.138313911101843
0.2862684689904678,0.14214699552062704
0.34509366101143996,0.1600084066510548
0.29306604673511344,0.14293212445981548
0.3411295850085853,0.15857045552179222
0.4485906685226927,0.18897813998489635
0.5334190685481306,0.20566349112319718
0.25006889436903357,0.13177861106225983
0.3615152521533907,0.1708564711339886
0.37846679998021493,0.1722062177638417
0.2930660467351135,0.14632963110373773
0.340571363967185,0.1576127288893148
0.4112887839967213,0.18296771116402172
0.3122858091731969,0.15090319773978692
0.3264321196147568,0.15748151108463765
0.2828838122964083,0.13975186223110558
0.46839691635870295,0.19782200223124713
0.5645098607273832,0.2111517710864562
0.39091018294104757,0.17948091107625277
0.5826131810826661,0.2173380644339313
0.5435942368977043,0.20906099776711942
0.40392591912154374,0.18126786889762345
0.4237180347792907,0.18497082445616755
0.3813003017220059,0.17595273109987197
0.34059256223458,0.15787570897088762
0.34568014640936684,0.16785044001522342
0.44917008783148793,0.19390125778527212
0.23253086114428248,0.11788259109973043
0.38017679355007383,0.17582260223963206
0.4780067975777446,0.2055317288463015
0.3253086114428247,0.15264714225588996
0.44407543756756945,0.18871733779219782
0.42371803477929065,0.1830542822467755
0.4270956253842186,0.18523108217664747
0.3043929876131457,0.14807357561984077
0.4333279159983323,0.18845544665506214
