0.6470938803676171,0.35250689375058725
0.3645431448197987,0.25454103370339465
0.5829804585803458,0.3237493161509939
0.5503277814372196,0.32241753748045165
0.4963457858912832,0.31091782207215923
0.2891377309369217,0.21473135095407297
0.3205357422916471,0.2288835715983002
0.3368777641855651,0.24193058172755458
0.2929330949468336,0.2275573189803328
0.4373451271917443,0.28482932786622533
0.4561337473730435,0.2914550649034875
0.3381324299739657,0.251435392156321
0.3682757755402905,0.25475654975381434
0.13581757159436655,0.11831278562784248
0.14209090053636964,0.12538613292366865
0.2150183494871554,0.16696967854952174
0.6709011637025188,0.3584695044788658
0.4285624666729401,0.27444034902548065
0.526457764812898,0.31975950619194193
0.28154700291709794,0.21074154099502102
0.12574887864245163,0.1026132702626533
0.6131238041466704,0.3409961262371451
0.49007245694928014,0.2945607064505612
0.5804711270035445,0.32330723194500477
0.6244157962422759,0.3469642630179984
0.598067814685863,0.33768049469222655
0.22257771086226907,0.20477340421416773
0.3683071421850005,0.25542520211537295
0.3858724632226091,0.2607302125872426
0.18992503371914307,0.16674863644652713
0.3971644553182147,0.2629406336171883
0.3921457921646122,0.26161438099922085
0.4599291113829554,0.29278684357402984
0.5064772121326182,0.31336586336282407
0.3330824001756532,0.23131503473124043
0.3833631316458079,0.2567514547333404
0.33308240017565327,0.2405988030570123
0.4913898560271008,0.30385552688148276
0.41344374392271266,0.27398721271434184
0.5855525234465669,0.3306126734489752
0.16483171795113077,0.15967528915070095
0.14971299520090336,0.1366758583341162
0.15971895486339827,0.14020700592945443
0.13208494087387473,0.11411851172352055
0.2175590477086666,0.17294334138294992
0.4297857658166305,0.27973983344477543
0.379567767635896,0.25652488657777095
0.28035507041811736,0.20478445631931744
0.4536244157962423,0.2863710965346125
0.6181738339449829,0.34166477859870364
