0.13845236975000785,0.16298539464304462
0.5378438568426336,0.3363542420742591
0.15473165835450584,0.17889490000607872
0.2175590477086666,0.22378302507170056
0.20253442489256923,0.2120733196655633
0.39465512374141337,0.2967600753753572
0.49515385339230267,0.32551765297495044
0.23142310467049343,0.2372776454595189
0.17737837583513694,0.19725244665977754
0.19494369687274554,0.20366266764661997
0.37834446849220543,0.2910129806974984
0.35949311502148623,0.28282889683412454
0.2866911326495405,0.25740352893717433
0.21887644678648727,0.22865700344273077
0.477588532354694,0.32330723194500477
0.37834446849220543,0.2910129806974984
0.25529312129481513,0.2483352766618222
0.2740817414761143,0.252087466360155
0.6043725102725762,0.354264178469394
0.43863115962485494,0.3122440746901266
0.29293309494683356,0.2580611291935832
0.3168658448605753,0.27222440194296005
0.19748439509425675,0.20609965683213516
0.3620338132429974,0.2907919385945038
0.34067312819547696,0.28194472842214624
0.21254038455506413,0.2184780145998309
0.2967284589567454,0.2664662551599516
0.29547379316834477,0.2644768762330005
0.16357705216273016,0.1906211835699405
0.395941156174524,0.29676560142793207
0.5453718515730372,0.3394488315161831
0.2527837897180139,0.2476721503528385
0.39845048775132524,0.30229165400279623
0.5064458454879082,0.328833284519869
0.6169191681565823,0.3566956416023343
0.37335717198331303,0.29079746464707873
0.45494181487406293,0.3210857588099093
0.3155798124274647,0.2695663706544504
0.2201624792195979,0.22866252949530563
0.5114331419968006,0.33059609529125067
0.5654465041874471,0.35072197876890604
0.3181205106489759,0.27421378086991116
0.444904488566858,0.31445449572007234
0.5215332015934255,0.3352490315592863
0.3997365201844359,0.30229718005537104
0.5165145384398231,0.33303861052934064
0.487625858661899,0.3244124424599776
0.4273391675292494,0.31202303258713204
0.5076691446315987,0.32949088477627786
0.4072645149148395,0.3042865589823222
0.3419591606285876,0.2819502544747211
0.36077914745459677,0.2876973491525799
0.552931212948151,0.3443172838346385
0.41977980615413574,0.3049441592387311
0.42106583858724633,0.30627593790927327
0.38342586493522784,0.2965500853775123
0.47379316834478213,0.32197545327446253
0.5454032182177473,0.3412226943927145
0.5002038831906152,0.327733600057471
0.2452557949876102,0.2383883820270666
0.28665976600483045,0.25629279236962665
0.44615915435525866,0.31600179044103427
0.42862519996236004,0.3120285586397069
0.4512405507982812,0.3164549267521731
