0.18898255382593399,0.09832351559177868
0.34851364815115776,0.17303436000829775
0.32134453543997,0.1603563243987257
0.28460087195539885,0.1521239044538372
0.2608376142056656,0.14179907777295617
0.30382770048261387,0.15687224667204966
0.32702567110181524,0.1636688933765499
0.4282473979126773,0.1953381199700976
0.5068647055913963,0.21712027554650037
0.32080044657683315,0.16009661115046436
0.3151334430932512,0.15996484887356865
0.23708142254506398,0.1285999822502057
0.556617039167332,0.22770535994786134
0.6210951024936229,0.23894598890038937
0.4435172165261692,0.20095761773803372
0.22634096706495854,0.12711901781567547
0.6267479737989414,0.24147233999458795
0.6250521124073459,0.23959935556268208
0.5849025939613202,0.23445844887487538
0.47858621688653985,0.20792849555247866
0.609217006663322,0.23541726445178995
0.558885253778591,0.22770590442007987
0.488768451325245,0.21254616443823263
0.5702121946566234,0.23328293335496703
0.5605881812593183,0.2289260666619116
0.3462454335398987,0.17050746444188059
0.32249630796842865,0.16305854001952477
0.35926116972039485,0.17756491333907934
0.3700086912896319,0.17952555779817617
0.3388967008429844,0.16985409777958782
0.2885578818691219,0.15364842666585357
0.4045053384303389,0.18863022223722545
0.4259862493905498,0.19533811997009756
0.39941068816642045,0.1883247733226036
0.4350449756573229,0.19930296666577735
0.4904643127168406,0.2128946266581221
0.4327767610460638,0.19708097554176346
0.4814197186283307,0.20997625556654784
0.39883833494675697,0.18823711329541262
0.41184700503812155,0.19119958663669165
0.36830576380890473,0.17773914444902406
0.27159926795316597,0.14589514227331307
0.29308724500250843,0.15421522224539255
0.5209968838546929,0.223000575507135
0.42486980730774937,0.19499074669464528
0.41582521321923954,0.19337910892765653
0.32872859858254255,0.167371848935094
0.3830173613809964,0.185319286676057
0.5515435871708085,0.22443961558083478
0.41299171147744856,0.19329144890046557
0.4124122921686534,0.19185295329898439
0.3745168561556235,0.18161524217307576
0.3773503578974145,0.1846648310693271
0.3943301700807654,0.1877590666875018
0.5690745543064281,0.2306689222335775
0.24443722133110987,0.1326949578061254
0.4836667349721949,0.21028007106451396
0.5436225012542307,0.2242212822211853
0.4293921043520043,0.19560055557945183
0.504038269938737,0.21498594444967742
0.5040453360278686,0.21664168446637094
0.28178150239187116,0.15042569560409466
0.24500957455077338,0.13709483780444845
0.30892941683566394,0.15970459115308872
0.35529709371754015,0.17560426887998254
0.2540541686392832,0.14018744000596742
0.41016527582478923,0.18980682670157095
0.5147787254188424,0.21929816442080952
0.506871771680528,0.21742572446112224
0.6414595713710333,0.24504516669289209
0.5532323824732724,0.22548445776828457
0.5707704156980236,0.23384863999006883
0.45766352696772916,0.20692612219807788
0.516474586810438,0.21955951108572663
0.44805364574868745,0.20553227331852003
0.44013962592124134,0.20069736001755378
0.5277944615993386,0.22361147333637874
0.614318723016372,0.23872874448517697
0.39941775425555215,0.18863022223722542
0.44466192296549634,0.20265746000443202
0.47067219705909374,0.20744936000013064
0.5012259664643409,0.21389808895696
0.39206902155863793,0.1863216600304578
