0.5141993061100473,0.20095925115468943
0.42255213007256875,0.17447067772090463
0.4779785332212181,0.1903714443922356
0.5990065078680902,0.2128080555753683
0.5956006529066357,0.2124585044110417
0.3253015453536931,0.1474196644853295
0.45140297199708873,0.18414213773949292
0.5334261346372623,0.21215414444085698
0.2721221585489079,0.11757932007398288
0.2336473032270829,0.09331491565308626
0.2121451939994771,0.09218078002178978
0.2551494124546887,0.10786484675012699
0.3575441100614043,0.16083709336772944
0.2613534387122759,0.11217597777682191
0.26759279541552133,0.11418126895784206
0.606383504921531,0.21842918675996015
0.39146133789331616,0.1697228799749107
0.2902184128150592,0.12642209337589655
0.28511669646200916,0.11844993115148796
0.40955759215946747,0.17163996665652131
0.42538563181435973,0.17455833774809557
0.45762113043293934,0.188454357710625
0.3914825361607111,0.17068278449626245
0.28739197716239995,0.12581228449108997
0.43161792242847347,0.18309675107982454
0.5006112167098875,0.19255096668320046
0.43275556277866883,0.18366354665936346
0.3309473505698801,0.1507295111020608
0.2992700729927007,0.1403175688662074
0.3552617632718819,0.15225457778629575
0.5107934511485928,0.19333555115017032
0.3750821432861554,0.16358232229379613
0.29079076603472276,0.12903610449728606
