0.0010038513141765039,0.017054081582424906
0.8909083889151653,0.43808618672401833
9.652416482466385e-06,0.00606207473655912
2.8957249447399156e-05,0.011749292884161742
0.006804953620138801,0.025766657453019863
0.0658101755774558,0.0901851943006653
0.6803505757666435,0.4047125910163156
0.632059536104864,0.3975070143619296
0.5799075298500982,0.3876509365735078
0.6359205026978506,0.39826430040022553
0.0019787453789056088,0.017057868012616384
0.6040482234727466,0.39371301131006686
0.5702454609511494,0.38613257806672435
0.5634887694134229,0.38348207693268854
0.7672802386077358,0.4206383164016796
0.5383731817260452,0.3781735018042339
0.7354079593826317,0.4179802424072608
0.7392689259756182,0.4194948144838527
0.5827936023783556,0.38802579316246427
0.5692802193029026,0.38537529202842846
0.5345025627165763,0.37627650027830256
0.5460951149120183,0.3796880738808258
0.560593044468683,0.38348207693268854
0.3354986920975667,0.28609509240782877
0.7807936216831887,0.42253153149741945
0.07548189689288713,0.09360055433338006
0.532572079420083,0.3758978572591546
0.5547919421627207,0.3823423614450531
0.5837684964430847,0.38802957959265577
0.5779770465536049,0.38727229355435977
0.5509213231532516,0.38044535991912176
0.5596278028204363,0.38310343391354057
0.5692802193029026,0.38499664900928043
0.5538170480979915,0.3815812889765657
0.6079188424822156,0.39409544075940633
0.5374079400777986,0.37665892972764203
0.5518865648014983,0.38044535991912176
0.41183000164091094,0.32815475897478613
0.5489908398567583,0.3800667168999738
0.7576085172923044,0.4202521005221486
0.568314977654656,0.38499664900928043
0.5354774567813053,0.37665892972764203
0.4572349687744328,0.3486166277295428
0.5065009025009412,0.3683212104460036
0.4495130355884597,0.34483019753806304
0.5586529087557072,0.38272100446420115
0.5354774567813053,0.37628028670849406
0.5547822897462381,0.3823385750148616
0.5403036650225386,0.3785521448233819
0.588594704684318,0.3891655086500997
0.5480255982085117,0.37968807388082587
0.14994063763863283,0.16029473572610478
0.6030829818244999,0.3933343682909189
0.5905348403972936,0.3903052241377351
0.2059825677358326,0.19856039924119934
0.5847337380913314,0.38840822261180374
0.47752434822057716,0.3577116330494772
0.4098802135114527,0.32738990007610713
0.5915000820455403,0.3906838671568831
0.588594704684318,0.3903014377075436
0.564444358645187,0.38385693352164507
0.3287226957268753,0.2800292312410781
0.4388760726247817,0.34179348052449626
0.4862115230547969,0.36187670626010493
0.6021177401762533,0.3929557252717709
0.7247709964189537,0.41456488237454603
0.2601326242024691,0.24554999791746332
0.6011524985280067,0.3929557252717709
0.5441742840320075,0.37931321729186934
0.6127450507234486,0.3952313698168503
0.2881439368345866,0.2595673624863215
0.13351222478547503,0.14968515832957846
0.23208270190442168,0.21561448082362425
0.5345122151330587,0.376280286708494
0.5856989797395781,0.3887868656309517
0.46978311020163904,0.35353898697846653
0.10353181919093446,0.12618657256125498
0.4910377312960301,0.3641485643749928
0.5151880773351609,0.37135035459918736
0.053204119651354714,0.06555067947489787
0.4147257265856508,0.33004797407052605
0.4668873852568992,0.35240305792102256
0.4176021466974258,0.33041904422929097
0.5296860068918254,0.3755230006701981
0.42244765977162396,0.3338344042620057
0.5943861545737977,0.3914373667649875
0.09868630611673633,0.11936342535620845
0.5238752521693807,0.3743794987523712
0.4968291811855099,0.3641485643749929
0.3847646258240751,0.31526575060298895
0.06482562909624424,0.08184747501902682
0.4069844885667128,0.3266326140378112
0.5731411858958892,0.3865112210858724
0.4707483518498858,0.3542962730167624
0.3325836623198619,0.282301089355966
0.2978156581500179,0.26639050969136807
0.4765398017393657,0.3546749160359104
0.23306724838563325,0.22470948614355868
0.5142228356869143,0.37059306856089136
0.5760369108406291,0.38726850712416827
0.25721759442476416,0.2319112763677532
0.2552871111282709,0.23115399032945724
0.5200142855763942,0.37248628365663133
0.08127334678236697,0.09511512640997195
0.44949373075549476,0.3444439816585321
0.085143965791836,0.0973907709550513
0.26011331936950416,0.234940420520937
0.21082808081003077,0.20689811852283785
0.316174554299669,0.27851465916448626
0.3490313800059846,0.29594738376605906
0.6059787067692398,0.39371301131006686
0.3673709713226707,0.2997338139575389
0.46688738525689916,0.35316034395931856
0.5065009025009412,0.36756392440770763
0.3422553836352932,0.2917747376950484
0.020337641528556674,0.03637623484954619
0.6117798090752021,0.3948527267977023
0.5219447688728874,0.3728649266757793
0.1953649096051196,0.1966671841454595
0.4031235219737262,0.3224675408271835
0.29878089979826455,0.26828372478710794
0.5296860068918254,0.3747657146319021
0.4234129014198706,0.3338344042620057
0.24851111475757953,0.23001048841163035
0.40601924691846614,0.3239821129037753
0.43501510603179516,0.34027890844790437
0.5180838022799008,0.37210764063748336
0.06384108261503267,0.07767482894801611
0.46399166031215927,0.35164577188272655
0.5344929103000937,0.37627271384811106
0.5789422882018516,0.3876509365735078
0.1450951245644347,0.15422887455935416
0.32389648748564215,0.2796505882219302
0.419571239659849,0.33157011900750083
0.5055356608526946,0.36718528138855966
0.3712319379156573,0.3057921022639065
0.03099390932519956,0.04888660020219537
0.14412988291618808,0.15309294550191022
0.5441646316155251,0.37893078784252987
0.11801044391463403,0.13338078992506658
0.5605833920522004,0.38347829050249704
0.4321193810870552,0.3372497642947205
0.48428103975830356,0.3599834911643651
0.45626972712618613,0.3478593416912468
0.39829731373249305,0.3198170396931476
0.1044970608391811,0.12732250161869893
0.4011737338442681,0.32094539589020854
0.5943958069902803,0.391441153195179
0.1576625708246059,0.16597438101332443
0.10351251435796954,0.12012071139450439
0.4755745600911189,0.3542962730167624
0.419551934826884,0.33042661708967397
0.13156243665601683,0.1447552262202718
0.3722164843968689,0.3076928902200293
0.49586393953726327,0.3641485643749928
0.040665630640630876,0.06328260779020148
0.6098493257787089,0.3948527267977023
0.448528489107248,0.34406533863938416
0.43306531790233693,0.3391354065300775
0.515188077335161,0.3717289976183354
0.12768216523006534,0.13944665109181714
0.16057760060231077,0.17052567010348307
0.15378229939865443,0.16407359305720154
0.5006901477784964,0.3667990655090287
0.29685041650177135,0.26071086440414837
0.2833177285933534,0.25691686135228564
0.4272738680128571,0.33610626237689356
0.1615428422505574,0.17317617123751894
0.4214824181233773,0.33231983218541383
0.46013069371917276,0.3508884858444306
0.35675331319195774,0.2989765279192429
0.44273703921776825,0.3433080526010882
0.44949373075549476,0.34444398165853213
0.3074680746324843,0.26979829686369977
0.5847433905078139,0.3884120090419952
0.33935965869055323,0.28988152259930855
0.4359803476800418,0.3414148375053483
0.5673497360064095,0.38461800599013246
0.18185152652966668,0.19439532603057158
0.5016553894267431,0.3667990655090287
0.45144351888495293,0.3467234126338029
0.1808476752154902,0.17469074331411086
0.509396627445681,0.36983578252259547
0.5209795272246409,0.37248628365663133
0.1692647754365305,0.17355481425666694
0.22629125201494188,0.2148571947853283
0.18183222169670174,0.18795082184467302
0.2929701450758198,0.2603246485246175
0.39152131736180157,0.3160230366412849
0.45528518064497453,0.347094482792568
0.329687937375122,0.28078651727937415
0.5702454609511494,0.3857539350475764
0.49007248964778344,0.36263399229840093
0.4137604849374042,0.32929068803223
0.5065009025009413,0.36756392440770763
0.08805899556954085,0.11481592269624122
0.33742917539406003,0.2872310214652727
0.48235055646181035,0.3596048481452171
0.48910724799953675,0.36225534927925296
0.2224302854219553,0.21296397968958838
0.3528923465989711,0.297840598861799
0.47653980173936555,0.3573254171699463
0.44466752251426156,0.3436866956202362
0.42051717647513065,0.33194118916626586
0.24754587310933285,0.22887455935418638
0.34710089670949135,0.29291823961287533
0.3934711054912598,0.3183024676165556
0.39250586384301317,0.3171665385591118
0.4659221436086525,0.35202441490187464
0.44080655592127493,0.34217212354364424
0.37607745098985546,0.3103433913540652
0.06579087074449089,0.08411933313391468
0.4282584144940687,0.33687112127557256
0.024237217787473092,0.04358559793412368
0.2717348288143937,0.25313043116080586
0.2098628391617841,0.19856797210158228
