0.11445688654684609,0.139085217256757
0.8543019353219786,0.4126635020805588
0.10194159530754995,0.12737551185061974
0.03400144286565666,0.050861787899050076
0.9510053009629561,0.42262697487303896
3.136664471001537e-05,0.022330778455026224
0.8593205984755812,0.41531600731649365
0.10696025846115242,0.13201739601350565
0.09817759794234812,0.12604925923265234
0.6659138671936262,0.37947403031592447
0.07044948401869451,0.07828206077552623
0.4964085191807032,0.33148578975580384
0.12333364699978044,0.1545747426241013
0.6068818418493773,0.36443211520714414
0.3770584360590948,0.27243991799337985
0.6885292180295473,0.3839003984283907
0.6470938803676171,0.3737269356380657
0.16103635394121896,0.16453268936400658
0.663404535616825,0.37571631456501686
0.6772058592892318,0.3805792408308973
0.6194598663780935,0.3664270201866701
0.5541545120918414,0.3478484314299767
0.6056271760609767,0.362442736280193
0.3569837834446849,0.2711136653754124
0.5805338602929644,0.3571377258083234
0.1823970389887394,0.20830455180950594
0.11831498384617799,0.1512591110791828
0.6646592014052257,0.3783688198009516
0.5905711866001693,0.3593481468382691
0.4072331482701296,0.2961024751189484
0.6458078479345064,0.3737214095854908
0.39089112637621154,0.29432861224241696
0.7199272293842727,0.39075822967379714
0.5604278410338446,0.3513851050778898
0.6973118785483516,0.3863318615613309
0.6269878611084971,0.3701847359375778
0.27662243969762557,0.25430341344267554
0.5541231454471315,0.3469587369654236
0.6496032119444182,0.374611104050044
0.22386374329537975,0.22489376163924826
0.5227565007371161,0.3381170528456408
0.51020984285311,0.3365697581246789
0.3808538000690067,0.2828344228866994
0.3783131018474954,0.2737661706113472
0.7337285530566795,0.39186344018877
0.2251184090837803,0.22644105636021022
0.5905711866001693,0.35868502052928536
0.6332611900505003,0.37151098855554515
0.2967598256014555,0.2664717812125265
0.696057212759951,0.3852266510463581
0.4147611430005333,0.29632351722194294
0.06668548665349268,0.07452434502461858
0.7186725635958721,0.38965301915882433
0.5491672155829491,0.34055956808373083
0.5503905147266397,0.34386967357607445
0.25278378971801385,0.2476721503528385
0.6608952040400238,0.37549527246202224
0.6282738935416078,0.37019026199015265
0.5717511997741601,0.3516116732334592
0.44239515699005677,0.3135703273080941
0.4674884727580691,0.31423345361707783
0.49386782095919207,0.3246279585103974
0.47128383676798097,0.3241858743044082
0.5026504814779963,0.3328065163211964
0.35572911765628434,0.2695663706544505
0.7136539004422697,0.38921093495283515
0.5943351839653712,0.36222169417719846
0.7437658793638845,0.39606324014566674
0.5792791945045638,0.3553693889843669
0.5340484928327216,0.33878017915462455
0.3808851667137167,0.29278684357402984
0.15476302499921585,0.16364852095202834
0.5767384962830525,0.3527113576958572
0.5918572190332799,0.35935367289084397
0.2376650669677865,0.2286514773901559
0.4311031648944513,0.3102546957631756
0.42482983595244816,0.3016340537463874
0.1786644082682476,0.18112189919374894
0.6671998996267369,0.37947955636849934
0.37834446849220543,0.2773083703118352
