0.0010038513141765039,0.017054081582424906
0.8909083889151653,0.43808618672401833
9.652416482466385e-06,0.00606207473655912
2.8957249447399156e-05,0.011749292884161742
0.006804953620138801,0.025766657453019863
0.11417843457109489,0.15005244205815196
0.031988108222893594,0.06707282441187273
0.8628970762830479,0.4369426848061914
0.010685225046090287,0.027667445409142708
0.6687676759876837,0.4035766619588717
0.8242584531037348,0.4278438930560655
0.5547822897462381,0.3823385750148616
0.6021177401762533,0.39257708225262294
0.6050134651209932,0.3933343682909189
0.5547919421627207,0.3823423614450531
0.5702454609511494,0.38613257806672435
0.588594704684318,0.3903014377075436
0.7267111321319296,0.4138113827664415
0.5403036650225386,0.3785521448233819
0.5731411858958892,0.3865112210858724
0.5383731817260452,0.3781735018042339
0.024198608121543227,0.03713352088784215
0.5238849045858631,0.3736259991442667
0.5702358085346668,0.38612879163653285
0.5943958069902803,0.391441153195179
0.5692802193029026,0.38537529202842846
0.5943958069902802,0.39106251017603105
0.5557571838109673,0.3823423614450531
0.568314977654656,0.38499664900928043
0.553826700514474,0.3815850754067572
0.549956081505005,0.3800667168999738
0.5760465632571117,0.38727229355435977
0.553826700514474,0.38196371842590515
0.5238849045858631,0.3743832851825627
0.5760465632571116,0.38689365053521185
0.5634887694134229,0.38348207693268854
0.5518962172179807,0.38082778936846123
0.5093869750291986,0.36983199609240397
0.5383635293095628,0.3781697153740424
0.7247806488354364,0.4126754537089976
0.5663748419416803,0.384235576540793
0.5818380131465914,0.3876509365735078
0.508421733380952,0.3690747100541081
0.49876931689848575,0.3652882798626283
0.753747550699318,0.4206307435412966
0.5287111128270964,0.3751405712208586
0.5345025627165763,0.37627650027830256
0.772106446848969,0.4236674605548634
0.7025607860927986,0.4088814506571348
0.7392689259756182,0.4194948144838527
0.5461047673285009,0.3796918603110173
0.012615708342583565,0.029939303524030573
0.49006283723130095,0.36263020586820943
0.540294012606056,0.3785483583931904
0.46786227932162827,0.3546787024661019
0.529676354475343,0.3755192142400066
0.5509213231532516,0.38044535991912176
0.48137566239708124,0.3596010617150256
0.5847337380913313,0.3891655086500997
0.5364330460130695,0.37665514329745053
0.532572079420083,0.3758978572591546
0.5316068377718364,0.3758978572591546
0.5489811874402758,0.3800629304697823
0.5460951149120183,0.3796880738808258
0.560593044468683,0.38348207693268854
0.500699800194979,0.36718149495836816
0.4929778670090058,0.3633950647668884
0.46303607108039513,0.35240684435121405
0.6919431279620855,0.4077455215996909
0.5885947046843178,0.38992279468839564
0.5441742840320075,0.37931321729186934
0.49587359195374575,0.36490963684348027
0.5605833920522004,0.38347829050249704
0.564444358645187,0.383856933521645
0.4630360710803951,0.35240684435121405
0.5335373210683296,0.3758978572591546
0.5750813216088649,0.3865150075160639
0.4678622793216283,0.35467870246610195
0.423422553836353,0.3361100488070851
0.5345025627165763,0.37627650027830256
0.3973224196677639,0.3247356125118799
0.5142131832704319,0.37134656816899586
0.5837684964430847,0.38802957959265577
0.4649665543768884,0.35316413038951
0.5828032547948381,0.38802957959265577
0.5605833920522005,0.38309964748334907
0.5586529087557072,0.38272100446420115
0.6455729191803169,0.3986429434193735
0.5856989797395781,0.3895441516692476
0.5528614588662274,0.3812064323876092
0.4707580042663682,0.35581463152354587
0.4668970376733817,0.3543000594469539
0.6137102923716954,0.39523136981685025
0.12674588083126612,0.1636911636078621
0.7672802386077358,0.42253153149741945
0.4765494541558481,0.35884377567672965
0.5992123628150309,0.3918160097841355
0.5837684964430847,0.38802957959265577
0.402167932741962,0.32739368650629863
0.4949083503054991,0.3645309938243323
0.7354079593826317,0.4179802424072608
0.4640013127286417,0.352785487370362
0.4359900000965243,0.34179726695468765
0.529676354475343,0.37514057122085864
0.5306415961235897,0.3755192142400066
0.6465574656615285,0.39940780231805245
0.4697927626181216,0.3554359885043979
0.6542793988475016,0.4016796604329403
0.4833061456935745,0.3603583477533216
0.5035955251397187,0.36756013797751613
0.6648970569782147,0.4028155894903842
0.5200046331599116,0.37248249722643983
0.4736537292111081,0.35732920360013776
0.5364330460130695,0.37665514329745053
0.5055260084362122,0.36869606703496005
0.28720765243578733,0.2709380123513352
0.24081813882105382,0.24554621148727188
0.5373982876613161,0.37665514329745053
0.42438779548459965,0.3364886918262331
0.26496848486018476,0.25804900397953817
0.4427466916342508,0.3452050541270195
0.5731315334794067,0.3865074346556809
0.4408162083377575,0.34406912506957554
0.10645650138512176,0.14778058394326413
0.6233723612706443,0.3971283713427816
0.5064912500844587,0.36869606703496005
0.4997345585467323,0.36680285193922013
0.5837684964430847,0.38878686563095166
0.4939238038242875,0.3645234209639493
0.48716711228656107,0.36225156284906146
0.5789422882018516,0.3876509365735078
0.235026688931574,0.24213842431494007
0.4069941409831952,0.3300441876403345
0.585698979739578,0.38954415166924766
0.13448711885020415,0.1716502398703526
0.6108145674269554,0.39409544075940633
0.5673400835899269,0.38423557654079304
0.5489908398567583,0.3800667168999738
0.611779809075202,0.3944740837785543
0.5692705668864202,0.38537150559823696
0.42921400372583285,0.33989647899856484
0.038764104593584994,0.08033290294243492
0.650418432254515,0.4016796604329403
0.4417814499860041,0.34406912506957554
0.48813235393480764,0.3622515628490615
0.5982471211667842,0.3918160097841355
0.49490835030549907,0.3645309938243323
0.4272835204293396,0.3387605499411209
0.18280711576143086,0.20461490111737546
0.550930975569734,0.38044914634931326
0.44757289987548393,0.3474769122419074
0.5055260084362121,0.36793878099666405
0.1325566355537109,0.1693783817554647
0.4379204833930176,0.34331183903127965
0.4311444870223261,0.34065376503686084
0.23402283761739745,0.2356863472686585
0.33743882781054246,0.2974581694124596
0.36834586538739983,0.3118541770004657
0.43790117856005256,0.3429256231517487
0.3557977239601935,0.305795888694098
0.44757289987548393,0.34634098318446344
0.46882752096987496,0.35505734548524986
0.5093869750291986,0.36945335307325605
0.5683053252381736,0.38423557654079304
0.12191967259003293,0.16028337643553028
0.45915579965444364,0.35126334243338714
0.4456424165789906,0.3459623401653155
0.29492958562176047,0.2758603716002589
0.6166060173164353,0.3956100128359983
0.5373982876613161,0.3770337863165985
0.24566365189525194,0.2523693586923184
0.5683053252381736,0.38499286257908893
0.4195615872433665,0.3353527627687891
0.4620515245991835,0.35164198545253517
0.27465951100858105,0.2667729391407075
0.04360961766778313,0.08677740712833348
0.4514338664684705,0.3489914843184993
0.45432959141321044,0.35088469941423917
0.42149207053985976,0.33573140578793703
0.04942037239022789,0.09625105546741589
0.4726884875628615,0.3569505605809898
0.5316068377718363,0.3755192142400066
0.2978446153994653,0.2762465874797898
0.30556654858543847,0.2830621618244535
0.6600708487369814,0.40205830345208826
0.4099091707609001,0.33156633257730933
0.351936757367207,0.30390267359835815
0.4504686248202239,0.34823419828020336
0.5460854624955359,0.3796842874506343
0.4746189708593548,0.35770784661928573
0.3548324823119469,0.30541724567495004
0.4958735919537457,0.36490963684348027
0.046524647445487975,0.09549376942911994
0.46979276261812153,0.3554359885043979
0.4726884875628615,0.3565719175618418
0.49006283723130095,0.3626302058682095
0.38187855329581766,0.3175413951480683
0.4031331743902087,0.32777232952544666
0.5045607667879654,0.36756013797751613
0.21761372959720462,0.2296280589622909
0.1383480854431907,0.1735434549660925
0.5209891796411233,0.3728687131059708
0.46496655437688833,0.35316413038951
0.4668777328404167,0.353913843567423
0.36062393220142674,0.3080677468089859
0.17798090752019766,0.20044982790674773
0.14705456511037537,0.18377438934347085
0.6784297448866325,0.4058523065039511
0.5702358085346668,0.3857501486173849
0.18861787048387563,0.20765161813094227
0.4611055877839018,0.3512709152937701
0.3471105491259738,0.3008735294451743
0.4253530371328463,0.338381906921973
0.5287111128270964,0.3743832851825627
0.7479561008098381,0.4194948144838527
0.550911670736769,0.38044157348893026
0.05812685205741257,0.1072392758830902
0.5847337380913313,0.3887868656309517
0.40988986592793514,0.33042283065948247
0.1402978735726489,0.17620152896051128
0.5663748419416802,0.38385693352164507
0.4147160741691683,0.33269468877437036
0.48234090404532787,0.3599797047341736
0.5229196629376165,0.3728687131059708
0.31039275682667167,0.2830621618244535
0.22340517948668448,0.2311426310388828
0.31328848177141155,0.2857126629584893
0.28431192749104744,0.2705593693321872
0.35097151571896035,0.3035240305792101
0.3442148241812339,0.2997376003877304
0.3731913784615979,0.31337632193744047
0.4775146958040947,0.3592224186958776
0.46786227932162827,0.35467870246610195
0.6436617407167886,0.3978932302414605
0.4852366289900678,0.3618729198299135
0.5354678043648229,0.37627650027830256
0.35000627407071366,0.3027667445409142
0.553826700514474,0.3815850754067572
0.5837684964430847,0.3884082226118037
0.2843119274910474,0.2705593693321872
0.13931332709143732,0.17543667006183233
0.6446076775320703,0.39826430040022553
0.4050636576867019,0.3296655446211865
0.32778641132807607,0.2917785241252399
0.3886545496665091,0.3243645423531148
0.2156832463007113,0.2258416287708111
0.4804104207488346,0.35960106171502565
0.6137102923716954,0.39523136981685025
0.17122421598247117,0.19742068375356395
0.564444358645187,0.38385693352164507
0.4224573121881064,0.33573140578793714
0.42921400372583285,0.3391391929602689
0.3345431028658026,0.2951863112975717
0.17894614916844429,0.20234304300248762
0.19149429059565057,0.21105183244289108
0.5180741498634184,0.37210385420729186
0.3046013069371918,0.2819262327670095
0.1219293250065154,0.1633163070189056
0.13159139390546423,0.16899973873631677
0.26884875628613625,0.25843521985906903
0.5151784249186785,0.3717252111881439
0.38670476153705086,0.31943461024380815
0.15381125664810183,0.18566760443921074
0.41570062065037994,0.3327022616347533
0.3586934489049334,0.3069318177515419
0.7701759635524758,0.4236674605548634
0.23500738409860902,0.2375871352247814
0.34614530747772715,0.30011624340687837
0.14319359851738883,0.180366602171139
0.34226503605177566,0.2997300275273474
0.604057875889229,0.3929595117019624
0.3355083445140492,0.29632224035501564
0.444677174930744,0.34558369714616755
0.18475690389088906,0.2072729751117943
0.06683333172459724,0.1197420683753564
0.3326126195693093,0.29405038224012775
0.3973417245007288,0.3270150434871507
0.29010337738052727,0.273967156504519
0.505526008436212,0.3679387809966641
0.4330749703188194,0.34178969409430476
0.14995029005511532,0.18415303236261882
0.4572253163579503,0.3512633424333872
0.07167884479879537,0.12391471444636713
0.44274669163425073,0.3452050541270195
0.1818418741131842,0.20423625809822754
0.2504898601364851,0.25426257378805833
0.2011853167440468,0.22242626873809637
0.33745813264350744,0.2993589573685824
0.370295653516858,0.3126190358991445
0.3654694452756248,0.3103471777842567
0.37319137846159794,0.31640546609062437
0.42438779548459965,0.338003263902825
0.3886352448335441,0.32094918232040004
0.6591056070887349,0.4016796604329403
0.29784461539946533,0.2796543746521216
0.11805870599704638,0.1591474473780864
0.3876700031852975,0.32057053930125207
0.42438779548459965,0.3364886918262331
0.16058725301879323,0.1917334656059613
0.465931796025135,0.353542773408658
0.09196822424493974,0.1349029348620414
0.47268848756286147,0.3569505605809898
0.40120269109371537,0.32701504348715066
0.32778641132807607,0.2921571671443879
0.0842269862260017,0.12959435973358677
0.3258559280315828,0.29177852412523986
0.44950338317197724,0.3478555552610554
0.4823409040453279,0.36035834775332154
0.37705234505458446,0.31716275212892026
0.412785590872675,0.3319374027360744
0.43017924537407953,0.3402751220177128
0.36836517022036475,0.3122403928799966
0.44371193328249736,0.3455836971461675
0.2842926226580825,0.26752265231862044
0.2698139979343829,0.26411486514628874
0.6455922240132819,0.3990291592989044
0.45336434976496376,0.3489914843184993
0.31909923649385635,0.28988530902950005
0.2079420082817733,0.22318355477639235
0.49102807887954764,0.3633874919065054
0.3838283414252759,0.3190635400850431
0.19827028696634194,0.21787497964793764
0.33357786121755595,0.29442902525927567
0.4784799374523413,0.3592224186958777
0.02520245943571973,0.047372028125603455
0.38284379494406434,0.3186773242055122
0.4176311039468732,0.33497411974964114
0.23112711267265754,0.23530770424951053
0.23018117585737582,0.23342206201415364
0.34612600264476223,0.30010867054649537
0.4456424165789907,0.3459623401653154
0.16543276609299135,0.19514882563867603
0.2949295856217605,0.2754817285811109
0.36643468692387154,0.31110446382255263
0.2707792395826295,0.2648721511845846
0.34711054912597383,0.3012521724643223
0.3297168946245694,0.29253581016353586
0.47075800426636816,0.35581463152354587
0.16639800774123797,0.19666339771526795
0.023233366473296588,0.032968447677214394
