0.5865843231746524,0.21986550447256703
0.4576423287003342,0.18815108668487743
0.2653316468933939,0.11574934894734465
0.21157284077981361,0.08577724225910234
0.35131888553642215,0.1653229999765877
0.5741268080355565,0.2143755910926523
0.27099158428784414,0.12498414224663394
0.549826527511818,0.2100203578162526
0.298139498731637,0.13517775112283784
0.4536711866083479,0.186407686640993
0.2562870528048841,0.11540088672745517
0.27099865037697585,0.12920979113501224
0.449148889564093,0.18497027998394897
0.5057270652412009,0.20387816671848227
0.3185251658764423,0.15221156448102816
0.40390472085414886,0.174427664415637
0.4191816055567725,0.17773914444902406
0.5430360158563039,0.2067965378100565
0.22459564304944143,0.10159034890324238
0.4977847810572283,0.19738587998416673
0.47065099879169875,0.1925074089057143
0.6493453268419529,0.22696651114725197
0.5328537814175988,0.20596839556560048
0.5582987683806644,0.21097808444873006
0.4423725100868422,0.18257514669442745
0.3914825361607111,0.17229442226325123
0.3439630867503763,0.1527342578108623
0.42824033182354565,0.18091995114995255
0.34680365458129886,0.15308380897518895
0.43954607443418287,0.18144264447978675
0.2721362907271712,0.1327820733610978
0.4740497876640216,0.19529565113704855
0.4649981274863801,0.18819518893458223
0.6131457522205186,0.2232624666442707
0.5249326955010211,0.20405130888398987
0.41464517633425424,0.17490679996798503
0.6125875311791182,0.22091089113223544
0.49043604836031407,0.19612270443706742
0.4412419358257785,0.1819653378096209
0.31738045943711535,0.14341180448438207
0.3015453536930915,0.14297568223730167
0.26816514863518487,0.12350317781210372
0.23140735297235038,0.11056542895427032
0.39032369754312085,0.16619415552631137
