0.9467771836890978,0.25213065413143215
0.8584406962682597,0.24710240567289254
0.8927720434905968,0.2502449034526367
0.9332765873048666,0.2521085244199792
0.6721264059104018,0.22616376096730004
0.716101823310497,0.23190835054817513
0.6914145462659185,0.22874388056382106
0.7442599739409012,0.2351720498436706
0.7728065318535288,0.23840275145554052
0.7778200159219436,0.23885479609518492
0.9332765873048666,0.25213057537801065
0.7022155743056185,0.23016624611027017
0.8295112403965608,0.24416947074786857
0.8171676018742715,0.24291248738665522
0.9001021979444713,0.2507521542407813
0.7164874759311443,0.23199655438030084
0.8858275416573694,0.2496384233533507
0.7512044757741284,0.2361974981455539
0.8545841700617868,0.2469370234876568
0.6844700444326911,0.22781766157307923
0.679070907743629,0.22708997995804187
0.6898719357833293,0.22851234550449098
0.8248834089487933,0.24344178913283124
0.7924803248296928,0.24044262258029137
0.694885419851744,0.2291518232874026
0.6987419460582168,0.22964796984310992
0.7056864478914441,0.23057418883385175
0.8777288366237764,0.2487122831160304
0.8541957627795635,0.24637464530443365
0.7550610019806013,0.23648416059996255
0.7269028513501972,0.23333071609462422
0.7299908269769515,0.23370566113458016
0.849570685993372,0.24604395968738366
0.7276741565914917,0.23339686896871853
0.7986507667600494,0.2408395398248572
0.8167819492536241,0.24281325807551377
0.7145592128279078,0.23167681548884506
0.6945025218926728,0.229118825603777
0.7488905600502447,0.2356351987157523
0.9089749628809353,0.251215303112863
0.8167819492536242,0.2428353090335452
0.7041438374088549,0.23034265377452168
0.7411747529757229,0.23500666765843484
0.709542974097917,0.231070335389559
0.7600799953721682,0.23684815891432434
0.7269028513501972,0.233066104598247
0.832210808741092,0.24426870005901005
0.7604628933312394,0.2368591056399185
0.8626828750953799,0.24734496621123833
0.730762132218246,0.23377181400867447
0.7990391740422728,0.24114833199071886
0.8098374474203969,0.24269189905291932
0.8430118367807921,0.24562491273136486
0.863842587618898,0.24757658002398997
0.8252690615694406,0.24354101844397266
0.7550610019806013,0.23641800772586824
0.8268116720520298,0.2436953751501927
0.7018299216849714,0.23007804227814443
0.7496618652915393,0.23584468281705093
0.7785940758248142,0.23920769017710944
0.7527470862567177,0.2363187784147268
0.7238176303850189,0.23290072241301124
0.787464086099702,0.2401007539773826
0.7299880723153753,0.23349609827985998
0.762391156434476,0.23689218207696566
0.8356816823269174,0.24495227975798453
0.7199583495169699,0.2324044971038824
0.7184184936959567,0.23211791340289528
0.8804256503067314,0.24920835091831617
0.7126309497246714,0.23150040782459355
0.8410835736775556,0.24543747958809767
0.8009646824839332,0.24160029787694173
0.713402254965966,0.23156656069868786
0.8048239633519821,0.24210754866508627
0.7446483812231245,0.23535956174035935
0.6971993355756277,0.22941643478377985
0.8260403668107352,0.24358512036003555
0.8665421559634288,0.24805067562166583
0.7654763773996544,0.23787344970936453
0.7735778370948234,0.2386453119938863
0.836455742229788,0.245150817133689
0.7843761104729476,0.2394611974410494
0.7087744235181986,0.23094913387380767
0.8526531522969745,0.24624233955624503
0.6952710724723914,0.22924002711952834
0.7380895320105446,0.2347310306830419
0.9093606155015825,0.2514137617351459
0.6829274339501019,0.22758612651374915
0.7261315461089026,0.23296687528710555
0.815239338771035,0.24275813068043517
0.7091573214772697,0.2309821315574333
0.7438743213202539,0.23513897340662346
0.729602419694728,0.23346302184281284
0.8646138928601924,0.24763170741906856
0.7681787004057613,0.23818224187522616
0.7539040441186595,0.23640698224685253
0.8974026295999404,0.25039933891227834
0.8175532544949188,0.2432983791522053
0.8742579630379507,0.24839254422457463
0.7650907247790071,0.23749858342283015
0.7936372826916346,0.24070723407666858
0.7627768090551232,0.23714576809432716
0.820638475460097,0.24341965942137822
0.7373182267692501,0.23440026631257038
0.7157189253514258,0.2318753528645495
0.7863071282377601,0.2399353717921468
0.736161268907308,0.23423488412733462
0.7350015563837903,0.23384891360836296
0.7566063671247666,0.23656141770649414
0.8341390718443283,0.2449412542789688
0.9197759909206354,0.25210844566655766
0.7859214756171129,0.2394833271525024
0.712242542442448,0.23108136086857475
0.8908437803873602,0.24982593525003946
0.7056864478914443,0.23057418883385172
0.7176471884546621,0.232051760528801
0.8302825456378553,0.24423562362196288
0.8437831420220866,0.2459777280598678
0.8912294330080077,0.2499251645611809
0.8511132964759612,0.24613216351950942
