0.49286203801121614,0.2959511701962507
0.556625901294389,0.31793518388798225
0.48321927394523223,0.2929258124732583
0.4696865860368144,0.29102502451713547
0.3180278182643025,0.22623163108053357
0.4445806507659193,0.28609887883802027
0.4117141726431213,0.2713128689402917
0.40689761681837056,0.26866615423644735
0.3692049304543393,0.24214221074513156
0.34506423683169085,0.2372160650660164
0.4252372081350567,0.27888951575344273
0.5334214920705399,0.3023956743821492
0.3914344456134593,0.2686585813760644
0.43200355208926555,0.2800292312410782
0.46581596702734535,0.2883707369529081
0.4435864518682252,0.2804078742602262
0.5083252092161272,0.30201703136300123
0.45422341483190315,0.2872310214652728
0.3257207942008283,0.22962805896229088
0.3692242352873042,0.24555757077784632
0.3808264398992288,0.2618467934615923
0.36728409957432845,0.2413887111370271
0.3711740234167624,0.25162343194459696
0.3392824393586935,0.2304042771515443
0.3614733448518837,0.2387306371426083
0.3556915473788863,0.23835578055365178
0.314147546838351,0.21486476764571125
0.3209235432090424,0.2273675601379775
0.26866536037296934,0.17051809724310013
0.31507417882066774,0.21825740909727714
0.3653246590283878,0.24137735184645265
0.36917597320489187,0.24175220843540915
0.29287362091099506,0.21371369286750141
0.34502562716576096,0.23227856009632675
