0.49386674600092006,0.1594901692497658
0.4487398800620351,0.15115474960704015
0.36501469611950826,0.13386569596249323
0.27396486704625905,0.10524252864321006
0.609978486093091,0.17471722205810888
0.5038992234609018,0.16106697025585648
0.5471088449428546,0.169766545719787
0.5243415670167844,0.16555441896867515
0.4633864156619039,0.1551457367504653
0.26778065180802213,0.09495536295443777
0.2897848884775261,0.11208958737223539
0.600714559212828,0.1737467436444611
0.5066015464670088,0.16501417049690498
0.31756565047201113,0.12084421147782291
0.3715790546552404,0.1340754163240565
0.3954977811201006,0.1425321949893766
0.47419846234790825,0.15662354470567919
0.48114296418113556,0.15834359818555271
0.28785111605113756,0.11054586280319181
0.4776693359337339,0.1571307167404022
0.5660030686929958,0.17197156276950898
0.2801408182997678,0.10914570572161722
0.3032882395233334,0.11298280867935159
0.3086901308739715,0.11694103439941579
0.3611581699130354,0.13242135821143422
0.3380107486894698,0.12840784758944837
0.4788235391340998,0.15754960618957795
0.2697116695728346,0.09778898981489875
0.35498772798267875,0.12995165091191344
0.37813514920624425,0.13497950560334537
0.31408926756303357,0.11891459514322925
0.32335594910487275,0.12620275178630483
0.4136289636136753,0.14622588796648506
0.41246925109015736,0.14598324867471776
0.4896245671738,0.158740436676697
0.34610945372306284,0.12955449740708297
0.4136344729368274,0.15077956830681957
0.37852355648846764,0.1377910815057749
0.40899562284275565,0.14447267929614288
0.34264408946038943,0.12941132368672176
0.33223146870291254,0.12759211964912834
0.3796694957041053,0.13841921879598465
0.5023593676398886,0.16090166682404228
0.4441120486142675,0.1511437241280244
0.45490756733081555,0.15330463926168356
