0.1735830118252251,0.1775741734406861
0.19368903108434493,0.20012599399870692
0.2577710862269063,0.23904598228347546
0.22135441171857848,0.2149468670044927
0.39590978952981404,0.29432861224241696
0.3117844484175528,0.2680135498809136
0.36830714218500055,0.2852658860196396
0.4423951569900567,0.3157807483380397
0.5478811831498385,0.3392277894131885
0.30300178789874854,0.2629295815120386
0.31178444841755276,0.2669083393659407
0.18365170477714,0.18664242571603826
0.37329443869389295,0.2881339073059942
0.3770898027038048,0.29344444383043866
0.27034911075562246,0.2454617293228928
0.2904551300147424,0.25121435005332643
0.2992064238888366,0.25850321339957233
0.324362472946269,0.27067158116942325
0.3482011229258806,0.27840805477423314
0.45368714908566227,0.3168859588530126
0.42859383331765,0.30716010632125157
0.37081647376180177,0.28725526494659076
0.4737931683447822,0.3226385795834462
0.49261315517079135,0.3261752532313593
0.4084878140585302,0.30140748559081804
0.36328847903139805,0.2848238018136505
0.41849377372102514,0.30560175949513996
0.22006837928546785,0.20212089897823288
0.22888240644898214,0.2184835406524058
0.232677770458894,0.222909908764872
0.6383112198488128,0.36599046203325586
0.5855525234465669,0.3522747995424429
0.6056585427056869,0.35802742027287654
0.526551864747028,0.3363542420742591
0.618205200589693,0.36023784130282227
0.493899187603902,0.32706494769591243
0.5742605313509614,0.35116958902747003
0.5729744989178508,0.35116406297489516
0.601863178695775,0.3536010521604103
0.5177378375835138,0.33458037919772776
0.5114958752862206,0.3334806947353298
0.6332298234057904,0.3615585678682148
0.48637119287349834,0.32595973718093957
0.29544242652363484,0.25607175026663204
0.12584297857658167,0.13357574283961737
0.10448229352906119,0.11058183807560744
0.1660550170948214,0.1651958156729903
0.14218500047049967,0.15015942661678483
0.5076691446315988,0.3279435900553158
0.5917944857438601,0.3527113576958572
0.1861296697092312,0.19127878382634933
0.17355164518051502,0.16784279485635026
0.3331451334650733,0.2746503390233255
0.2716037765440231,0.2474511082498439
0.23891973275618708,0.22754626687518306
0.3620024465982874,0.279513265289206
0.2615978168815282,0.24414100275750025
0.2929644615915436,0.2551931079072286
0.291709795803143,0.2525406026712938
0.26031178444841757,0.24413547670492539
0.22009974593017784,0.21052602494460135
0.40099118597283645,0.29699216958350144
0.09940089708603869,0.10283431236564787
0.08685423920203256,0.0915611651129249
0.11580565226937674,0.12561822713181295
0.14594899783570153,0.16054840545752952
0.10950095668266364,0.1240654063582761
0.5114331419968006,0.32860671636429956
0.2828957686396287,0.24921944507380045
0.6696464979141182,0.36930056752559953
0.552868479658731,0.34872707378938006
0.46626517361437847,0.3202071164505059
0.5491358489382392,0.3447538419880527
0.5013958156895957,0.32772254795232125
0.43361249647125244,0.3111388641751538
0.49888648411279446,0.3272804637463322
0.48132116307518585,0.32595421112836476
0.4135064772121327,0.3053862434447202
0.25149775728490326,0.23329888760561668
0.3419277939838776,0.2759765916412929
0.5378124901979235,0.33855913705163
0.4750478341331828,0.323743790098419
0.45494181487406293,0.3179911693679854
0.5327938270443211,0.3367908002276734
0.6056271760609768,0.354264178469394
0.549104482293529,0.34253789490553216
