0.3645117781750887,0.2784080547742332
0.2967598256014555,0.24856737086996644
0.46372447539286715,0.3104757378661701
0.31303911420595343,0.25055122374434274
0.32806373702205077,0.257619044987594
0.7149085662306702,0.3763904929791502
0.43988582541325555,0.3080442747332298
0.26529908095731003,0.24435099275534508
0.35576048430099433,0.27310857035493835
0.12587434522129168,0.14507545824790977
0.09943226373074872,0.13378573283746223
0.2753364072645149,0.24589828747630707
0.232677770458894,0.22666762451577965
0.16354568551802015,0.16961665773288168
0.6584172391079327,0.3613541039229448
0.3620338132429975,0.27509794928188946
0.1322104074527148,0.1643171733135869
0.314262413349644,0.2565138344726212
0.49888648411279446,0.33015401108526155
0.38082243342429667,0.281060560010168
0.16985038110473322,0.1850951309950763
0.21501834948715537,0.21515685700233758
0.2226090775069791,0.21538895121048185
0.21125435212195354,0.20145224661667432
0.17110504689313386,0.19968390979271783
0.48132116307518585,0.32507004271638645
0.6195225996675136,0.35582805134808065
0.4738245349894922,0.31159200048629265
0.5742918979956715,0.3445438519902079
0.542862519996236,0.3332596526323352
0.6483485461560178,0.359801283149408
0.4159844421442238,0.28725526494659076
0.4385997929801449,0.30118644348782336
0.40845644741382015,0.28703422284359614
0.26529908095731,0.2290990876487199
0.34443712556067885,0.27266096009637436
0.4235124368746276,0.29454965434541147
0.2527524230733038,0.22799387713374708
0.308020451052351,0.24988809743535903
0.3331137668203632,0.2622664552030548
0.5190552366613344,0.3314968418609536
0.6345472224836111,0.3562646095014949
0.6169505348012924,0.3525013676980124
0.6483799128007278,0.36113306181995025
0.4373764938364543,0.30008675902542536
0.3833944982905179,0.28571349627820364
0.5767384962830526,0.3449748840910473
0.6810325899438537,0.3655594299324164
0.5491358489382391,0.34232237885511246
0.412251811423732,0.28703974889617107
