0.5189718245962877,0.330805260108822
0.3634713950637542,0.27737873010704234
0.6522716962191485,0.35772677877024317
0.5730832713969942,0.34559505643674193
0.5605254775533056,0.33688248056614695
0.5402457505236437,0.3330922639444757
0.34415690968233903,0.27434579952366706
0.3499580119883013,0.2747282289730065
0.30648352815127267,0.2557809322948418
0.36638642484145906,0.2815513761780531
0.3393307014411059,0.26563701008326357
0.3403055955058349,0.26866994066663885
0.2861941487051284,0.2428994967834275
0.31711083869846823,0.2607070779739569
0.28328877134390595,0.23873063714260828
0.2485304195905445,0.22963941825286535
0.2755571857414504,0.2338044914634931
0.18376270499319503,0.18530032071063718
0.18475690389088908,0.18758353811609949
0.14122450555496568,0.14589494170790718
0.20598256773583268,0.19401668301142364
0.20793235586529085,0.20462626040794996
0.21855966641248634,0.2072805479721773
0.2330672483856333,0.218651197837191
0.269775388268453,0.23002184770220477
0.19633015125336625,0.19174482489653577
0.14896574357390374,0.15574723306613755
0.16058725301879323,0.17128674257197055
0.3055279389195085,0.2527555745718494
0.33740987056109495,0.2652621534943071
0.36349069989671917,0.27814358900572134
0.40405980637252537,0.2982230283111385
0.430150288124632,0.31035096421444824
0.42820049999517384,0.3084501762583254
0.3769944305556896,0.2879845210733772
0.4340209071341011,0.31830625404674723
0.38764104593585,0.29216095357457944
0.3886159400005792,0.2944365981196588
0.41759249428094325,0.3023956743821492
0.38473566857462765,0.28950666601035213
0.4658835339427226,0.32588290085989835
0.4610476732850069,0.3194421831041912
0.49390449899132255,0.3266515461887687
0.4079304253819944,0.3016346019136618
0.41854808351270745,0.30504238908599357
0.1595930541210992,0.1580228776112169
0.24078918157160642,0.22092305595207892
0.37314311637918557,0.28306594825464504
0.33351994671866103,0.2622216500505488
