0.2363163012452558,0.1901735733113765
0.16470625137229072,0.12229706953431957
0.3293497694551614,0.24524621327247306
0.32056710893635715,0.22756284503290766
0.6545905084533108,0.35205928349202326
0.6344531225494809,0.3299440210874167
0.5051284464100876,0.310033653660181
0.5013330824001757,0.29742872773691575
0.542862519996236,0.3142500317748024
0.48881779116087953,0.29235028542061553
0.2852796336375898,0.21847248854725604
0.7751638907186098,0.3578284823801814
0.35946174837677614,0.26381374992401685
0.4210031052978263,0.2834975491956831
0.3581757159436655,0.2571769607816049
0.5691791349079389,0.31667596885516774
0.3280951036667608,0.24104641331557627
0.5567265769580628,0.31492421018893585
0.35447445186788373,0.2547565497538144
0.30409962046359895,0.22134603588618545
0.3644490448856686,0.2657976027983931
0.2526896897838838,0.2158255093638961
0.28788306514852113,0.22069948773492631
0.3267777045889402,0.23418305601759495
0.24516169505348012,0.20587861472914054
0.4523697500078417,0.29211819121247123
0.31172171512813274,0.22578345610380138
0.2514036573507732,0.20786246760351682
0.4348357956149432,0.287039748896171
0.17606097675731627,0.1890628367438288
0.5767384962830527,0.31800774752571
0.5955898497537718,0.3228761998441654
0.2865970327154105,0.2184835406524058
0.30798908440764095,0.22512585584739256
0.1660236504501114,0.1483910897928283
