0.17988770741193819,0.14663380507402146
0.24271509676609893,0.24125640331342116
0.2213857783632885,0.22821491923674164
0.2967598256014555,0.26647178121252646
0.33317650010978334,0.2779714966208189
0.24776512656441144,0.24369339249893626
0.3783758351369155,0.2945551803979864
0.3582698158777956,0.28681318074060164
0.42228913773093696,0.3100281276076061
0.3205671089363571,0.27530793927973435
0.4235751701640475,0.31003365366018093
0.29296446159154355,0.26204541310006024
0.38715849565571975,0.29853393825188856
0.4059784824817289,0.30428103292974734
0.3419591606285876,0.283055464989694
0.32185314136946774,0.2753134653323092
0.3858724632226091,0.2985284121993137
0.39719582196292463,0.3003022750758451
0.36077914745459677,0.2888025596675527
0.4423951569900567,0.3157807483380397
0.2464790941313008,0.2436878664463614
0.27285844233242373,0.25430341344267554
0.27536777390922496,0.2587242555025669
0.26787114582353133,0.25143539215632105
0.31307048085066347,0.2702294969634342
0.2766538063423356,0.25872978155514176
0.2954737931683448,0.2664662551599516
0.2916784291584329,0.2620398870474854
0.34067312819547696,0.2830499389371191
0.2665851133904207,0.2514298661037462
0.3318904676766727,0.277965970568244
0.31557981242746463,0.2722188758903852
0.25529312129481513,0.2483352766618222
0.3117844484175528,0.2702239709108593
0.2050751231140805,0.22489928769182316
0.2904864966594524,0.25917739181370575
0.20378909068096987,0.2248937616392483
0.23396380289200466,0.23993567674802863
0.22518114237320033,0.23264128734920786
0.18371443806656002,0.2019053829278132
0.2238951099400897,0.232635761296633
0.29547379316834477,0.2644768762330005
0.25278378971801385,0.24568277142588735
0.23267777045889404,0.23993015069545376
0.35698378344468495,0.28680765468802677
0.37708980270380477,0.29256027541846036
0.3770898027038048,0.2945496543454115
0.3406731281954769,0.28106056001016794
0.3368777641855651,0.2786235708246529
0.2715724098993131,0.2542978873901007
0.3532511527241931,0.2857079702256287
0.4072331482701295,0.30627041185669845
0.43486716225965305,0.3133492852050995
0.44493585521156803,0.3177756533175657
0.28920046422634177,0.2591718657611309
0.2527837897180139,0.2476721503528385
0.35453718515730376,0.2857134962782036
0.3519964869357925,0.2837185912986776
0.4185251403657351,0.30649145395969307
0.308020451052351,0.26668729726294615
0.33189046767667263,0.2759765916412929
0.38342586493522784,0.2965500853775123
0.4712838367679809,0.3248490006133919
0.46999780433487026,0.324843474560817
0.4763338665662935,0.32684390559291787
0.40851918070324017,0.3062759379092733
0.43358112982654246,0.3133437591525246
0.45494181487406293,0.3210857588099093
0.4650418744706879,0.32352827404799933
0.4562278473071736,0.32109128486248417
0.36331984567610803,0.2907974646470787
0.42862519996236004,0.3120285586397069
0.4198425394435557,0.3080498007858047
0.49264452181550145,0.3325910002707766
0.3997365201844359,0.30229718005537104
0.3382265299080958,0.27996640160034486
0.3821398325021173,0.29654455932493745
0.3181205106489759,0.27421378086991116
0.39845048775132524,0.30229165400279623
0.4913584893823908,0.3325854742182017
0.47504783413318286,0.326838379540343
0.4436498227784574,0.3177701272649908
0.3620338132429974,0.2907919385945038
0.41855650701044506,0.3080442747332298
0.373325805338603,0.2910129806974984
0.4273391675292494,0.31202303258713204
0.43988582541325555,0.3142334536170777
0.3946864903861234,0.2987549803548832
0.395972522819234,0.298760506407458
0.4411718578463662,0.3142389796696526
0.48759449201718896,0.3290488005702886
0.46375584203757725,0.32352274799542446
0.5252971989586275,0.3405540420311559
0.5077005112763088,0.33568558971270057
0.4888805244502996,0.3290543266228635
0.5277751638907187,0.34342206331751046
0.5704651673410495,0.35359552610783546
0.5215018349487155,0.33988538966959736
0.5943351839653713,0.36222169417719846
0.5378124901979235,0.34563248434745614
0.5780245287161633,0.3549273047783777
0.6420438505693046,0.3695216096285941
0.5127505410746214,0.3383436210012103
0.5579185094570434,0.3513851050778898
0.59185721903328,0.3593536728908439
0.6294971926852985,0.36510076756870274
0.667199899626737,0.37417454589662974
0.5441171857846366,0.3463011367090147
0.5227878673818261,0.3398909157221722
0.5767384962830526,0.35492177872580283
0.5390985226310342,0.345638010400031
0.559204541890154,0.35139063113046465
0.5114645086415107,0.3383380949486354
0.5454032182177473,0.34630666276158956
0.30930648348546164,0.266692823315521
0.5717511997741601,0.3536010521604103
0.5240111665255168,0.34054851597858105
0.31683447821586525,0.2742082548173363
0.33694049747498517,0.27996087554777
0.5114645086415106,0.3376749686396517
0.37335717198331303,0.2914605909560624
0.5478811831498385,0.3491746840479441
0.5001725165459051,0.3343593370947332
0.28794579843794116,0.2591718657611308
0.22386374329537972,0.22909356159614505
0.2628211160252188,0.2489984029708059
0.21382641698817478,0.2262200142572157
0.2892318308710518,0.2591773918137057
0.26529908095731003,0.2496560032272147
0.18995640036385308,0.20388923580218943
0.19372039772905492,0.2158255093638961
0.199993726671058,0.21626759356988529
0.6219378313101848,0.3637689888981604
0.59179448574386,0.3580163681677268
0.6433298830024152,0.36952713568116896
0.5064144788431981,0.3356800636601257
0.2151124494212854,0.22777283503075252
0.3105611492738622,0.26691386541851564
0.45368714908566227,0.3193174219859528
0.49010382359399013,0.33081713739424523
0.5365578244095228,0.343643105420505
0.3746432044164235,0.2914661170086372
0.47379316834478225,0.3250700427163864
0.2540070888617045,0.24832975060924734
0.48006649728678524,0.3286067163642995
0.5014585489790158,0.33436486314730807
