0.32878263240969535,0.14927986690041736
0.3083292702075087,0.14123087345183577
0.3569435377016757,0.15456130760921077
0.2859586635483897,0.1350013990545337
0.5243608496478166,0.18165216960557373
0.26704240250564015,0.1284517132452466
0.3110371025367679,0.14377799536473115
0.2979194041116079,0.14026071005187413
0.39089749628809356,0.1631616537619998
0.2720669052203592,0.12935611753822163
0.2901980877139339,0.13654488736331263
0.25392470408048023,0.1182199112118175
0.27553502414460873,0.13266368248951538
0.233865258483669,0.1139639188049074
0.38356183251106685,0.16205886960016336
0.2296175703333967,0.11018202199567315
0.40131011704557035,0.1638672844190057
0.5016073450296265,0.1797337362568389
0.5259034601304058,0.18221446903537533
0.4410461102801216,0.17262190852459325
0.3584861481842648,0.1559615434442069
0.36928717622396506,0.15894952701088794
0.5127912710283978,0.1814978128993537
0.2793943050126577,0.13323708615175422
0.25933485941584644,0.1251662780054058
0.46572512333997207,0.17311797632687903
0.3445998991793864,0.1522348527834728
0.4691987515873738,0.17555468594277418
0.42677145399301974,0.16978820291071073
0.3469193242264222,0.15405421432790928
0.41866723963627456,0.16822242738363574
0.3843331377523614,0.16213604795327338
0.3168246465080533,0.14598316992129623
0.47961963632957877,0.1781128333346853
0.4657333873247003,0.17510279880997284
0.43564697359105947,0.1721588384059331
0.4101828819820342,0.16671193675848242
0.27360951570294834,0.1325755574108112
0.3457541023797522,0.153767315613236
0.21572856666694212,0.10162609277263314
0.5691020629660544,0.18391255031063897
0.25740384165103397,0.12460389982218267
0.309880144674826,0.14273057485823798
0.3334214825037671,0.15198142427295436
0.2539329680652084,0.12192470842136326
0.25392745874205624,0.11910202828649645
0.2427380234201327,0.11796624644103444
0.21881929695527255,0.10862742945445694
0.2280777145123836,0.10997261664779603
0.5270576633307715,0.18300822477108547
0.604210224752838,0.184486268986564
0.3650422427352688,0.15750511050640736
