0.12706627772027226,0.13445438519902078
0.37335717198331303,0.2914605909560624
0.634547222483611,0.3611275357673754
0.42357517016404755,0.30937052735119724
0.3318904676766727,0.277965970568244
0.2690944449672219,0.2514298661037462
0.2515291239296133,0.2432513082929471
0.20378909068096987,0.2248937616392483
0.1924657319406543,0.20676278314111884
0.3770898027038048,0.2945496543454115
0.5127191744299112,0.33347516868275484
0.5454032182177473,0.34564353645260587
0.31683447821586525,0.2742082548173363
0.4436498227784574,0.3177701272649908
0.4311031648944512,0.3102546957631755
0.5805652269376745,0.3560380413459254
0.6420438505693046,0.36709014649565386
0.34067312819547696,0.2830499389371191
0.5390671559863242,0.343643105420505
0.48006649728678524,0.3286067163642995
0.5642232050437566,0.34984333640950266
0.39845048775132524,0.30229165400279623
0.3532511527241931,0.2857079702256287
0.562968539255356,0.3480749995855461
0.45494181487406293,0.3210857588099093
0.4662651736143785,0.3221964953774571
0.3105611492738622,0.26691386541851564
0.5365578244095229,0.33966434756660274
0.29801449138985603,0.26647178121252646
0.536526457764813,0.3352379794541366
0.3858724632226091,0.2985284121993137
0.4725385025563816,0.32484900061339184
0.3946864903861234,0.2987549803548832
0.44239515699005677,0.31357032730809403
0.28920046422634177,0.2591718657611309
0.5152285060067124,0.3348014213007223
0.22013111257488788,0.23020429816369276
0.2502744581412127,0.24126192936599603
0.41855650701044506,0.3062759379092733
0.13211630751858475,0.1439647216803621
0.38715849565571975,0.29853393825188856
0.18744706878705186,0.20521548842015686
0.1661177503842414,0.1897425412105371
0.26031178444841757,0.24435651880791998
0.2892004642263417,0.25718248683417977
0.14466296540259094,0.16120600571393837
0.25529312129481513,0.24435651880791995
0.2942191273799442,0.2620454131000603
0.26410714845832944,0.24745663430241874
0.16100498729650892,0.1806632368300352
0.09444496722185629,0.13135979575709683
0.16862708196104262,0.20300506739021115
0.2414290643329883,0.23660899309796035
0.2226404441516891,0.23086742447267647
0.15096766098930398,0.16563237382640458
0.20127975910416862,0.20853664601765023
0.2452557949876102,0.24037776095401772
0.2188764467864873,0.22600449820679597
0.24149179762240836,0.23794629782107748
0.23521846868040527,0.23551483468813725
0.32185314136946774,0.2753134653323092
0.40974247984693074,0.3056072855477147
0.43358112982654246,0.3133437591525246
0.38342586493522784,0.2965500853775123
0.39719582196292463,0.29963914876686143
0.2954737931683448,0.2664662551599516
0.3821398325021173,0.29654455932493745
0.5554405445249523,0.3469697890705733
0.3620338132429974,0.2907919385945038
0.46999780433487026,0.324843474560817
0.4562278473071736,0.32109128486248417
0.4913584893823908,0.3325854742182017
0.31303911420595343,0.26978188670487013
0.3117844484175528,0.26956084460187557
0.3419591606285876,0.283055464989694
0.47504783413318286,0.326838379540343
0.23267777045889404,0.23241471919363843
0.27414447476553433,0.2554141500102232
0.5491358489382391,0.3460800946060201
0.2615664502368182,0.24745110824984393
0.373325805338603,0.2910129806974984
0.29042376337003234,0.25982946601753976
