0.42830029116772866,0.15894976327115254
0.3283804518195917,0.1379341764727146
0.2732100897744208,0.12094328328212131
0.23963902914707416,0.10455887019081403
0.247354836221596,0.10669789187328481
0.24002468176772143,0.10476835429211266
0.27398139501571533,0.12105353807227848
0.42676043534671554,0.15846472094788253
0.4136454915831316,0.15627057187033314
0.3885642979331775,0.15165050239563974
0.3658080386534112,0.14963276098234182
0.5104663366582098,0.17465067541690688
0.36195151244693835,0.1479899646089999
0.35153338236630943,0.14593906800523335
0.44565465909685675,0.16084614566185598
0.2863305428611568,0.12710676231217213
0.28401662713727305,0.1238542460025354
0.25430484737797543,0.11234317338959689
0.265502546684627,0.11686401355314885
0.3916522735599318,0.15305081698405745
0.34959960993992084,0.14313843882839794
0.44141523493131246,0.16082417345724612
0.35924918944083134,0.14667785385270796
0.395897207048628,0.1545503608836166
0.43060869756846026,0.16042701995241562
0.3295401643431096,0.13965422995258814
0.4298429016503178,0.15939078243178126
0.3280003085220965,0.13587256940361847
0.3449745331537294,0.14211314803335776
0.453764382776754,0.16936915595469196
0.333790607154958,0.1403380459118272
0.3121830417524056,0.13524395959287952
0.29096388363207637,0.1330276020504556
0.4070866423705516,0.15480410440782114
0.5204988141181915,0.17638183312921757
0.4622570044157226,0.17241242442329463
0.3164252205795257,0.13557472396335105
0.2979083854653037,0.1338215152930088
0.41634781458923875,0.15794652343414375
