0.22304770247451247,0.09703925724182995
0.22769206189173632,0.11242027298928538
0.5216695452880138,0.18876383983097625
0.3854956049374555,0.1644295050953858
0.34575961170290426,0.153105944379136
0.37430341495395586,0.16080188623895003
0.4097972293613868,0.16857524271213872
0.37430892427710794,0.161860489731302
0.3260803094035883,0.14953337416435733
0.35424396935714464,0.15742793215329737
0.3345701763809808,0.15130863379273096
0.43179044738458655,0.1730408767271905
0.4302395729172692,0.17224680597779427
0.40940606741758745,0.16767099592600676
0.4587861308298969,0.17670133576040878
0.33418176909875746,0.14954447839679455
0.3017731756565047,0.14049216635778264
0.3245432082441512,0.1492909711328546
0.49851936940287217,0.18309642860321124
0.2890411298519921,0.1359605369754796
0.27438633026739506,0.13270802066584286
0.24081802430162444,0.12217821568530325
0.4452827797840897,0.17428659834912358
0.5478939234920294,0.18970100554731226
0.3503874431506718,0.1560276963183012
0.3920544541500354,0.16694339306439096
0.36119122585194796,0.15765962471947048
0.4194385448775691,0.1688619051665474
0.387426622702268,0.16557623366644192
0.34575685704132825,0.15278612673425865
0.3615741238110192,0.16038283928293126
0.34575410237975207,0.15165042364221817
0.3025499902209514,0.1447261078066613
0.44066045765947426,0.17348189588781923
0.26010616465714104,0.12651138644532336
0.30410086468826875,0.149136535673213
0.23348236052459775,0.11417348165962755
0.28904112985199204,0.13571797643713382
0.2975254875062324,0.13827588756878031
0.2662793612490738,0.12779042076456815
0.26897617493202874,0.1300174887723216
0.3453656950975289,0.15146291174552945
0.2693700915374042,0.1324323049370284
0.28055401753617565,0.13502329250572206
0.40594621247806606,0.16721926630004855
0.29328881800226436,0.13747118510747602
0.4811594921505919,0.18121091418468044
0.5629398850204259,0.19279932265757202
0.5556069759049752,0.19051689099447536
0.4213640533192295,0.16954540611210034
0.3820219766900538,0.16246689107716647
0.46573338732470027,0.18030682490539157
0.49543965776084586,0.1813876368626181
0.5741348296655016,0.19707752352935667
0.4352613209704122,0.17338266657667775
0.5039295247382384,0.1862390051363769
0.4985248787260241,0.18513629972796208
0.4965883516380596,0.18151970635054204
0.45261568889954024,0.17506956486608258
0.3361100322019938,0.1514188098294666
0.4448943725018663,0.1737572966029476
0.3476851201445647,0.15599454112783254
0.42599188476699695,0.17053769922351492
