7.066089131648307e-06,0.002352664456472441
0.0033987888723228353,0.004356322220836843
0.9559005377293824,0.3049480001807648
0.01697981218335088,0.008103380029085706
0.9349778478105718,0.30137571795467927
0.1832872859858254,0.08211675553360726
0.8354378502130422,0.2915278489372719
0.8744567943980041,0.29732212228737137
0.8314808402993191,0.2907873667200068
0.9129245836306975,0.30098315348508503
0.8416560086488927,0.29270390892939885
0.8382642858657015,0.2923118889320232
0.836003137343574,0.2918327533796752
0.8620204775263031,0.29536202230049313
0.8552370319599207,0.29488288674814517
0.8150804474247634,0.28826047115358966
0.8529688173486616,0.2948823422759266
0.8343143420411102,0.2914412778545182
0.8128192989026359,0.28791200893370017
0.8501353156068706,0.29340083336917777
0.030560835494378925,0.021607379994239482
0.1730979854579886,0.0743623821966296
0.8727609330064084,0.29688654451250956
0.9361084220716356,0.3029437979441818
0.7579581828845184,0.2769332711183078
0.7749309289787377,0.28107234892393235
0.8026370644639308,0.2861255955845481
0.020371534966542065,0.014593488874526921
0.7743656418482059,0.28076744448152907
0.05544760141604426,0.028447040004007315
0.8150804474247635,0.2883911444860482
0.8235597543827413,0.28956720447817513
0.88181259318405,0.2984987267517169
0.7704086319344828,0.280026962264264
0.7958536188975484,0.28486242003744877
0.8320461274298511,0.2914407333822996
0.8196027444690183,0.2890445111483409
0.07581207029345469,0.03689833778076391
0.8246903286438051,0.28965432003314745
0.20649232269415843,0.09592674888560147
0.8671080617010899,0.2967994289575372
0.8111234375110404,0.287868451156214
0.8196027444690183,0.28904451114834095
0.39032369754312085,0.16366780443211273
0.052055878632853075,0.025615784467405443
0.8105581503805085,0.2873457578263798
0.869376276312349,0.2967999734297558
0.8456200846517474,0.29270445340161744
0.9530670359875915,0.30346649127401604
0.25230884462376607,0.11187107333441863
0.8524035302181298,0.2942289756136338
0.8235597543827413,0.2895672044781751
0.7896354604616979,0.28377347560029426
0.8501423816960023,0.2937498400612858
0.14992121310618212,0.06896121778834295
0.8145151602942317,0.2880862400436449
0.8196027444690184,0.2891751844807995
0.8173415959468908,0.2887396067059377
0.8196027444690184,0.2891751844807995
0.832046127429851,0.291310060049841
0.7981147674196758,0.28508020892487973
0.8885960387504324,0.299239208968982
0.6459889345044196,0.24953216224618743
0.18727256025607508,0.08490663118159726
0.8642886921375622,0.2953625667727117
0.9536323231181233,0.3049474557085462
0.4197468926873045,0.17800049111394112
0.5707774817871553,0.22740263339433237
0.8258209029048688,0.29004634003052315
0.32188155821397535,0.13770410221703638
0.8269514771659325,0.29013345558549547
0.8405254343878289,0.2926167933744265
0.7771920775008652,0.28155148447628037
0.6092311388415853,0.23864162893020463
0.8405254343878289,0.2926167933744265
0.8280820514269962,0.2903512444729264
0.9411960062464223,0.3032487023865851
0.7438260046212218,0.2746247089115401
0.7347814105327121,0.2711836444901317
0.8439242232601518,0.29270445340161744
0.37562623214929236,0.16061876000807995
0.739303707576967,0.2727081667021481
0.7873672458504388,0.28342446890818623
0.6414595713710332,0.24665680445988086
0.8173415959468909,0.2888702800383962
0.8088552228997812,0.28699675113427175
0.235915517838342,0.1092140489077615
0.31228580917319687,0.1376616333839874
0.7517470905377998,0.27606266004080277
0.37166922223556936,0.15913779557354976
0.7918966089838253,0.2843397267076146
0.8461853717822794,0.2933578200639102
0.6030129804057348,0.23581037339360278
0.15728407798135965,0.07388433558871876
0.32753442951929407,0.13966420220391462
0.7721044933260784,0.2804189822616396
0.7019806247836008,0.2630808089332646
0.7494788759265405,0.274842497798971
0.6442930731128241,0.24752850448182306
0.4655634146169121,0.19194115779839388
0.27890560411529025,0.12088971116293275
0.4169204570346451,0.17564837112968731
0.47631800227528076,0.19490417561189155
0.7596611103652458,0.27758718225281914
0.32869326813688426,0.14167003785715335
0.46725927600850764,0.19481597111248197
0.3490577370142948,0.14964220008156195
0.7675821962818234,0.27858955560721993
0.8207333187300822,0.28926230003577186
0.6476847958960152,0.2504033177959111
0.773800354717674,0.2804625400391258
0.20988404547734962,0.09919358219706519
0.626755039888073,0.24247471334898874
0.6442930731128241,0.24757206225930928
0.1024088297849789,0.05319112444947053
0.7262950374856026,0.2700505978032724
0.7913242557641618,0.2838164889055618
0.6454236473738879,0.2476591778142816
0.7794532260229926,0.2818563889186836
0.5345708410765894,0.21306994671250398
0.5441807222956311,0.21995207555532084
0.7042417733057282,0.2649973511426566
0.6097964259721171,0.23885941781763556
0.8082899357692493,0.2866918466918685
0.2981394987316369,0.13265140002863923
0.8060287872471219,0.28621271113952046
0.674832710339808,0.25772211335802697
0.6883996014725728,0.26024846445222555
0.5385278509903123,0.21699014668626043
0.2008253192105765,0.09074228442030859
0.7913242557641619,0.2839471622380204
0.7998106288112715,0.2856900178096863
0.4649839953081169,0.19067689330685744
0.2919072081175232,0.12646510668116415
0.82921262568806,0.29043836002789875
0.19743359642738528,0.08978401331561256
0.431066767476205,0.18065860448503546
0.287370778895005,0.12284872220537381
0.5373972767292488,0.21359264004233816
0.8620134114371714,0.29505657338587127
0.7070682089583874,0.26504090892014276
0.38693197475992974,0.1624917444399858
0.6918054564340274,0.26081580450398306
0.3462313013616353,0.14776921564965606
0.7607916846263094,0.2778920866952224
0.8145151602942315,0.2879555667111864
0.693494251736491,0.26290603335110124
0.07468149603239094,0.03528670001377515
0.5464418708177586,0.22021342222023793
0.2212039202662502,0.10790622663873888
0.14370305467033162,0.06787227335118838
0.7104599317415787,0.2669138933520486
0.7692709915842874,0.2792423777972941
0.4666939888779758,0.1929429866805761
0.797549480289144,0.284905977814935
0.5815038050889973,0.23153953331108257
0.5854749471809837,0.23210687336284008
0.6403219310208378,0.24613356665782807
0.045837720197002566,0.025049533360085068
0.7353466976632439,0.2716192222649935
0.6086658517110534,0.2365072978333817
0.47914443792794015,0.19869370225318936
0.3620452088382644,0.15242880889624044
0.8869001773588367,0.2988036311941202
0.6109270002331807,0.24077596002702759
0.5487030193398859,0.22091034666001685
0.6833120172977859,0.260117791119767
0.5583270327371911,0.225920580015365
0.6301608948495275,0.2429113800682877
0.7149822287858335,0.2682641844541203
0.1295567442287717,0.06408165776545334
0.7794532260229926,0.28185638891868364
0.7245921100048752,0.26835130000909263
0.5662410525646371,0.22626904223525446
0.5939542541389617,0.23550438000676235
0.7981147674196758,0.28494953559242114
0.4576352626112027,0.18819409999014505
0.18838900233887546,0.08673496889157978
0.2771956105454314,0.12006102444625812
0.7336437701825167,0.2711831000179131
0.6126087294465132,0.2414717955223694
0.7986800545502077,0.2856029022547139
0.40673115650680836,0.17451477997060938
0.3648857766691869,0.15491269115739
0.7664445559316281,0.2783276644700843
0.6459748023261564,0.2483550133096234
0.3586676182333364,0.1515151845134678
0.44350308434790614,0.18801986888020028
0.7596611103652458,0.27728227781041587
0.43841550017311925,0.18240091558448276
0.4802750121890039,0.2046611177687964
0.7783226517619289,0.2815950422537665
0.7551388133209909,0.27649823781566457
0.5091187880243923,0.21285106888063587
0.7506094501876043,0.27497317113142955
0.4022229916408167,0.17216374893079267
0.506292352371733,0.2090179844618518
0.10353940404604262,0.05506410888137639
0.06337575342175365,0.03411064002164822
0.20931875834681776,0.09684146221281131
0.2624981451516029,0.11975612000385487
0.009631079486436642,0.00784203336416861
0.6912260371252321,0.2603791377846841
0.6640781226814393,0.2555431355392807
0.4084411500766671,0.17556125557471491
0.7941577575059529,0.2848188622599626
0.0803484995159729,0.042039244468570616
0.3320708587418123,0.1419302955776333
0.8767250090092632,0.29732266675958996
0.7274256117466662,0.2704861755781342
0.6697309939867578,0.25745967774867273
0.5866055214420476,0.2323682200277572
0.4627369789642527,0.18845653559949932
0.6499459444181427,0.2509260111257453
0.7664445559316281,0.2779792022501948
0.5786773694363381,0.23127818664616548
0.34112958500858537,0.1445448511712414
0.12673030857611237,0.06351540665813298
0.6171451586690314,0.2415600000217789
0.7856713844588431,0.28272754446840725
0.7087640703499831,0.2654329289175184
0.5311791182933981,0.2129828311575316
0.5758509337836788,0.2284469311095636
0.7415648560990944,0.2742762466916506
0.6997053440832101,0.2630797199888274
0.17593855328891117,0.07702049556772389
0.5848955278721886,0.2316702066435411
0.4977989132354917,0.2050966955436582
0.39881713667936214,0.1674148622403616
0.6816161559061904,0.25889817335015386
0.7817143745451202,0.2825533133584625
0.4859278834943226,0.20509669554365823
0.47686915722754947,0.19568712666220558
0.587736095703111,0.23472034001201106
0.42426918973155947,0.17813116444639968
0.39486012676563914,0.16558543558594194
0.33489729439447147,0.14428241556188715
0.6505112315486746,0.25197139778541366
0.8003759159418034,0.2858206911421448
0.35469647614134997,0.14968466891461096
0.25570056740695724,0.11513790664588235
0.7811490874145882,0.28203062002862833
0.6318426240628598,0.24609000888034188
0.574720359522615,0.2281855844446465
0.5379484316815173,0.21424491776019375
0.617710445799563,0.2422569244615578
0.7834102359367157,0.28259687113594867
0.6776591459924673,0.2583754800203197
0.6555988157234612,0.25384438221731953
