0.9467771836890978,0.25213065413143215
0.7049151426501497,0.2287439593172426
0.6925715041278604,0.2270900587114634
0.8136939736268699,0.23996860573603707
0.7157161706898498,0.2301663248636917
0.7087716688566226,0.22924010587294988
0.7033725321675605,0.22851242425791252
0.6979706408169225,0.22781774032650076
0.7751232022389888,0.235866970035347
0.7242032830056663,0.2310043400223078
0.7874640860997021,0.23730028230739025
0.7855358229964655,0.23666080452447863
0.7577633249867087,0.2340476084909105
0.8075207770349371,0.23932904919970385
0.9182306257764701,0.25039941766569984
0.8815881174918254,0.24708059097512577
0.8893011699047713,0.2484146739360276
0.9147597521906445,0.25001352590014975
0.8287371804936903,0.2422730096037436
0.685627002294633,0.22616383972072157
0.7222750199024297,0.23094921262722923
0.7423317108376649,0.23229439982056832
0.8815853628302494,0.24693718099449988
0.7049151426501495,0.22876601027527402
0.9332765873048666,0.2521085244199792
0.8538128648204922,0.2438939912793187
0.9151426501497157,0.2500244726257439
0.7627740543935472,0.23541468913543795
0.7778227705835198,0.23638516754908573
0.8619143245156614,0.24530533134675214
0.9240181697477556,0.25146896788364603
0.8827450753537672,0.24722392220233008
0.8507276438553139,0.24380578744719295
0.8565096785034473,0.24450031387176163
0.7176444337930862,0.2303427325279432
0.8453257525046759,0.2435851991134571
0.9085893102602879,0.2498701946729454
0.8545814154002109,0.24405929471113294
0.9274890433335812,0.2518328086911647
0.7573776723660613,0.2338601753476433
0.7191870442756754,0.23041991088105324
0.7434886686996067,0.2332205400578886
0.7990391740422729,0.23914169480985822
0.9209329487825773,0.2513476876144731
0.9197759909206353,0.2506089805204201
0.8703959275083257,0.24655113172210666
0.7458025844234903,0.23338592224312435
0.8445544472633812,0.24332058761707984
0.758531875566427,0.23447752341910197
0.9186190330586935,0.2505207766882943
0.9163023626732337,0.250278137396527
0.7878497387203494,0.23764207215687755
0.8449428545456047,0.24337579376558
0.9201616435412827,0.2506420569574672
0.8287371804936904,0.2419753216703192
0.7323047427008352,0.23198568640812822
0.7215037146611353,0.2304420405925062
0.8052096159726295,0.23922989864198393
0.7546753493599542,0.2338270201571746
0.7863071282377602,0.23721207847526452
0.8345247244649757,0.24260385272763668
0.8657708507221343,0.2457353250283651
0.7431030160789593,0.23293387760347994
0.7947942405535765,0.23850213827352504
0.900873503185766,0.24979293756641383
0.7415631602579463,0.23199679064056547
0.8862131942780167,0.24771999000461584
0.7535211461595883,0.23377197151551757
0.7269028513501973,0.2315666394521094
0.8376127000917301,0.2426149569600739
0.8584406962682599,0.24452244358321462
0.6964280303343333,0.2275862052671707
0.8098374474203968,0.23969296876064408
0.7423344654992411,0.23259216650741424
0.7812908895077693,0.23649534358582133
0.8194815175981552,0.24151225155165904
0.859983306750849,0.24505166657596908
0.8329848686439625,0.24249367669090105
0.8144652788681646,0.24053090516583867
0.8669278085840761,0.24628659897915098
0.7137906622481894,0.22939462008601302
0.8950887138760566,0.24887782280810927
0.7890094512438672,0.23779650761651913
0.7431057707405355,0.23317651689524724
0.8133083210062226,0.23978117259276985
0.8187102123568608,0.2406743151464645
0.8800427523476602,0.24663949306107552
0.7257431388266793,0.2310814396219963
0.8383840053330246,0.2432434092639698
0.8457086504637471,0.24371742610822414
0.7296024196947282,0.231621766847188
