0.3337737862225394,0.14175660893990713
0.304930010387151,0.1289495334145323
0.2834279011595452,0.11635970230436976
0.303785303947824,0.12341660672934994
0.27945675906755885,0.11509543781283331
0.2862472707230729,0.11779656448919519
0.3184757032525208,0.13064665331983769
0.6199291977869008,0.20679762675449367
0.3631899152775913,0.15569673115214133
0.4050494272934758,0.16955028228162175
0.35017417909709514,0.14798591559264984
0.33206379265268055,0.13975186223110558
0.35584118258067715,0.14977287341402046
0.3202068950897747,0.1380541978535816
0.3863666876293978,0.15678567558929588
0.2523159107128978,0.1119151755841234
0.38014146310441566,0.15604464889981223
0.4016365062428897,0.16445238889908262
0.32414977282523444,0.13883714890389576
0.3184969015199158,0.1355267578149459
0.28231145907674476,0.11631723347132074
0.3394125253495947,0.14458677553207186
0.28906664028660056,0.12306651109280474
0.3365790236078038,0.1420598799656547
0.42539976399262297,0.1699423022789974
0.468375718091308,0.18022302671017362
0.476855025049286,0.187235828885449
0.5187074709760389,0.19603613335431364
0.4757315168773539,0.1864958911404025
0.44180015686717866,0.17769613114375646
0.31848276934165254,0.13073431334702862
0.2370390260102741,0.10403012891468719
0.26758572932638974,0.11413716670813731
0.2234509366101144,0.09004644892496683
0.6493241285745579,0.21185032894289085
0.5735544548158931,0.20148194448452364
0.5605528508136601,0.19912982450026978
0.4604616982638619,0.17887273560810196
0.4638463549579214,0.18017892446046888
0.4564976222610072,0.1785237289159939
0.4955165664459692,0.1874977200225847
0.4400972293864515,0.17547414001974257
0.39033076363225244,0.16157757558499455
0.46838278418043966,0.18309838449648025
0.5594152104634648,0.19621090893647694
0.5837296231654666,0.20592483778811427
0.5040029394930787,0.18937124892670912
0.5102210979289293,0.19150558002353207
0.4678033648716445,0.18022248223795503
