0.0010038513141765039,0.017054081582424906
0.8909083889151653,0.43808618672401833
9.652416482466385e-06,0.00606207473655912
2.8957249447399156e-05,0.011749292884161742
0.006804953620138801,0.025766657453019863
0.11417843457109489,0.15005244205815196
0.031988108222893594,0.06707282441187273
0.8628970762830479,0.4369426848061914
0.8590361096900613,0.4358067557487475
0.8030134844258263,0.42556824851098624
0.002943987027152247,0.02160158424239211
0.026177353500448836,0.053055459843014595
0.013600254823795137,0.035626521671633195
1.930483296493277e-05,0.009473648339082397
0.8445478325498792,0.4346670402611121
0.7267111321319295,0.41494731182388545
0.6388162276425905,0.3982643004002256
0.6764896091736567,0.40736309215035144
0.7779075491549312,0.42404989000420285
0.588594704684318,0.3903014377075436
0.5547919421627207,0.3823423614450531
0.03102286657464696,0.06290775120124498
0.5760465632571117,0.38727229355435977
0.5692802193029026,0.38537529202842846
0.5518962172179807,0.38082778936846123
0.5461047673285009,0.3796918603110173
0.5238849045858631,0.3743832851825627
0.5489908398567583,0.3800667168999738
0.11803940116408145,0.1557320873453716
0.5460951149120183,0.3796880738808258
0.5316068377718364,0.3758978572591546
0.5441742840320075,0.37931321729186934
0.5663748419416803,0.384235576540793
0.656209882143995,0.4031942325095323
0.6542793988475016,0.4024369464712363
0.5509213231532516,0.38044535991912176
0.568314977654656,0.38499664900928043
0.553826700514474,0.38196371842590515
0.056177063927954365,0.09132869621849218
0.7547224447640469,0.4194986009140442
0.6030829818244999,0.39219843923347497
0.5605833920522004,0.38347829050249704
0.5789422882018516,0.38727229355435977
0.5383635293095628,0.3781697153740424
0.5789422882018516,0.3876509365735078
0.03489348558411598,0.06934846895695207
0.5287111128270964,0.3751405712208586
0.5702358085346668,0.3857501486173849
0.5934305653420335,0.39030522413773516
0.5383731817260452,0.3781735018042339
0.5238849045858631,0.3736259991442667
0.529676354475343,0.3755192142400066
0.560593044468683,0.38348207693268854
0.500699800194979,0.36718149495836816
0.4958542871207808,0.3649020639830973
0.5702454609511494,0.38613257806672435
0.5151784249186785,0.3717252111881439
0.08324243974479012,0.11406242308813674
0.0948446443567147,0.1242933574655151
0.7016051968610344,0.40737066501073443
0.5992220152315133,0.391819796214327
0.5403036650225386,0.3785521448233819
0.564444358645187,0.38385693352164507
0.6030829818244999,0.3933343682909189
0.4688082161369099,0.35429248658657103
0.5943958069902802,0.39106251017603105
0.10642754413567437,0.1307302887910307
0.3963571780195173,0.32094918232040004
0.5750813216088649,0.3865150075160639
0.5316068377718363,0.3755192142400066
0.5547822897462381,0.3823385750148616
0.052306444918485344,0.08526662148193306
0.008745089333114547,0.026149086902359318
0.5731411858958891,0.3861325780667244
0.5856989797395781,0.3895441516692476
0.4601210413026902,0.3512633424333872
0.4108551075761818,0.3281509725445946
0.5064912500844587,0.36869606703496005
0.5586529087557072,0.38272100446420115
0.5209891796411233,0.3728687131059708
0.46882752096987496,0.35505734548524986
0.6175809113811643,0.3952351562470418
0.550930975569734,0.38044914634931326
0.07645679095761625,0.10041991510823513
0.4504686248202238,0.34596234016531546
0.07936216831883862,0.11064706305542199
0.44371193328249736,0.3429331960121316
0.5093869750291986,0.36983199609240397
0.6243376029188908,0.3975070143619297
0.10161098831092366,0.1254330729531505
0.5731411858958892,0.3865112210858724
0.44658835339427233,0.3436829091900446
0.6224071196223976,0.3967497283236337
0.11416878215461242,0.14361172430244487
0.5364330460130695,0.37665514329745053
0.13543305566548586,0.16672030776104593
0.540294012606056,0.3785483583931904
0.5528614588662274,0.3812064323876092
0.705466163454021,0.41039980916391827
0.42149207053985976,0.33270226163475325
0.04745127942780474,0.07616782973180716
0.5345025627165763,0.37627650027830256
0.487167112286561,0.36225156284906146
0.5045607667879654,0.36756013797751613
0.5837684964430847,0.3884082226118037
0.27658034188859176,0.26146815044244437
0.5006998001949791,0.3660455659009242
0.13737319137846163,0.17051052438271713
0.4949083503054991,0.3645309938243323
0.44853814152373056,0.34406912506957554
0.5306415961235897,0.3755192142400066
0.4572253163579503,0.3497487703567953
0.5692705668864202,0.38537150559823696
0.4726884875628615,0.35657191756184176
0.5354678043648229,0.37627650027830256
0.3664346869238715,0.30504617551618507
0.2069574618005617,0.21257397737986597
0.4504686248202238,0.3463409831844635
0.38670476153705086,0.31413360797573653
0.2436945589328288,0.2425094944737051
0.04747058426076968,0.08109776184111382
0.3016959295759694,0.2743495859538585
0.15576104477756003,0.1818887471081139
0.20694780938407925,0.2110556188730826
0.741209061688594,0.4160908137417124
0.21761372959720462,0.2224338415984793
0.4176117991139083,0.33155875971692644
0.3818785532958177,0.3129976789182925
0.7431395449850873,0.4179840288374523
0.23307690080211574,0.2303929178609698
0.588594704684318,0.38992279468839564
0.09386009787550313,0.11557699516472866
0.04843582590901632,0.0848841920325936
0.0261870059169313,0.05570974740724192
0.3770330402216196,0.3122328200196136
0.564444358645187,0.383856933521645
0.508421733380952,0.3690747100541081
0.17703497070491592,0.19970011472883473
0.49104738371251255,0.3626377787285924
0.47751469580409467,0.3588437756767297
0.4002277970289863,0.3236034698846273
0.5847337380913313,0.3891655086500997
0.4862018706383144,0.36187291982991354
0.24948600882230862,0.2459172816460369
0.18956380729915728,0.2034789720599316
0.2901130297970097,0.2690485836857868
0.315180355401975,0.28039651496965173
0.4736537292111081,0.35732920360013776
0.4813756623970811,0.3596010617150257
0.3287613053928052,0.2914036675362834
0.06969044700340729,0.09890155660145172
0.37994806999932434,0.3122403928799966
0.5828032547948381,0.38802957959265577
0.1238501558865262,0.1602833764355303
0.47654945415584804,0.35732920360013776
0.5093869750291986,0.36945335307325605
0.27074062991669967,0.25501228696597134
0.2349977316821266,0.23228234652651827
0.05615775909498943,0.08602012109003752
0.2842733178251176,0.2637286492667578
0.27271937529560525,0.2603322213850004
0.4417717975695217,0.3421721235436442
0.4707580042663682,0.35581463152354587
0.18957345971563977,0.20424004452841898
0.585698979739578,0.38954415166924766
0.2079420082817733,0.21409612231684086
0.434040211967066,0.3391391929602689
0.3992722077972221,0.32284997027652296
0.4070134458161601,0.3262653303092376
0.465931796025135,0.35316413038951
0.3248810339668537,0.28571644938868085
0.2147180046524647,0.21978334046444348
0.23692821497861985,0.23266098954566622
0.3683265605544349,0.3080601739486029
0.46398200789567684,0.35277791450997903
0.5200046331599116,0.37248249722643983
0.4379011785600526,0.3410324080560088
0.26784490497195973,0.25122585677449155
0.3355179969305316,0.2936755256511712
0.37896352351811285,0.3122328200196136
0.550911670736769,0.38044157348893026
0.5026302834914721,0.36718149495836816
0.549956081505005,0.3800667168999738
0.4031331743902087,0.3255004714105587
0.3587031013214159,0.30428510304769757
0.3567726180249226,0.3004986728562178
0.49587359195374575,0.36490963684348027
0.37315276879566806,0.31108931810178675
0.06777926853987895,0.09853048644268672
0.144149187749153,0.17771231460691167
0.10742174303336843,0.13755722242626875
0.21664848794895797,0.22016198348359145
0.3007017306782754,0.2724450115675442
0.224389725967896,0.2288783457843779
0.3181146900126448,0.2811689467287136
0.4533643497649637,0.34823419828020336
0.3838186890087934,0.313001465348484
0.2930087547417497,0.2720777278389706
0.3210200673738671,0.28420187731208885
0.4099091707609,0.3266439733283857
0.4021486279089971,0.3247356125118798
0.5364330460130695,0.37665514329745053
0.17315469927896446,0.19325561054293616
0.5654096002934337,0.383856933521645
0.617571258964682,0.3952313698168502
0.41377013735388657,0.3296731174815694
0.4504686248202239,0.3470982692227594
0.39637648285248217,0.32209268423822696
0.35189814770127714,0.2978292395712246
0.3461356550612446,0.29708331282350303
0.35677261802492266,0.30201324493280973
0.3760677985733729,0.31109689096216975
0.532572079420083,0.3758978572591546
0.43790117856005256,0.34065376503686073
0.1615428422505574,0.19021510709917794
0.4417621451530392,0.3417896940943048
0.5605833920522005,0.38309964748334907
0.3528923465989711,0.298219241880947
0.3673613189061883,0.30654560187201096
0.38671441395353334,0.3171665385591117
0.19732435015106023,0.20917376306791713
0.49006283723130095,0.3626302058682095
0.4639820078956768,0.35202062847168314
0.4118300016409109,0.32891204501308197
0.1064468489686393,0.13566022090033739
0.5373982876613161,0.37665514329745053
0.5006998001949791,0.3649096368434803
0.553826700514474,0.3815850754067572
0.5489811874402758,0.3800629304697823
0.5055260084362122,0.36869606703496005
0.2108570380594781,0.21940469744529545
0.38961013889827323,0.31943839667399965
0.455294833061457,0.3493701273376473
0.5460854624955359,0.3796842874506343
0.2543508267294717,0.25085478661572647
0.3393789635235182,0.2959473837660591
0.3635003523132017,0.30503102979541913
0.31812434242912724,0.28382323429294093
0.2726904180461579,0.2580490039795381
0.4301888977905619,0.33649247825642453
0.6127450507234488,0.3944740837785543
0.3084526211136959,0.2785146591644863
0.06196851381743419,0.09473648339082398
0.4929778670090058,0.3633950647668884
0.4292140037258328,0.33611004880708506
0.4833061456935745,0.3603583477533216
0.5683053252381735,0.38423557654079304
0.423422553836353,0.33421683371134514
0.3065124854007201,0.27586037160025895
0.38478393065704003,0.31338010836763197
0.5132479416221851,0.369831996092404
0.6156407756681886,0.39523136981685025
0.43307497031881936,0.33686733484538095
