0.005801102305962298,0.004547502659967209
0.08410150481172964,0.05608839042638989
0.020299031862626805,0.016671652133085448
0.8406868659568928,0.42520096478241265
0.7489213424580846,0.41722295636896484
0.6166060173164354,0.39523136981685025
0.7750021717937088,0.4213956024399755
0.585698979739578,0.38954415166924766
0.5547919421627207,0.3823423614450531
0.561548633700447,0.38309964748334907
0.564444358645187,0.383856933521645
0.553826700514474,0.38196371842590515
0.2068030231368423,0.11974585480554788
0.14690012644665587,0.086402550539377
0.7411994092721115,0.4153297412732249
0.588594704684318,0.3903014377075436
0.5663748419416803,0.384235576540793
0.21259447302632212,0.12428957103532359
0.7440951342168515,0.4164656703306689
0.5654096002934337,0.383856933521645
0.5605833920522005,0.38309964748334907
0.3566664414436155,0.25956357605612995
0.5702358085346668,0.38612879163653285
0.5847337380913313,0.3891655086500997
0.5856989797395781,0.3895441516692476
0.21552880763699186,0.14361551073263637
0.5345025627165763,0.3758978572591546
0.14303915985366936,0.08526662148193304
0.635930155114333,0.399025372868713
0.596316637870291,0.3906800807266916
0.5306415961235897,0.37400464216341467
0.5837684964430847,0.38878686563095166
0.6079188424822156,0.39371679774025836
0.614675534019942,0.3948527267977023
0.5634791169969404,0.3834782905024971
0.46396270306271187,0.338381906921973
0.5972818795185376,0.39105872374583955
0.4456038069130608,0.320956755180783
0.5354678043648229,0.3758978572591546
0.5615486337004472,0.38347829050249704
0.5229196629376165,0.37021821197193494
0.6243279505024083,0.39750322793173815
0.029970753178058127,0.022737513299836042
0.5200046331599117,0.36756013797751613
0.7228405131224603,0.4096425231256223
0.6214322255576685,0.3971245849125901
0.6204669839094219,0.39674594189344214
0.5364330460130695,0.37627650027830256
0.5837684964430847,0.38802957959265577
0.5393287709578094,0.37665514329745053
0.4939238038242875,0.35770784661928573
0.5760465632571117,0.38727229355435977
0.44753429020955404,0.3209567551807829
0.5354678043648229,0.37627650027830256
0.4572060115249854,0.33800326390282504
0.24745900136099064,0.17545181578259825
0.5847337380913313,0.38878686563095166
0.479425874267623,0.34974877035679525
0.5789422882018516,0.38727229355435977
0.21068329456279375,0.12126799974252277
0.7083618883987608,0.4088852370873263
0.6021080877597708,0.3918160097841355
0.543189737550796,0.3774124293357465
0.5229003581046517,0.3683174240158121
0.5992123628150308,0.39105872374583955
0.7083618883987608,0.40926388010647435
0.48813235393480775,0.35732920360013776
0.19425488170963595,0.11520213857577218
0.17589598555998492,0.10913627740902158
0.050260132624202467,0.03334709069636237
0.48330614569357455,0.35543598850439784
0.5238849045858631,0.3702182119719349
0.550930975569734,0.38044914634931326
0.2474396965280257,0.17127916971158758
0.46782366965569844,0.3398964789985649
0.3644076794625535,0.27017315345265636
0.3189641026631018,0.21902605442614753
0.39726450516886913,0.2879845210733772
0.5885947046843178,0.38992279468839564
0.10151446414609899,0.0818512614492183
0.42046891439271833,0.3027667445409142
0.47749539097112975,0.34823419828020336
0.5306415961235896,0.3747619282017106
0.270644105751875,0.18492546412168062
0.27643555564135486,0.19477018261952808
0.21162923137807546,0.12163906990128776
0.17491143907877335,0.10269177322312298
0.28803776025327943,0.20310790190116654
0.40792077296551205,0.29973760038773034
0.4745996660263898,0.34596234016531546
0.726701479715447,0.4115357382213622
0.4784606326193764,0.34861284129935133
0.40502504802077216,0.29746574227284245
0.0502794374571674,0.039034308843964985
0.05414040405015397,0.04812174130351645
0.4108164979102519,0.30163081548347026
0.3982490516500807,0.2917785241252399
0.16626287391048344,0.09854184573326115
0.25423499773168207,0.17962446185360897
0.32960106562677965,0.22319870049715818
0.21357901950753372,0.12619035899144646
0.2696595592706634,0.18226739012726187
0.44851883669076564,0.33421683371134514
0.5557571838109673,0.3823423614450531
0.2716286522330866,0.1921272543458752
0.15560660611384056,0.09171112566783164
0.3354118203492245,0.23873063714260828
0.7325122344378917,0.4126792401391891
0.543189737550796,0.37665514329745053
0.5605833920522005,0.3827210044642011
0.43014063570814964,0.3133763219374405
0.2348915551008194,0.164084952347776
0.34023802859045776,0.24327435337238398
0.5190393915116651,0.3671814949583681
0.564444358645187,0.3834782905024971
0.5518962172179807,0.38044914634931326
0.27452437717782646,0.19439911246076305
0.6117798090752021,0.3948527267977023
0.521935116456405,0.3683174240158121
0.553826700514474,0.3815850754067572
0.13531722666769627,0.08450933544363708
0.5248501462341097,0.3736259991442667
0.5885947046843178,0.38992279468839564
0.28610727695678617,0.20197197284372262
0.033831719771044676,0.025766657453019867
0.30446617310643725,0.2133388362785449
0.22330865532185976,0.1625703802711841
0.5026302834914722,0.36528827986262824
0.5451202208472893,0.37892700141233837
0.46880821613691,0.3425545529929836
0.44849953185780067,0.3224713272573749
0.42626036428219816,0.3107182479430217
0.43981235702358096,0.3198208261233391
0.33056630727502634,0.23493663409074553
0.4224187025221765,0.3076966766502208
0.5074564917327054,0.3656669228817762
0.4223800928562466,0.30465238677627116
0.30738120288414206,0.21789012536870359
0.5132479416221852,0.36718149495836816
0.37313346396270314,0.28722723503508124
0.3518402332023823,0.2489615715199866
