0.4047534440156355,0.1372509905408478
0.455667853925806,0.14901541291088322
0.2905451750725165,0.09652129598835585
0.37851253784216343,0.1303485681564793
0.42018230350310315,0.14296226742441112
0.4483404541335075,0.14655673109037817
0.44911726869795415,0.14818865949154747
0.40320532420989424,0.13672161004125027
0.40397938411276485,0.13706347864415905
0.35344511750008956,0.12567376505381497
0.4016654683888811,0.1357734975993201
0.4070618504163671,0.13773595411069628
0.46494004479079726,0.15029484099723572
0.4730415044859664,0.15426409219631565
0.49231587153360273,0.15757149964076625
0.3843000818134488,0.13261989558713866
0.36578600136080275,0.13019421145025922
0.4163175133119021,0.14043719646954714
0.36385222893441427,0.12786767787109973
0.4240443390327282,0.14439573720329751
0.4687910616741181,0.15117672181165004
0.41825679506144275,0.1416172377379151
0.43676812085251265,0.1449138559636147
0.44410378462953937,0.14617099683167112
0.4637665589593991,0.14964386521477913
0.5019654510345132,0.1576158378170938
0.3407158263571529,0.12452703648275879
0.3846967530804003,0.13542068227081713
0.5262725847815967,0.1650142492503265
0.485768040967327,0.15636995868831766
0.5127747430589416,0.16380144655859757
0.5363023075800023,0.16770454488358316
0.30018649058869873,0.10147173606641308
0.30290534156426213,0.11753641026626455
0.31640318328691736,0.11784512367870463
0.34148437693687145,0.12453798320835298
0.5980232548530251,0.1733610881391756
0.40937852080182685,0.1387283259755324
