0.9522913333960668,0.42263250092561383
0.6671998996267369,0.37947955636849934
0.7890279476804366,0.3989533656423208
0.6985979109814623,0.3863373876139058
0.6885605846742574,0.38036925083305245
0.797810608199241,0.40138482877526105
0.6872745522411468,0.3803637247804776
0.8957686396286191,0.4177585225545836
0.8656252940622943,0.41443736495709027
0.9183839904645401,0.42218489066704984
0.7199585960289828,0.3872270820784589
0.794046610834039,0.4005006603632827
0.8091339669395565,0.40293764954879785
0.8229352906119634,0.40625328109371633
0.8317179511307676,0.40669536529970546
0.8593519651202912,0.4117848597211554
0.7701452275650074,0.3978371030221982
0.7475926100185063,0.39430595542686
0.771431259998118,0.3978426290747731
0.9510053009629561,0.42262697487303896
0.8593519651202912,0.41222694392714454
0.8618612966970923,0.4128900702361282
0.8819673159562122,0.41665331203961076
0.9170979580314295,0.422179364614475
0.8379912800727708,0.4108951652566023
0.7915372792572379,0.3993954498483099
0.8970233054170197,0.4212951962024967
0.8329726169191682,0.40824266002066745
0.7236912267494746,0.3898740612618189
0.7287412565477871,0.39209000834433944
0.8154072958815596,0.4031586916517924
0.7513566073837081,0.39651637645680565
0.6898152504626579,0.38390592448096555
0.8028292713528434,0.4029321234962229
0.8154072958815596,0.4049270284757489
0.7350145854897902,0.392311050447334
