0.23875608566926462,0.09937108014032138
0.2342055242684831,0.09309658229343676
0.29645776951830466,0.12942921343909886
0.33208499092007543,0.1440657156188934
0.2760650362843677,0.1223695866530258
0.30775644603981034,0.13957763112116084
0.298139498731637,0.13012504893444066
0.32019276291151133,0.1411457111106634
0.30380650221521893,0.13099729342860145
0.34567308032023514,0.15134149787574164
0.2534535510630931,0.11195927783382816
0.3937224864154436,0.1642781577891379
0.3179457465676472,0.1403192022828631
0.26251227732986626,0.11997499783572296
0.3428254464001809,0.14946688002718003
0.34225309318051733,0.14876941111518255
0.5520664777665506,0.20309303777929383
0.3241709710926293,0.14223628896447374
0.30550236360681454,0.1345690311824684
0.4514100380862203,0.18022248223795506
0.41408695529285405,0.17599628887735821
0.41352166816232216,0.17477667110774506
0.4881607676599233,0.19324680217854223
0.4565046883501388,0.1872793866629352
0.5198380452371025,0.20008700666052864
0.5435942368977043,0.20239665781173347
0.502872365232015,0.19864905553126602
0.5311437878477399,0.20113239332019703
0.6663039407579088,0.22674872225982107
0.39089605076278433,0.16279719335460768
0.41635516990411314,0.17699866223175897
0.37844560171282,0.15922436665630352
0.39541834780703927,0.16440883112159643
0.4655492824386487,0.1890216977623825
0.4678104309607762,0.1924192044063048
0.385236113368334,0.1605752022305938
0.42143568798976827,0.1797422577411699
0.45311296556694763,0.18388188001901296
0.45990347722246167,0.18871733779219782
0.5554793988171366,0.20840872004926386
0.5356731509811264,0.2023961133395149
0.6289808579645422,0.2226967600091689
0.3812861695437426,0.15979170670806106
0.376756806410356,0.1574390422515886
0.36205227492739595,0.15565262890243656
0.39768656241829836,0.1742098755282061
0.3507324001384953,0.15325586219625936
0.2817320397679496,0.12420010225188263
0.34054309961065843,0.14410763997972384
0.35187710657782234,0.15447656891030964
0.38749726189046146,0.16175126222272074
0.3309402844807484,0.14284500890484314
0.35810233110280454,0.1555660578196828
0.3665957702390458,0.15622051342641266
0.6080652341348632,0.21707780671345137
0.6221903463090283,0.21864534223073534
0.5978759336070265,0.21280805557536828
0.5780838179492795,0.21119587333616094
