0.29557518711038755,0.11476893627989786
0.33300277394420713,0.1272613552786568
0.2786009624787547,0.111284727404088
0.2677999344390545,0.10303759034690961
0.262009635806193,0.10253026080534351
0.27628429209329486,0.10917878215866438
0.30754694631990986,0.1265446203892136
0.35306772886417037,0.13490232725023535
0.3588552728354558,0.13526624681117555
0.33802452199734995,0.12811055342313168
0.38856429793317737,0.1453329029196335
0.5366852055390735,0.17062621806932682
0.37042485145487447,0.13901490967651955
0.5197219995537449,0.1695789550696767
0.43176841009197825,0.1557743465612043
0.42289839981709054,0.15485923180289973
0.5023648769630408,0.16950169796314515
0.49927139201313425,0.166866372218124
0.4020593849942566,0.14602742934420215
0.4718955652703287,0.16570885442831673
0.4186452023436661,0.14962181425674767
0.36849658835163807,0.13687596674747032
0.5706309001407633,0.17449639746410833
0.4529820588891552,0.1584866931524924
0.33879307257706853,0.13149529672753546
0.4059186658623055,0.1494454065924962
0.5455579704755373,0.1720485836157759
0.46609975731431524,0.16106681274901338
0.3731299291225577,0.14356859001685404
0.4059159112007295,0.14919174182171316
0.4217304233088444,0.1513087125461525
0.40553025858008224,0.14639127015172088
0.3511312017762058,0.1329616066832044
0.2905589483803967,0.11430578740781616
0.2758931301494955,0.10537483439139868
0.30405954476462804,0.11526508283560513
