0.3182983904512412,0.08748000942835962
0.6442960600075479,0.16866407657163676
0.41709432787634876,0.14026094631213873
0.42442172766864733,0.1421022013077636
0.35189699769434835,0.12476951826768305
0.5069679164566238,0.15614913409431716
0.571776839356401,0.1652787819932822
0.5089044435445884,0.161452625761142
0.3387600166381559,0.11022620266515755
0.43059492426058005,0.1432048279627569
0.3229372405453128,0.09993911572980677
0.3294988444194689,0.10450382154915701
0.3345178378110357,0.10743675647418098
0.31985752890328667,0.09700649581846894
0.33876277129973204,0.11083268276444357
0.3345123284878837,0.10605841409037318
0.46686279857088164,0.14690986143256726
0.3688712223259812,0.13073445992202942
0.4386936292941731,0.14386635670369996
0.5034970428707981,0.15425275170361372
0.47379628175780475,0.14796807115781158
0.6030229656135597,0.16580824124630125
0.5625184217992898,0.16299642908360712
0.491164422994813,0.15231250365711205
0.3291159464603976,0.10153804644735047
0.5933816500973774,0.16566491001909692
0.34378176469129884,0.1113730887430568
0.40088589916285833,0.13150640095997274
0.34611220838463896,0.12399773473658281
0.39471545723250173,0.13119768754753264
0.47534991088669815,0.1510665457749144
0.4035909768305415,0.1383754318936079
0.4386963839557492,0.1463802446727051
