0.02315843986986979,0.010287323195615388
0.02121915812032913,0.0051270840025733466
0.9190046856793408,0.2489551586680624
0.9467771836890978,0.25213065413143215
0.8943146539731861,0.24665059729351274
0.7978822161803308,0.2406080835189487
0.7269028513501972,0.23333071609462422
0.7886210439616438,0.23916358826104658
0.8954716118351279,0.24686008139481136
0.7944058332713532,0.2400015246662411
0.679070907743629,0.22708997995804187
0.7882353913409965,0.23882179841155934
0.7191897989372513,0.23228329558813107
0.7407918550166517,0.23447752341910197
0.9278746959542284,0.2505979550414043
0.046308615755011426,0.021809263780726538
0.7839932125138763,0.23825949898175774
0.7859214756171128,0.23860128883124498
0.8869872541808875,0.24633085840205693
0.7091573214772697,0.2309821315574333
0.7296024196947282,0.23340789444773424
0.7674046405028907,0.2369252585140128
0.7932488754094112,0.2397920405649425
0.870398682169902,0.24593378365064802
0.7303737249360228,0.23358430211198575
0.0683018337782112,0.030387401468641058
0.050170651284636436,0.025006810202127746
0.7218893672817823,0.23252585612647683
0.6906459956861998,0.2283029401566139
0.0883667886981745,0.03891041176147699
0.7693329036061272,0.2374324305487358
0.9332765873048666,0.25213057537801065
0.15125571247944333,0.0564306854516678
0.7396348971547098,0.23434521767091335
0.7006729638230295,0.22982445626078293
0.6809991708468656,0.22710100543705758
0.7666333352615962,0.23689218207696566
0.7141763148688366,0.23135715535081078
0.7087716688566225,0.23068444362400892
0.7257458934882552,0.23307713007726272
0.7442627286024772,0.2352052050341393
0.08257649006531304,0.03435673142114251
0.6933455640307309,0.2288652395864155
0.6813848234675127,0.22724433666426191
0.7010586164436766,0.22991266009290867
0.746576644326361,0.235569045841658
0.33608248558623344,0.1272391468137823
0.7045294900295022,0.23032060281649025
0.03550483305373518,0.012426423631507701
0.7936345280300585,0.23982511700198964
0.353833524782313,0.13462653276799935
0.2666319579308084,0.10106371458940998
0.7488905600502448,0.2356241732367366
0.7238176303850189,0.23290072241301124
0.7913206123061748,0.23972588769084818
0.08373895725040702,0.037951195087109556
0.7172615358340149,0.23178714903242378
0.349971489252688,0.1311864258082523
0.04245208954853852,0.014565524067400014
0.5305450648860535,0.19283239909461924
0.7026012269262658,0.23014419515223875
0.7654763773996542,0.2367378253707456
0.6999016585817347,0.22970317599161005
0.7018299216849714,0.23007804227814443
0.1651557347922021,0.06710382165941176
0.4884813826197384,0.17731876258528906
0.5938196412879696,0.21026446895268433
0.19563331046964222,0.07471171719394314
0.6651819040771746,0.2249288285641181
0.25582266590638014,0.09700602329793971
0.04051280779899786,0.012690877621041846
0.07640604813495638,0.03326520899858646
0.5969048622531479,0.21037472374284152
0.7145619674894839,0.231621766847188
0.5413488475873297,0.19633865892846059
0.19948983667611514,0.07502043060638323
0.6991303533404403,0.2294385644952328
0.6775282972610399,0.22669306271347603
0.4981282074590727,0.18003118792999867
0.6945025218926728,0.229118825603777
0.5347872437131737,0.1936152081047352
0.6134934342641335,0.2139361109717614
0.7037581847882077,0.23025444994239594
0.19023417378058016,0.07397301009989005
0.741177507637299,0.23510597572299785
0.5633365562873773,0.20036311627604061
0.21261855374757938,0.08660868157243178
0.6466705782861046,0.22141170075810415
0.6597827673881125,0.224112943116955
0.5787736797595732,0.20640539379034006
0.17826792389421,0.07087453548278723
0.6852413496739856,0.22763022842981204
0.7508188231534813,0.2361313452714596
0.7523614336360703,0.23640698224685253
0.21570377471275767,0.08734738866648488
0.5436627633112134,0.1966694232989321
0.6509127571132247,0.22233784099542445
0.14353715074334542,0.05586822851502311
0.6972020902372038,0.2293613861421228
0.6698097355249419,0.2252375419765582
0.4491337966674106,0.1649699110739991
0.42598913010542094,0.1604713581287432
0.7184184936959567,0.23211791340289528
0.6964307849959092,0.22929523326802848
0.18058734894124584,0.07113930448600753
0.6771426446403925,0.2265497314862717
0.2025750576412935,0.07991574328936189
0.5579374195983153,0.2001315812167105
0.7230463251437242,0.23277944214383833
0.47768861856476635,0.1749484421037528
0.2238079890695029,0.09034647646560316
0.6235259117241152,0.2177621096970585
0.364251654862942,0.1395220029578211
0.7311450301773174,0.23380481169230008
0.2681800777365497,0.10384229280821394
0.6887122232598113,0.22799406923733073
0.6617110304913489,0.22469729350478804
0.6991303533404402,0.22940548805818567
0.32990653433272454,0.12347930096257946
0.6069373397131296,0.21338483702097552
0.7056864478914441,0.23057418883385175
0.29750069555204794,0.11192428394042113
0.6863983075359275,0.22799406923733073
0.567969897058297,0.20371501940366185
0.525917233438286,0.19110139888915156
0.16399326760710808,0.06413781029734063
0.5517669776679586,0.19823519882600713
0.7176471884546621,0.232051760528801
0.6470562309067519,0.22197400018790575
0.26972268821913886,0.10402972595148115
0.3005804071940742,0.1136220502019986
0.4020621396558327,0.1466228839644725
0.5216695452880138,0.19025227949809823
0.20026665124056184,0.0779313145733758
0.6709722027100361,0.22553538741682566
0.6628679883532909,0.22477447185789806
0.6925742587894363,0.2284903732998811
0.6096369080576606,0.2137597033075099
0.6786852551229817,0.22677024106658605
0.15859413091804608,0.06359756182557046
0.293644169345575,0.11072250672770795
0.6752143815371562,0.22653870600725598
0.6736717710545671,0.22600948301450152
0.5891918098402021,0.21011011224646428
0.30289983224111,0.11421758357569047
0.5486817567027804,0.19758469556407973
0.4699755661518205,0.17470588156540703
0.668272634365505,0.22509436825619694
0.5062434404621222,0.18773847028251459
0.08528156773299618,0.03802837344021958
0.4518333650119416,0.1658409239162408
0.7500475179121866,0.23574545350590947
0.6663388619391164,0.224972930480181
0.55870872483961,0.20028593792293056
0.5398062371047405,0.19555584991834463
0.2388484412747472,0.09108518355965625
0.5046898113332288,0.18421000198379875
0.6516840623545194,0.2226245034498331
0.15395528082397436,0.058282965926308376
0.6142647395054281,0.21452046135959443
0.6690439396067995,0.2251274446932441
0.5560091564950789,0.1998118423252547
0.4059241751854577,0.14971017559571656
0.5857209362543764,0.20854449422623234
0.6902603430655525,0.2282478127615353
0.6505271044925774,0.22209528045707863
0.4884924012660426,0.1789177720562543
0.7002873112023821,0.2297913798237358
0.45800931626545033,0.16865257857209184
0.10997986342387908,0.04828254144536628
0.5637277182311767,0.2010468534818582
0.6678814724217056,0.2250390833542753
0.6829274339501019,0.22758612651374915
0.6925742587894362,0.2285675516529911
0.6698152448480941,0.2254251326266685
0.25891339619471054,0.09902384346465916
0.6624823357326436,0.22476344637888235
0.20259158561074977,0.08463512082861831
0.6605540726294071,0.22444370748742654
0.6898691811217532,0.2280491966324093
0.6420427468383372,0.22061786626897248
0.4063098278061049,0.15215783193720586
0.6138790868847808,0.2141896969891229
0.6158073499880171,0.21474097093990877
0.4352503023241081,0.1647163250566376
0.6945025218926727,0.22888729054444693
0.5772255599538322,0.20455295580885638
0.652455367595814,0.22288911494621033
0.6204406907589367,0.21676981658564393
0.254285564746943,0.09655413616513842
0.6003812451621255,0.21200665214401077
0.13043047096448968,0.055261984676001734
0.6393431784938061,0.22003351588113945
0.5830158585866935,0.20777255318828905
0.564113370851824,0.20177453509689558
0.605009076609893,0.21307612360853542
0.46418526751895905,0.17239037346526326
0.6856270022946329,0.22766330486685918
0.657854504284876,0.22400268832679782
0.6863983075359276,0.22783971253111068
0.5347927530363259,0.19503765240460588
0.6470562309067519,0.22165426129644994
0.28014081829976784,0.10960877584027738
0.096856655675567,0.04171104093831237
0.05943182350332351,0.028468968119906176
0.41672244856358187,0.15451728444656948
0.43022579960938906,0.1607578630763088
0.5529239355299005,0.19896288044104443
0.2905534390572446,0.10970800515141883
0.6327815746196501,0.2191733710110704
0.5710551180234754,0.20426629335444774
0.5533095881505478,0.19963543466100325
0.33647915685318475,0.12764740455105003
0.47923122904735566,0.1764589327289062
0.3164086926100694,0.12156086761384459
0.5050864826001803,0.18706591606255582
0.4803881869092976,0.17660226395611053
0.5996044305976789,0.2112457365850832
0.6200550381382895,0.2164390522151724
0.4981337167822249,0.18018570214306182
0.5251459281969914,0.1906273032914757
0.6065516870924822,0.21321945483573976
0.6462849256654574,0.2207501720171611
0.6574688516642289,0.22324193027471328
0.6192837328969949,0.21613033880273227
0.51935562956413,0.18878589078900776
0.6601684200087597,0.22415704503301787
0.6374149153905696,0.21971377698968364
0.3715900733015446,0.1408122990163462
0.6898746904449051,0.2281265324923624
0.5664272865757078,0.20334015311712744
0.6416570942176897,0.22035325477259526
0.6721291605719779,0.22578897343418716
0.30560490990879313,0.1159707922460326
0.5486762473796283,0.19733095203987513
0.34611496304621503,0.12880492234085728
0.6077086449544241,0.21352816824817983
0.5787681704364211,0.20497192401145367
0.422127094575796,0.15738406649749917
0.35191077100222856,0.13160570902453578
0.6551549359403449,0.22304347165243038
0.490420664369279,0.17995416708373174
0.49929618396731895,0.1841440066165476
0.7276741565914917,0.23339686896871853
0.6748287289165088,0.22621896711580017
0.5139564928750678,0.18777154671956178
0.7168758832133676,0.2316879197212823
0.2782015365502271,0.10536365140553991
0.5822445533453988,0.20653769953852866
0.37621790474931216,0.14642426783534654
