0.46104767328500695,0.3243645423531149
0.45235084603430464,0.32095296875059154
0.43785291647764024,0.3179162517370248
0.31807608034671486,0.2660080802420286
0.5769538904064632,0.35620084740307684
0.6078609279833206,0.3577229923400517
0.36156986901670835,0.2925358101635359
0.34319166803409235,0.28305458896407054
0.348027528691808,0.28798073464318574
0.35286338934952366,0.29252823730315297
0.3460970453953147,0.28305837539426204
0.3422264263858457,0.2815400168874786
0.44268877713535587,0.31792003816721626
0.45718670669202033,0.323228613295671
0.4349668439493828,0.31754139514806834
0.44269842955183825,0.31792382459740776
0.37217787473093894,0.2959398109056763
0.5257767782164264,0.3505136292554742
0.4909991216301001,0.33724976429472053
0.5141842260209843,0.3467234126338029
0.49293925734307587,0.3440691250695756
0.5412302970048551,0.35241063078140555
0.5132189843727377,0.34520884055721096
0.51612436173396,0.34899905717888224
0.5441260219495951,0.3546824888962934
0.5238366425034506,0.3493739137678387
0.32678256001389955,0.2811613738683306
0.3779886294533837,0.3004910999958349
0.3750832520921613,0.2959435973358677
0.40405980637252537,0.30958231888557786
0.3895715292323433,0.3054134592447586
0.37701373538865457,0.29973002752734745
0.39633787318655234,0.3080677468089859
0.39440738989005897,0.30768910378983794
0.3808843543981236,0.30276295811072274
0.4175828418644608,0.3164016796604329
0.40889566703024105,0.31375117852639706
0.3625254582484725,0.2944252388290843
0.36928214978619894,0.2951825248673803
0.38572021505583926,0.3042813166175062
0.2823331821121418,0.24062763866853965
0.30551828650302604,0.2599460055054695
0.32581731836565286,0.275103085561963
0.291030009362844,0.24858292850083866
0.3229119410044305,0.267147795729664
0.3093985579289775,0.2641186515764802
0.29972683661354627,0.2565382183331377
0.2997171841970638,0.25236935869231847
0.3248424243009238,0.2701769398828478
0.3180857327631973,0.26601186667222004
0.29778670090057047,0.25047614359657855
0.46105732570148944,0.3243683287833064
0.44655939614482487,0.31905975365485173
0.46781401723921584,0.32701882991734227
0.4475246377930715,0.3194383966739997
0.4523508460343047,0.3232248268654795
