0.19359493115021487,0.11942904824796503
0.022646717480631094,0.02299943081658479
0.9522913333960668,0.42263250092561383
0.9158746588877389,0.4166588380921856
0.830463285342367,0.410010996844624
0.6973118785483516,0.3863318615613309
0.297857658166306,0.18709003597460225
0.8819673159562122,0.41621122783362163
0.2953483265895048,0.1625543625422052
0.8442646090147737,0.4106741231536077
0.7136539004422697,0.38921093495283515
0.3103415827608921,0.20277297318206688
0.34566042470436936,0.2425937080365383
0.738747216210282,0.39274760860074825
0.6269878611084971,0.3701847359375778
0.7437658793638845,0.39606324014566674
0.2839936012044792,0.1488387000513923
0.17969950754367806,0.11211808069141971
0.5779931620714531,0.34386967357607456
0.8015432389197328,0.40491597637059923
0.039020106019259114,0.04555677742718045
0.5151971393620024,0.31423897966965275
0.6044352435619962,0.35847503053144053
0.29274489507857343,0.14927525820480655
0.49264452181550145,0.31336033731024926
0.5780245287161633,0.346085620658595
0.5290298296791192,0.32109681091505915
0.2839308679150591,0.1437436795773675
0.48248172892945634,0.2954338227573898
0.41347511056742264,0.26338271782317746
0.10313352780653054,0.09332397588430658
0.7676672626329162,0.4004951343107078
0.5340484928327217,0.3224230635330266
0.2073962548226216,0.14197534275341098
0.6822872557322542,0.3814744613480253
0.3532511527241931,0.2574145810423241
0.5378752234873436,0.33083371555196983
0.6533672093096202,0.37217964091710376
0.6282738935416078,0.37019026199015265
0.4774630657758539,0.288139433358569
0.8593205984755812,0.41531600731649365
0.5767384962830526,0.3427644630611017
0.44741382014365927,0.2801929697559143
0.4926445218155014,0.30717115842640136
0.7337285530566795,0.39186344018877
0.6985979109814623,0.3863373876139058
0.6269878611084971,0.3648797254657082
0.3292870361657414,0.21915219301396435
0.67344186192403,0.3799161145219136
0.6898152504626579,0.38390592448096555
0.559204541890154,0.3425489470106819
0.5579185094570434,0.3343648631473082
0.454941814874063,0.2861611065367677
0.5353658919105423,0.33039163134598076
0.08795207176688308,0.04953553528108267
0.6194912330228035,0.36466420941528843
0.4247671026630282,0.2638248020291666
0.25883755214704685,0.14219638485640554
0.598161914619993,0.355159398986522
0.4825444622188765,0.3020761379523766
0.7299645556914778,0.38943197705582977
0.6069132084940874,0.3606799255088114
0.6684231987704274,0.37615839877100593
0.5881245883127881,0.35361210426556006
0.16831341551394244,0.09441813429412968
0.5529312129481511,0.33370726289089914
0.6647219346946457,0.37241173512524806
0.7801825538722124,0.4015948187731058
0.6169505348012922,0.3626693044357625
0.45117781750886116,0.2812981802708872
