0.17500796324359802,0.16331252058871412
0.18565457862375848,0.17960552970265162
0.18857926081794574,0.18946160749107344
0.2021119487263636,0.20196439998333968
0.2378934566268665,0.23455420464140608
0.219524908060733,0.21977576760406053
0.20888794509705502,0.21257397737986602
0.21082808081003077,0.21977198117386906
0.2204998021254621,0.22545919932147165
0.23692821497861985,0.2322823465265182
0.24272931728458214,0.23796577824392937
0.26881979903668884,0.25501607339616283
0.23692821497861988,0.2326609895456662
0.23210200673738668,0.23038913143077833
0.22533566278317774,0.2262202717899591
0.25046090288703776,0.24478513901878446
0.2630186967307266,0.2516044997936395
0.22822173531143516,0.22848834347465552
0.24562504222932208,0.24061627937796523
0.23790310904334894,0.23720849220563342
0.2610882134342333,0.25122585677449155
0.22339552707020202,0.22621648535976763
0.25528711112827096,0.2478142831719683
0.2494860088223086,0.2425094944737051
0.2755764905744153,0.25728793151105067
0.26495883244370233,0.25236557226212697
0.25915773013774,0.2489539986596037
0.19632049883688374,0.19893525583015584
0.20599222015231514,0.2095448332266822
0.20213125355932857,0.20727297511179432
0.20986283916178414,0.2125777638100575
0.39247690659356577,0.31185417700046564
0.3731431163791855,0.30351267128863574
0.35188849528479454,0.2955535950261453
0.36735166648970574,0.3023767422311918
0.3489927703400546,0.29403902294955336
0.35286338934952366,0.2966933105137807
0.36058532253549674,0.30085838372440843
0.35189814770127703,0.2963146674946327
0.43400160230113616,0.3247356125118799
0.34415690968233903,0.2928993074619179
0.3499773168212662,0.2944252388290843
0.3702473914344456,0.3031340282694878
0.49386588932539266,0.3304228306594825
0.4504203627378114,0.32738990007610724
0.42820049999517384,0.3220813249476525
0.36831690813795237,0.3027553852503398
0.3972934624183164,0.31639410680004987
0.3741083580274322,0.3042699573269317
0.3547938726460169,0.2970719535329287
0.41660794779973176,0.3182911083259813
0.3837800793428635,0.3103358184936823
0.3779789770369012,0.3057883158337151
0.38087470198164114,0.30768153092945494
0.2504512504705553,0.24288813749285307
0.26012297178598665,0.24971128469789963
0.2562523527765176,0.24819292619111627
0.29779635331705295,0.27168393909905675
0.3122942828737175,0.27888572932325123
0.28428297024160004,0.2637324356969492
0.2765610370556269,0.26297514965865326
0.2920049034275732,0.267518865888429
0.2890995260663507,0.2667577934199416
0.3180953851796798,0.2830545889640705
0.26013262420246913,0.2508510001855351
0.2659144216754664,0.2531190718702314
0.276541732222662,0.25766657453019864
0.26109786585071576,0.25122964320468305
0.31228463045723504,0.2788819428930598
0.3151900078184574,0.2804003013998431
0.31037345199370664,0.27851087273429476
0.3364349764963659,0.2898701633087341
0.2939450391405489,0.2713090825101002
0.3180857327631973,0.2811575874381391
0.3383751122093416,0.2902525927580736
0.3093889055124951,0.2781246568547639
0.29973648903002875,0.27320229760584014
0.33450449319987263,0.28873423425129013
0.3403055955058349,0.29138852181551755
0.30745842221600184,0.2777460138356158
0.3383751122093416,0.2902525927580736
0.3325740099033793,0.2879769482129942
0.34224573121881063,0.29177095126485697
0.3422360788023282,0.29176716483466547
0.33064352660688606,0.2875983051938462
0.32580766594917043,0.2849440176296189
0.3364446289128483,0.2898739497389256
0.3277478016621462,0.28721966217469824
0.3238868350691596,0.2845691610406624
0.35672435594251023,0.2985865256095206
0.31615524946670404,0.28077894441899115
0.46588353394272264,0.3292906880322301
0.4620032625167711,0.32852582913355116
0.37315276879566806,0.30351645771882724
0.3441665620988214,0.2936603799304054
0.305537591335991,0.27737115724665934
0.27171552398142873,0.2569092884919027
0.301666972326522,0.275474155720728
0.26783525255547724,0.2542512144974839
