0.9559005377293824,0.3049480001807648
0.93441256068004,0.3034229334965298
0.8840808077953092,0.2984992712239355
0.9174398145858207,0.3017230912301315
0.8552370319599207,0.29488288674814517
0.946848877551741,0.30446832015619824
0.8642886921375622,0.2953625667727117
0.8891683919700959,0.29880417566633877
0.9197080291970798,0.3017236357023501
0.869376276312349,0.2967999734297558
0.899915913539333,0.2997194334657671
0.8965171246670101,0.29932686899617295
0.8840808077953091,0.2973667690092947
0.9253609005023985,0.30294325347196327
0.9146204450222931,0.30141873125994684
0.8767250090092632,0.29732266675958996
0.8914295404922233,0.29902196455376967
0.9536323231181233,0.3049474557085462
0.9055687848446516,0.3009390512353803
0.9033005702333925,0.3009385067631617
0.9106563690194384,0.30124395567778356
