0.4813843881826725,0.17987510896250272
0.4372637276446605,0.1648454978408954
0.5028652991428834,0.18414377115614863
0.4859066852269274,0.18148674672949147
0.49608185357650103,0.18248857561167367
0.44461246034157476,0.16541174894821578
0.4361260872944651,0.16227504449699207
0.4457430346026385,0.16558598005816053
0.4779855993103497,0.17730465561859937
0.34000607683665324,0.13883932679277006
0.3054882314285512,0.12524657785598817
0.2710057164661075,0.1204116645550219
0.26816514863518487,0.11357200454525408
0.2602511288077387,0.11243950233061333
0.2907978321238544,0.12367904233870419
0.3055023636068145,0.12672863123495554
0.2557288317634838,0.11191680900077912
0.2500618282799019,0.10625320898313825
0.24101723419139207,0.10398820455385673
0.45479469478027995,0.1708570156062072
0.33432494117480804,0.13478627559768078
0.35808819892454125,0.14537244894347887
0.3111623010012648,0.1338726512149081
0.35131181944729045,0.14119144677702394
0.35526882936101356,0.14410981786859814
0.38296789875707493,0.15164531337370776
0.3626175620579278,0.150033675606719
0.4157686845061863,0.15739602894632101
0.3501671130079635,0.14001429784045985
0.5249185633227578,0.18684489783251051
0.5464065403721003,0.19107054672088883
0.45027239773602507,0.16889691561932896
0.5254979826315529,0.19076618675070414
0.5170045434953117,0.1849283556231185
0.5164321902756482,0.18488425337341377
0.5192656920174391,0.18632220450267634
0.5497982631552915,0.19329199337268416
0.4231174172031006,0.15953036004314397
0.45761406434380764,0.17630119331976146
0.4321620112916104,0.16074997781275707
0.4219727107637736,0.15765628666680095
0.5090763914896023,0.1844916889038195
0.40218766119515836,0.15216800670354194
0.432713166243879,0.16109735108820938
0.5871213459486577,0.20287579336408149
0.6018541417881444,0.2097606445679912
0.5724380127330926,0.19590763791072943
0.5577334812501324,0.19377276234168792
0.337137244649204,0.13705019108252509
0.41065990206400466,0.1558698733176489
0.40330410327795874,0.15430124885592775
