9.652416482466385e-06,0.0022756445450793444
0.21358867192401612,0.13717479297692925
0.7846449358596929,0.40321695109068106
0.5093097556973387,0.2906653136489449
0.10538508315556801,0.09435026751129304
0.39430121330875184,0.2322974922472841
0.17012384050347004,0.1129302804608843
0.03483557108522118,0.040927523939704884
0.31409928475593873,0.20386518793946248
0.35080742463875836,0.21826498195766011
0.12179419117576086,0.09624348260703293
0.8029941795928613,0.4107935979038322
0.8368162469474236,0.42178939117988945
0.7006013455468578,0.3789572928538701
0.2899778959662552,0.20008254417817423
0.5112595438267972,0.29445931670080755
0.06863833360681847,0.06062453379578267
0.26965955927066343,0.1720440286102665
0.2058763911545255,0.13566400733052886
0.8909083889151653,0.4369502576665744
0.839721624308646,0.4263368938398566
0.07927529657049642,0.06252532175190552
0.8358510052991771,0.4206534621224455
0.0009748940647291049,0.005304788698263164
0.1710987345681991,0.11672049708255554
0.7334292140037261,0.3857766536287253
0.130510323259428,0.10344905926141894
0.7749925193772265,0.39867323486090545
0.057991718226658044,0.046603382796733074
0.8696634202372568,0.43126682594916327
0.8735243868302434,0.4342959701023471
0.02320440922384919,0.026520157061124337
0.8909083889151653,0.43808618672401833
0.7353693497167018,0.3899455132695445
0.4754587310933293,0.2675415844695779
0.7759577610254731,0.40170237901408923
0.1768805320411965,0.12807600122680338
0.8010636962963681,0.4100363118655362
0.0928369417283617,0.07693268863048607
0.8870474223221788,0.4358143286091305
0.19424522929315352,0.13110135894979572
0.8252333471684641,0.4161097458926697
0.6300614858929935,0.34787827384220427
0.1507803978726074,0.10950734756778657
0.08605129294118782,0.07199897009098791
0.2890030019015261,0.18531168000121162
0.06284688371733864,0.05456624548941503
0.7914016273974193,0.40359559410982915
0.4088184476983813,0.24632242967652518
0.4783641084545518,0.26830265693806526
0.002915029777704848,0.009095005319934417
0.559521626239129,0.3171778978496862
0.3730658970473258,0.21866634355795697
0.8059092093705662,0.41610217303228675
0.056061234930164766,0.044710167700993175
0.5034603913089643,0.2773900893976168
0.1044391463402863,0.08678497998871644
0.05028908987364987,0.04282452546563624
0.06672715514329011,0.05798160552212979
0.8271348732155099,0.41950617377442717
0.009681373731913783,0.01818622420967736
0.7972027297033816,0.40587123865490854
0.0019401357129757433,0.007576646813151029
0.058976264707869624,0.0503973858485958
0.4590592754896189,0.2667880848614734
0.06189129448557446,0.05229817380471864
0.8725591451819968,0.43391732708319913
0.2793119757531299,0.17242267162941446
0.6203994169940448,0.34030162702905314
0.01644771768612272,0.01894729667816479
0.8686885261725277,0.4305057534806758
0.23875252169380604,0.15348294781163263
0.05994150635611625,0.05077602886774378
0.5962490709549139,0.3334784798240067
0.05801102305962298,0.05001874282944782
0.1633478441327786,0.11216542156220535
0.7614598314688086,0.3986656620005225
0.19910039478383407,0.13187000427866613
0.48609569405700725,0.2724715165788846
0.5218578971245452,0.30543239139571604
0.8735243868302434,0.43505325614064305
0.0048551654906805915,0.014021150999049603
0.8909083889151654,0.4369502576665744
0.6069053387515565,0.3399305568702883
0.4030463026418664,0.2425435723454284
0.4368297603304988,0.2645048674560112
0.8387370778274346,0.42216424776884587
0.323790310904335,0.2046376196985244
0.22230480400768332,0.15233187303342277
0.023214061640331657,0.033718160855127396
0.4966940473547553,0.2766290169291294
0.6532658951168426,0.3645537124054812
0.019353095047345104,0.022737513299836046
0.19236300807907253,0.13074164808160516
0.17106977731875173,0.11443727967709325
0.21457321840522772,0.13945422395220008
0.7237961023542246,0.38086186724018456
0.07637957162575652,0.06101074967531361
0.5692126523875253,0.3281736911257434
0.5141359639385722,0.3001313891276443
0.09086784876593854,0.07237382667994442
0.37982258858505225,0.23002563413239624
0.8522794181523349,0.42899118140408393
0.3952857597899634,0.23495556624170294
0.8522697657358524,0.42860875195474446
0.6803119661007135,0.36759042941904796
0.48318066427930234,0.26981344258446577
0.28706286618855037,0.18114282036039236
0.7421549985038757,0.3979083759622265
0.5073310103184333,0.27852980488525214
0.14211252787135256,0.10800034835157764
0.551799693053156,0.30998368048587466
0.23969845850908772,0.16066959231506123
