0.26888756692444976,0.40730771433480323
0.074360499702558,0.18240650592749558
0.03807257584770969,0.14225989347689136
0.11124330755502676,0.28675333600595615
0.13503866745984533,0.2878987457763015
0.09934562760261749,0.25239104289559594
0.06186793575252825,0.14455071301758204
0.062462819750148724,0.15949831052058874
0.5211183819155265,0.49344252906477293
0.08685306365258774,0.22026229883740908
0.013682331945270675,0.12387606666284864
0.16002379535990482,0.3051944333085161
0.19631171921475316,0.34992268484050165
0.3890541344437835,0.4807284806139396
0.28138013087447944,0.4417272779336807
0.09875074360499703,0.23400721608155317
0.25639500297441997,0.3946509363724872
0.09875074360499701,0.2214077086077544
0.18381915526472337,0.3212301700933509
