0.5641604717543365,0.30982366366233616
0.5352717919764123,0.29478727460613063
0.49135848938239074,0.2939031061941524
0.3807910667795866,0.25165643425931555
0.3129450142718233,0.22135708799133516
0.41592170885480384,0.2551931079072287
0.320504375646937,0.23197263498764928
0.34688372384805993,0.23551483468813722
0.31670901163702514,0.22334646691828627
0.3732630720491829,0.24458308696348935
0.7097958031429379,0.32907090478058815
0.5402904551300147,0.29611352722409806
0.18867036793074243,0.14818109979498345
0.2540070888617045,0.18466962494681174
0.37834446849220543,0.2510043600554816
0.5452777516389071,0.3022971800553711
0.6533044760202003,0.3222130735351817
0.29669709231203545,0.2100949928437619
0.31928107650324644,0.22578898215637624
0.20626705561306108,0.17272229927995536
0.2778457388413162,0.20058465636242065
0.2878830651485211,0.206552793143274
0.5540604121577115,0.3040655168793276
0.6746337944230106,0.3270759998010621
0.44230105705592676,0.2711136653754124
0.35688968351055483,0.23573035073855694
0.4423637903453468,0.28416620155724165
0.41846240707631505,0.26691386541851564
0.3029076879646185,0.21317853018053617
0.2526269564944638,0.17470062610175677
0.27521094068567487,0.18862627859041456
0.6357391549825916,0.3213289051232034
0.3933377246635928,0.2540878973922558
