0.3883817947994103,0.29410757013942235
0.38966782723252097,0.2941130961919972
0.3670211097518899,0.28636557048203765
0.3431824597722782,0.27862909687722776
0.20256579153727924,0.21804698249899152
0.1409930679715191,0.17912699421422293
0.17239107932624448,0.2030050673902112
0.20632978890248113,0.22047844563193178
0.1736771117593551,0.20301059344278607
0.27038047740033255,0.2470145500964296
0.2690944449672219,0.24700902404385475
0.34446849220538883,0.2786346229298026
0.27411310812082434,0.24811423455882764
0.2565164204385057,0.24656141378529078
0.21382641698817478,0.22776730897817765
0.24644772748659077,0.2374931615099386
0.18622376964336126,0.21273644597454705
0.23393243624729465,0.23550930863556238
0.22762774066058156,0.23152502472908532
0.2728270756877137,0.24810870850625277
0.4826071955082965,0.32220202143003196
0.363288479031398,0.28327650709268853
0.2779084721307362,0.2543089394952504
0.2477337599197014,0.23926702438647005
0.35823844923308557,0.2817236863191517
0.29798312474514604,0.26204541310006024
0.3193751764373766,0.26780355988306875
0.2992691571782567,0.2620509391526351
0.461215143816066,0.3164438746470234
0.27662243969762557,0.25430341344267554
0.39970515353972585,0.2952183067069701
0.23521846868040527,0.23551483468813725
0.2050437564693705,0.2204729195793569
0.24901979235281202,0.2392725504390449
0.29672845895674543,0.26005603417310913
0.291709795803143,0.25475102370123953
0.5026504814779963,0.32772254795232125
0.5516138138703304,0.3407695580815756
0.5767698629277627,0.3500643785124972
0.6094225400708887,0.35802742027287654
0.5541231454471315,0.34231685280253765
0.6332611900505004,0.3604588834058168
0.5704651673410496,0.3454169682970364
0.4913584893823908,0.323743790098419
0.575483830494652,0.35005885245992235
0.5566638436686429,0.3443117577820636
0.634515855838901,0.36156409392078964
0.6257645619648068,0.3580329463254514
0.667199899626737,0.368427451218771
0.5993852137636838,0.35449074662496344
0.5290298296791193,0.33701184233066794
0.48132116307518585,0.3221964953774571
0.5390671559863242,0.33855913705162993
0.5303158621122299,0.3370173683832428
0.5717198331294502,0.34718530512099294
0.444904488566858,0.31135990627814836
0.45494181487406293,0.31290720099911035
0.5277751638907187,0.33524350550671145
0.5553778112355322,0.3443062317294887
0.3381324299739657,0.2739816866617669
0.51020984285311,0.3312647476528092
0.5616825068222453,0.3449748840910473
0.4888491578055896,0.32352274799542446
0.4875631253724789,0.3235172219428496
0.5089238104199993,0.33125922160023435
0.562968539255356,0.3449804101436222
0.4097738464916408,0.2998657169224308
0.3231078071578684,0.27089262327241787
0.24525579498761022,0.23684108730610465
0.25532448793952517,0.24126745541857086
0.20127975910416862,0.21804145644641665
0.35952448166619627,0.2823923386807103
0.4160158087889339,0.3011864434878234
0.3996737868950158,0.2943286122424169
0.3632884790313981,0.28438171760766134
0.35450581851259383,0.2792977492387863
0.46250117624917664,0.31644940069959826
0.3582384492330856,0.2823868126281354
0.39970515353972597,0.29588143301595377
0.5076691446315987,0.32949088477627786
0.5893165208117689,0.3522747995424429
0.47379316834478213,0.32042815855350054
0.5189611367272043,0.3328065163211963
0.5202471691603149,0.33347516868275495
0.4712524701232709,0.3186542956769691
0.3017157554656379,0.26314509756245824
0.25780245287161635,0.24656693983786565
0.6069132084940875,0.35581699924293086
0.4725071359116715,0.3204226325009257
0.44619052099996864,0.3113654323307232
0.4247984693077382,0.30560728554771477
0.4360904614033437,0.30892291709263325
0.45619648066246354,0.3146755378230669
0.4926131551707914,0.3261752532313593
0.40848781405853013,0.299860190869856
0.4260845017408487,0.30561281160028964
0.43483579561494307,0.30715458026867676
0.4574825130955742,0.31468106387564176
0.43737649383645427,0.3089284431452081
0.4047238166933284,0.29787081194290493
0.36457451146450875,0.2843872436602362
0.2929330949468335,0.25585070816363753
0.3218217747247577,0.2688977182928919
0.32182177472475776,0.270887097219843
0.33813242997396575,0.27464481297075066
0.40343778426021776,0.29786528589033007
0.30300178789874854,0.2631506236150331
0.42354380351933757,0.30361790662076366
0.37959913428060604,0.2901288122855202
0.4511464508641511,0.312680632843541
0.41472977635582325,0.30118091743524855
0.5252658323139174,0.3341382949917386
0.5051598130547975,0.32838567426130494
0.49389918760390206,0.3261807792839342
0.5403531884194348,0.33922778941318854
0.6382798532041027,0.3637745149507353
0.6056271760609768,0.355811473190356
0.608136507637778,0.3580218942203017
0.6395658856372134,0.3637800410033102
0.5730058655625608,0.3471908311735678
0.6533672093096201,0.36554837782726674
0.6520811768765095,0.36554285177469187
0.6860198864527461,0.37351141958764605
0.36830714218500055,0.2863710965346125
0.3394184624070764,0.27465033902332553
0.5039365139111069,0.3277280740048961
0.3808851667137167,0.29013433833809504
0.4524324832972617,0.31268615889611573
0.46874313854646965,0.3168859588530125
0.5064458454879082,0.3283912003138798
0.4700291709795803,0.3168914849055874
0.3871271290110097,0.29211819121247123
0.42103447194253635,0.30207061189980167
0.3758351369154042,0.2865921386376071
0.37712116934851486,0.28659766469018194
0.42232050437564694,0.30207613795237653
0.34192779398387757,0.2766397179502766
0.31802641071484583,0.2664607291073767
0.5265518647470281,0.33414382104431345
0.37834446849220543,0.288139433358569
0.31808914400426597,0.2677980338304939
0.2904551300147424,0.25452998159824497
0.29293309494683356,0.2580611291935832
0.2942191273799442,0.25806665524615807
0.3343997992534739,0.2728820021993689
0.2151124494212854,0.22777283503075252
0.2439697625544996,0.23683556125352978
0.18117373984504875,0.21029945678903195
0.17110504689313386,0.20123120451367973
0.22386374329537972,0.22909356159614505
0.31303911420595343,0.26580312885096796
0.3143251466390641,0.26580865490354283
0.33436843260876387,0.27110813932283756
