0.45616511401775356,0.3042810329297474
0.5064144788431981,0.3217544111714679
0.21382641698817478,0.2251148037422428
0.3444057589159688,0.26757146567492446
0.20375772403625983,0.2069838252441134
0.6709638969919388,0.3646697354678633
0.4311031648944513,0.2994236327164417
0.1736457451146451,0.1972579727123524
0.4750478341331828,0.30716563237382644
0.5905711866001694,0.33658081022982855
0.13214767416329476,0.13778106884908903
0.32680907123365016,0.26579760279839304
0.493867820959192,0.31888086383253855
0.21376368369875473,0.20808350970651135
0.29672845895674543,0.2452462132724731
0.40974247984693074,0.29588143301595377
0.3217904080800477,0.2565138344726212
0.569241868197359,0.33193892606694264
0.47125247012327093,0.3042865589823222
0.4775257990652739,0.31799116936798544
0.18371443806656002,0.2032316355457806
0.2954424265236348,0.24148297146899056
0.34446849220538883,0.27708732820884063
0.5215332015934255,0.3266283895424981
0.5101784762084,0.3228596216864407
0.37959913428060604,0.28968672807953105
0.7111132022207585,0.36577494598283616
0.13964430224898844,0.15766933206602526
0.2539757222169945,0.232188151038069
0.1421536338257897,0.15789037416901983
0.2577397195821963,0.23240919314106356
0.27163514318873316,0.23839390807964148
0.5955271164643517,0.34607456855344526
0.4210031052978263,0.2965390332723626
0.30422508704243906,0.2520929924127298
