0.2853423669270098,0.2288725194931505
0.49135848938239074,0.2974397798420655
0.27906903798500676,0.2162731196224601
0.3807910667795866,0.2578456131431635
0.4888491578055895,0.2954504009151143
0.45992911138295545,0.28659766469018194
0.48125842978576583,0.29543934880996464
0.6557824409522914,0.3403329999281614
0.2514350239954832,0.20477340421416773
0.4322950973934319,0.2766452440028515
0.38204573256798724,0.26071916048209287
0.3155170791380446,0.23463066627615894
0.3443743922712587,0.2516509082067407
0.30667168532982025,0.2319671089350744
0.18230293905460931,0.15877454258099813
0.33189046767667263,0.24591486563403167
0.4637244753928672,0.28726631705174044
0.324331106301559,0.24126745541857086
0.2237696433612497,0.17845834185266438
0.2753364072645149,0.21539447726305666
0.2426837301213889,0.2036737197517697
0.23136037138107335,0.19416338327042848
0.18107963991091874,0.1536961002646979
0.5729117656284307,0.31357585336066884
0.271478309965183,0.2091887202214842
0.1924029986512343,0.17602687871972414
0.36692700981775983,0.25496101369908436
0.29164706251372297,0.22932012975171448
0.5101157429189799,0.3025126961057908
0.6545591418086009,0.3398964417747471
0.6395345189925035,0.330176115295561
0.5942724506759512,0.32861224241687437
0.4360590947586337,0.27708732820884063
0.5905398199554595,0.32773360005747104
0.5616825068222453,0.3133658633628241
0.575483830494652,0.32154442117362314
0.45491044822935295,0.2806295279093286
0.47498510084376283,0.2874818331021602
0.5240111665255168,0.30849741104436873
0.38960509394310094,0.2733240864053581
0.45745114645086415,0.2843927697128111
0.4473510868542393,0.27996087554777
0.3205357422916471,0.23551483468813725
0.22505567579436028,0.18553721520106545
0.35569775101157425,0.252982686877283
0.12709764436498228,0.12981802708870974
