0.4757527151447489,0.212675748826254
0.47519449410334863,0.21171802219377656
0.38980080694737884,0.19067689330685744
0.18278559365747837,0.1151384511181009
0.33607733127945677,0.17482022888523124
0.25631531716141065,0.14846341772834212
0.4757668473230121,0.21350443554292864
0.6013171190141392,0.24077596002702759
0.4531412299234743,0.20696967997556406
0.5046035570692687,0.2195595110857266
0.46671518714537064,0.2095836910969536
0.5289250358604023,0.2262684977630359
0.2993124695274906,0.1623175133300411
0.268765766211375,0.15430124885592775
0.20428063679595254,0.12811975775342052
0.2631058288169247,0.1522099310643724
0.24613308272270545,0.14280036218291978
0.2551776768112153,0.14615431104935583
0.2483942312448329,0.14436844217242234
0.39658425251376117,0.19137381774663637
0.509139986291787,0.22191272001441764
0.3140170010104507,0.16776277998803252
0.3869673052055878,0.18950028884251194
0.42429745408808583,0.19999934663333768
0.4588011673179246,0.20866897776974377
0.35813766154846277,0.18183412000494384
0.25802531073126955,0.15099085776697788
0.38809081337751994,0.18976109103521047
0.41355699860798045,0.1989104021961831
0.5526741614318722,0.22923097110431487
0.563428749090241,0.23271668224764663
0.506306484549996,0.2204312111076688
0.24047314532825514,0.13992500439661315
0.3801909257283371,0.18854256221003451
0.28403558482486696,0.15774285774955477
0.2738462842970301,0.15464916660359865
0.3281421131846157,0.17290205325918348
0.2891161029105221,0.1593975088218111
0.3632181796341179,0.18449059995938236
0.2303121091569449,0.13835801335154777
0.19183725383511985,0.12289227998286002
0.22464510567336296,0.13517720665061925
0.22068102967050826,0.1321276177543679
0.2297256237590181,0.13648339550298616
0.18673553748206978,0.11709800663276056
0.22239102324036714,0.1334354400233905
0.16864634930505013,0.11147905333704301
0.19580132983797457,0.12550629110424957
0.18731495679086493,0.11762178890703194
0.29194960465231307,0.16100969106101848
0.2563223832505423,0.14855107775553308
0.3417160704065121,0.17542894882560067
0.3015806841387497,0.16401681112422078
0.2484083634230962,0.14558914888647265
0.2274786074151539,0.1357875600076444
0.29081903039124934,0.1596593999589468
0.2919566707414447,0.1618378333054745
0.30440005370227735,0.16449540220435022
0.5866055214420476,0.2384227510983366
0.6589834724175211,0.2483120000043558
0.5639869701316412,0.23302104221783138
0.4548370913150699,0.20831997107763575
0.4559747316652652,0.20840763110482668
0.548158930476749,0.2291008422440749
0.4463577843570919,0.20679544886561935
0.46162760297058386,0.20949657554198126
0.47237512453982095,0.2108909688937577
0.5447601416044261,0.22905673999437012
0.5764232870033423,0.233892197767555
0.3258950968407516,0.17190131332143843
0.4712374841896256,0.21080330886656673
0.38922845372771525,0.18980519328491524
0.3530359451954127,0.18030850884849026
0.35642766797860387,0.18083120217832443
0.6946106938192916,0.25837493554810115
0.586033168222384,0.23633143330678125
0.6810367365973954,0.25449774887961224
0.3219451530161601,0.17046445113661296
0.40790412730266173,0.19529510666482996
0.5000812600250139,0.2191239333108648
0.5345849732548525,0.2276628911148123
0.48086149758693053,0.21616200444180436
0.5690816203955597,0.2333264911324532
0.5566382374347271,0.2326725799979419
0.35248479024314416,0.1800918089054965
0.3598335229400583,0.18283594888712604
0.3292938857130744,0.1733828222281872
0.27612863108655256,0.15639311111970167
0.2749909907363572,0.15521650665535613
0.2874343736971898,0.15900657776887264
0.3072264893549367,0.16654261774620083
0.4067664869524664,0.19507677330518047
0.47010690992856186,0.21041128886919108
0.357007087287399,0.18131142667510958
0.4107164307770578,0.19642651993503357
0.41864458278276717,0.19973799996842057
0.3072194232658051,0.16497399328447968
0.3258738985733566,0.17098496657757284
0.30043597769942265,0.16353658662743562
0.4276821107821454,0.20017303327106387
0.4378714113099822,0.2040072066342851
0.39035902798877903,0.1913732732744178
0.39941775425555215,0.19307311554081605
0.3801838596392055,0.18723528441323048
0.3332438295376658,0.17416631775071995
0.3728280608531596,0.18692983549860862
0.24048727750651844,0.14214753999284566
0.23652320150366374,0.13983843331385937
0.25574296394174717,0.14746104437394136
0.36774754276750443,0.1861027821985897
0.362652892503586,0.18305319330233835
0.5984836172723482,0.2390331044553617
0.5860473004006472,0.2370294466909973
0.5741762706594781,0.2335448244921027
0.6601352449459796,0.25423749115913236
0.6380749146769736,0.24648311782215468
0.4107305629553211,0.19764722664908382
0.29649309996396295,0.1622309422472873
0.30837119579426375,0.167501977795334
0.3417231364956438,0.17708468884229417
0.3145822881409826,0.16954864886496598
0.40620119982193453,0.1950332155276943
0.3977289589530882,0.19246385112822811
0.5232721645550836,0.22478753332850568
0.350216575631885,0.18000414887830554
0.5747203595226149,0.23380453774036405
0.6267550398880731,0.24635135554525897
0.4910437320256357,0.2172514933511775
0.6131881487553082,0.2443912555583808
0.5566311713455951,0.231408859978624
0.5792567887451332,0.23541726445178995
0.4050706255608708,0.19398782886802593
0.3864090841641876,0.18923948664981344
0.436168483829255,0.20352752660971846
0.4406978469626416,0.20431211107668834
0.3304103277958748,0.17342529106123625
0.2845938058662672,0.15830856438465657
0.3185463641438373,0.16976698222461548
0.2359579143731319,0.1394899710939699
0.21389758410412585,0.13160492442453367
0.4293850382628726,0.20213367773016064
0.34794836102062593,0.1796551421861975
0.3456872124984985,0.17895821774641857
0.4339073353071276,0.20261281328250866
0.3388967008429844,0.17529881996536067
0.33833141371245257,0.1749939155229574
0.5210110160329562,0.22470041777353333
0.4440966358349644,0.20522736887611678
0.5549423760431315,0.23040757556866037
0.5311861843825298,0.22635561331800824
0.5764303530924739,0.23419764668217688
