0.2913633095606039,0.1359828241937757
0.3152820360254641,0.14411986396763993
0.3986133033626154,0.16285301910298125
0.3704441340859069,0.1560718769877856
0.4688213629514547,0.17855385249531402
0.6115348698835605,0.191807108299579
0.44759945016954944,0.172610804292156
0.4360298715501308,0.17140902707944278
0.42869971709625615,0.16914872512779913
0.45532352122879954,0.17541159097583447
0.3939799625916959,0.16195979779586503
0.4248404362282073,0.16772635958135002
0.36003151332843003,0.15509060935538674
0.3939799625916958,0.16113288686968621
0.49427994523732793,0.1809355134695521
0.31990986747323163,0.14507908064200736
0.34383134859966785,0.15291851123586883
0.382404874649125,0.16091221978252873
0.37044964340905906,0.15842046152497655
0.3079463722484374,0.1414183853485245
0.3596458607077828,0.15496932908621386
0.32222378319711537,0.1475818643785753
0.3314849554158024,0.14997455083182912
0.2921318601403225,0.13794528070515188
0.30563521118612974,0.1413633367068674
0.44876191735464344,0.17262198727801484
0.3642736921555503,0.15590649480254984
0.5120227204486792,0.18609551640232957
0.5297737596447589,0.1905832013754128
0.5093176427809962,0.18327283626746274
0.58569063497704,0.19085875959738416
0.45493235928500014,0.17509169457753557
0.46920426091052586,0.17882941071728542
0.481165001473744,0.1808913328000677
0.469207015572102,0.17938076342149284
0.4560893171469419,0.17696602601020756
0.495819801058341,0.1815638870200265
0.452230036278893,0.17474982597462677
0.4283140644756089,0.1689833429425634
0.43796088931494326,0.17215883840593313
0.477305720605695,0.17987690997720016
0.4676616504279367,0.1771425124278806
0.49697951358185893,0.18271061559108268
0.4325589979643051,0.17067031998538967
0.44605959434853637,0.17225806771707458
0.4491448153137147,0.1746505966634853
0.5116425771511841,0.1849049221754751
0.5147305527779386,0.18852135804605205
0.395525327735861,0.1619709020283023
0.2805595268593278,0.13531011246697383
0.24738238283735656,0.12515533127981165
0.27322386308230107,0.13149506046727086
0.27129835464064067,0.1284962089284172
0.24197498216356633,0.11925646374613803
0.28210213734191686,0.1353652398620524
0.27206965988193527,0.12915773766936023
0.2986934640144785,0.14099949589934874
0.29367997994606376,0.14064668057084578
0.3187501549497137,0.1447482375181143
0.2740034323083238,0.1317599082239127
0.2635825475661188,0.127426658710471
0.40555505053426666,0.164815554367779
0.4005415664658518,0.1641871020638831
0.41057128926425746,0.16625997087225955
0.33920351715190034,0.15118751103040115
0.35578657983973383,0.15366824380893762
0.31142275515741513,0.14342518003622817
0.34884483266808264,0.15311696985815174
0.42483492690505514,0.1662818643234479
