0.2523017785346345,0.10642580667642725
0.25627292062662077,0.11374460223854309
0.44914182347496123,0.18253049997250415
0.35526176327188186,0.15438890888311868
0.5215268405395665,0.20152386884535406
0.4808261671412723,0.18575595339535594
0.6284155708340105,0.22047531335737355
0.34960182587743166,0.15081662665703313
0.33941252534959476,0.14550148885928169
0.5362313720225267,0.20583663328870477
0.6374460327442569,0.22151961107260482
0.425399763992623,0.1720766333758203
0.7155051193815759,0.23389383118421075
0.5594293426417281,0.21071673778381295
0.47798559931034973,0.1854064022310294
0.5062711541043379,0.20017412221550102
0.2806014655068859,0.1262908755712194
0.3236056839620975,0.14232340451944608
0.2704262971573123,0.12472279558171685
0.4813843881826726,0.18671368002783337
0.25344648497396144,0.1087354578276321
0.48986369514065053,0.1944234066428877
0.4271026914733502,0.17299189117524874
0.3728209947640279,0.16349520673882376
0.41013701146826265,0.1690711467292737
0.3620593410165276,0.15613230892700317
0.37111806728330066,0.15835484452323564
0.4553811801782068,0.1849278111508999
0.41296344712092203,0.1708570156062072
0.30322708290642375,0.12977658671455117
0.30380650221521893,0.13583220672956772
0.3320849909200755,0.1430638867367112
0.2851308286402725,0.12694478670573073
0.32132333717257505,0.1387064755714372
0.24385073593318307,0.1044678845784233
0.3179457465676472,0.1380977556310678
0.44577129895916506,0.179700877852558
0.4282261996452823,0.17390606003023995
0.43840843408398755,0.17935132668823137
0.3021035747344917,0.12751212675748827
0.4067452886850715,0.1658914289727824
