0.2693098550745119,0.12450609563872307
0.2726945117685714,0.12785950003294058
0.24158252132192395,0.1198867933363134
0.21387638583673096,0.1051637200737651
0.25403297037188827,0.12041057561058476
0.22743621088036406,0.11017232001245753
0.6493665251093478,0.23951278447992833
0.563407550822846,0.22348080000392018
0.38187972103080103,0.17821882447359066
0.4022300577299482,0.1800918089054965
0.4214639523462949,0.18693146891526433
0.35528296153927685,0.16658671999590555
0.4486189328792194,0.1936845578422784
0.377922711117078,0.17551824226944732
0.4028024109496118,0.1800923533777151
0.4463436521788286,0.19037307780889134
0.44520601182863323,0.19019830222672804
0.4101582097356576,0.18479713781844134
0.7098805124327838,0.24252044901534922
0.28347029769433507,0.1438043689539763
0.3937436846828386,0.18004770665579176
0.39204075720211135,0.1793937955212804
0.3586817504115997,0.16824246001259907
0.31852516587644236,0.1517759867061663
0.3219310208378969,0.15273534675529948
0.3094735056988009,0.1498589000245557
0.2930801789133768,0.14480619783615853
0.37000162520050023,0.17320913559046106
0.4565258866175338,0.1980397911186781
0.49838539863341835,0.20797314227440203
0.4095858565159941,0.18370764890906827
0.4231668798270221,0.18937124892670915
0.6227909638852184,0.23489511559417436
0.5153510786385059,0.21420244892714474
0.5147857915079741,0.21354908226485197
0.581510871178129,0.22470150671797046
0.4480395135704241,0.192202504463311
0.5481518643876173,0.22186970670915
0.6256244656270094,0.23672508672081263
0.5577546795175273,0.22287099111911363
0.588301382833643,0.2288400400513764
0.3179457465676472,0.14998902888479568
0.6069558581411946,0.23093081337071314
0.5877290296139797,0.22740208892211378
0.4638887514927113,0.20204819559184403
0.48085443149779894,0.20492355337815066
0.5102493622854559,0.21250260666074647
0.5227068774245518,0.21812319337311975
0.5407960656015715,0.21864588670295393
0.2812091491722077,0.13622531567138052
0.49160195306703597,0.20766823783199873
0.47689742158407583,0.20474932226820594
0.5198733756827608,0.21455091114703417
0.5464560029960218,0.22038874227461977
0.26704870655238444,0.1211957045497732
0.40618000155453965,0.1820949221976423
0.36037054571406363,0.1716829799617889
0.308908218568269,0.14846505114499786
0.23932843888892819,0.1146168467327039
0.2727157100359664,0.13583220672956772
0.30098713265169125,0.14576392446863598
0.3547247404978766,0.16427870226135646
0.32531567753195634,0.15739548447410245
0.609782293793854,0.23406697334971832
0.606948792052063,0.23010267112625712
0.5747132934334832,0.22409060888872673
0.45484415740420153,0.197997322285629
0.5096982073331873,0.20836570674399624
0.4503218603599466,0.19625501118618172
0.3417160704065121,0.16358123334935898
0.34114371718684855,0.15743904225158864
