0.33305103353094323,0.21097363520316534
0.3519337536463725,0.21651073988317926
0.4561337473730435,0.27863462292980257
0.5201844358708949,0.28594006443377307
0.5528057463693109,0.3034023905703439
0.45491044822935295,0.2578621913008881
0.6557824409522913,0.316460452804748
0.6557824409522914,0.31911295804068285
0.6532417427307801,0.3122551267952764
0.6218437313760546,0.3111443902277287
0.6231297638091653,0.3111499162803036
0.4524011166525518,0.25476760185896413
0.31796367742542575,0.19881079348588923
0.35943038173206615,0.22689419267134908
0.4095856466233807,0.2399301506954537
0.29911232395470655,0.19327921485845018
0.2890122643580816,0.17735313133769154
0.29901822402057654,0.18044219472704065
0.26137825036855805,0.16209570017849148
0.2638875819453593,0.16717966854736654
0.2299802390138327,0.11743966932101393
0.25890028543646687,0.157680384171175
0.2300116056585427,0.12606583739037694
0.23628493460054578,0.13645481623112163
0.2413349643988583,0.13889180541663673
0.21363821711991468,0.11566580644448252
0.2777516389071861,0.17625344687529357
0.39079702644208153,0.23905150833605032
0.4210344719425364,0.25123092821105103
0.4184937737210251,0.24945706533451958
0.3720084062607823,0.23574140284370665
0.48505379379567765,0.28240339078585996
0.526489131457608,0.28837705361928817
0.35318841943477314,0.22269991876702716
0.3983877544619053,0.23928360254419462
0.4322950973934319,0.2529937389824327
0.6758884602114111,0.3242024524621328
0.35067908785797186,0.21231093992628244
0.35692105015526493,0.22313647692044142
0.3858410965778991,0.2366310973082598
0.4134123772780026,0.24679350799343508
