0.3928202500681779,0.16165100563000345
0.9332765873048666,0.25213057537801065
0.7230435704821481,0.22629638172917485
0.7994165626781919,0.23884377061616918
0.554852198633137,0.19706649805034102
0.9197759909206354,0.25210844566655766
0.8329821139823864,0.243607171318067
0.9105175733635243,0.25144683817219304
0.769332903606127,0.23511707995543513
0.8545841700617868,0.2454485838205349
0.22229567986425028,0.11667618664277393
0.011608143881483441,0.026594557933812633
0.1767721426584137,0.10354436861452491
0.0034956655400100816,0.0163514941611032
1.3773307880260371e-05,0.008589241920351784
0.8985568328003063,0.25069694809228116
0.33958090578781946,0.14835372666309707
0.7242005283440902,0.22768559208515526
0.010057269414166122,0.021478499410255
0.7469595422854323,0.2317321003907667
0.7874640860997019,0.23767514859392472
0.07645012272017324,0.06288090568954881
0.8653851981014871,0.24706940798926694
0.6339330231584398,0.2131753529196769
0.6894835285011058,0.22086058431416133
0.5779968651951265,0.20087044581760669
0.35231019693075605,0.14884995197222595
0.00039942592852755076,0.009107439434090514
0.8183245597362133,0.2421517293345707
0.91398844694935,0.2518327299377432
8.263984728156224e-06,0.0057445108274535375
0.00040218059010360284,0.010783390997901144
0.3897295197798474,0.15823294962828785
1.1018646304208297e-05,0.007288156643075555
0.8800455070092362,0.24839262297799616
0.059850532062883426,0.05091778843696588
0.3469138149032701,0.14849721539714447
0.8082948369378079,0.24014501340028854
0.838766903292096,0.24383870637739705
0.6470507215835997,0.2148183067998619
5.509323152104149e-06,0.004068559263642909
0.41519361138887284,0.16233474283582097
0.7338473531834245,0.22825907450081565
0.35655237575787635,0.15048172286655218
0.8541985174411395,0.24507371753400048
0.25624963845066817,0.1259711379735532
0.14821181143790582,0.08685116335735601
0.7963368510361657,0.23836983252533644
0.3017704209949286,0.13560780040039816
0.1744499629498018,0.09710525260908116
0.8912294330080077,0.2499251645611809
0.6860099002537041,0.22014384942471818
0.5841700617870591,0.20389150582133492
0.027045267353679264,0.03273606475925356
0.23888700653681194,0.12041406028936687
0.09380999997245341,0.06795278354362203
0.5386465245812225,0.1922040255441449
0.28942402781106324,0.1300066995535705
0.5448169665115794,0.19457450353252423
0.4873409527272528,0.18009765581777917
0.3804655928995844,0.1572955476516873
0.7670217425438196,0.2344556299679136
0.0007878332107508932,0.011367741385734181
0.5671958371554263,0.19776118198175274
0.7222667559177016,0.22606468916300165
0.0038813181606573723,0.01715635412925059
0.8862159489395929,0.2490321007609078
0.07257982320582007,0.05467755553474716
0.37854559378107594,0.15649092394380443
0.8966313243586459,0.2504544663073569
0.7550610019806014,0.23434521767091332
0.4877266053478999,0.1811891782403352
0.3739150076717326,0.15566393426420405
0.09921740064624364,0.07317909685733684
0.09882348404086819,0.06797483450165347
0.004269725442880715,0.018666923507825454
0.8032785982078169,0.2395716097380497
0.8877585594221822,0.24926363582023786
0.9058897419157569,0.25076325847321856
0.49004052107178364,0.1824901847641899
0.8958600191173514,0.24998037070968107
0.24390049060522673,0.12075585013885412
0.7782056685425909,0.23515023514590383
0.005432192627974692,0.021456527205645108
0.49274008941631475,0.18296428036186577
0.28942678247263925,0.13136291222592533
0.5093259067657244,0.1864594359632698
0.5934284793441701,0.20504925987140676
0.03090730288330427,0.036319502946204875
0.022414681244335724,0.032339068761266174
0.4144250608091543,0.1622466177571168
0.3206756633913741,0.14333689745068093
0.8160078893507537,0.24093884788942022
0.0027216056371394486,0.015138612715952715
0.0007905878723269453,0.012271909418444572
0.0050410306841752964,0.01877717829798263
0.12430134895777384,0.0843483796207881
0.012382203784354071,0.02689232462065855
0.857669391026965,0.24665036103324814
0.0011762404929742361,0.013561890463283542
0.34923048528872996,0.1485524215456447
0.6686527776630001,0.21899712085366196
0.4391095831921569,0.17121041095031692
0.2925147580993937,0.1325096407969815
0.030130488318857583,0.03397091840901393
0.6617110304913487,0.21674792313445562
0.8433974894014392,0.24487518015829607
0.17368141237008325,0.09526407636687786
0.021640621341465095,0.02787367100647897
0.8445516926018052,0.2448971523629059
0.8275802226317484,0.24293453834468665
0.16248646772500763,0.09198919408552353
0.856126780544376,0.24660625911718526
0.8723296999347144,0.24759870973544296
0.5999845738951742,0.20524771849368967
0.17599808275554304,0.10071074175406396
0.28055126287459947,0.12802203457731975
0.9093606155015825,0.2514137617351459
0.6022984896190579,0.20604155298282137
0.7959511984155184,0.237763431179472
2.7546615760520743e-06,0.0021720981195179254
0.1150319127543586,0.07470069171492741
0.8738723104173035,0.2480617798541031
0.3901206817236469,0.15844259123642954
0.23193975004200856,0.11745907440631144
0.41751303643590876,0.1666458626378097
0.48000804361180216,0.17916033259460004
0.0918789822076409,0.06363071701603916
0.4526239528842684,0.17914922836216282
0.8808140575889549,0.2485579264098104
0.27090719269684127,0.12648941424071353
0.5224436051908842,0.1914431099852173
0.8067467171320666,0.23989126987608395
0.3191358075703609,0.140503428097063
0.061398651868624685,0.054644557851121545
0.6624768264094913,0.21697930068694257
0.6763658300759462,0.21948224193035354
0.881199710209602,0.2490099710494548
0.6103999493142271,0.2094595302311154
0.44374567862465264,0.1724565263393576
0.9074323523983461,0.2513476088610516
0.049818054602901764,0.04845894910961776
0.27900314306885826,0.1276359853049266
0.1482173207610579,0.08793181780773943
0.895474366496704,0.24995831975164962
0.13394266447395606,0.08532964725318697
0.38163356940783044,0.15740611745553054
0.05445139537382135,0.04938524685378113
0.7924775701681167,0.23774130146801903
0.30910057544880337,0.13884936998444072
0.11967076284843031,0.07938683531029361
0.1995394205844841,0.11362205020199859
0.623512138416235,0.21054002717465573
0.17059068208175282,0.09335651099031564
0.4151936113888729,0.162334742835821
0.24968803457651212,0.12136233023814014
0.6582374022439472,0.21495069130147207
0.8877585594221821,0.2493518396523636
0.1621063244275124,0.08848324926536838
0.6991275986788642,0.22523777823682284
0.501221692408979,0.18322881310482142
0.5151162053985857,0.18934826897223095
0.41866999429785057,0.16915967185339337
0.35694353770167564,0.1541092629695664
0.03476933841292928,0.04362955304046879
0.33186234405172144,0.14628077910129914
