0.6196087829629692,0.17298590683895504
0.46145539789709145,0.1513418677366212
0.5019654510345132,0.15940196541764004
0.4510455318011906,0.1470861115899757
0.37658702940050304,0.12820970398085157
0.4410130543412089,0.14322703642763143
0.4059104018775774,0.13626972290844894
0.2666181846229282,0.0851094526865588
0.3079188256326769,0.10874910349073755
0.35343960817693754,0.12128546689871626
0.28745169012261,0.09480108500163924
0.39664922965889027,0.1347370238184211
0.5926048355329306,0.1691377784022049
0.41786287845606723,0.13821012846179367
0.3796694957041053,0.13284032641403148
0.31062390330036005,0.11914628770940239
0.34687800430278143,0.12105377433254311
0.39124733830825215,0.13417464563519793
0.3773528253186455,0.12847415797038575
0.41747171651226794,0.1368538370360174
0.44217001220315083,0.14613776288778088
0.3603896193333168,0.12716228347435843
0.4032053242098942,0.13555290926558422
0.49385297269303985,0.15334858367090337
0.42325926048355333,0.1404702729065943
0.5208706934309586,0.1646172532523391
0.2882312593486326,0.1050991186625842
0.39047878772853367,0.13408652055649373
0.3792865977450341,0.1288271308057318
