0.8543019353219786,0.4126635020805588
0.10194159530754995,0.12737551185061974
0.9510053009629561,0.42262697487303896
3.136664471001537e-05,0.022330778455026224
0.8593205984755812,0.41531600731649365
0.09817759794234812,0.12604925923265234
0.9170979580314295,0.422179364614475
0.895737272983909,0.42128967014992186
0.6973118785483516,0.3863318615613309
0.7199272293842727,0.39075822967379714
0.6659138671936262,0.37947403031592447
0.6332611900505003,0.37151098855554515
0.7337285530566795,0.39230552439475913
0.7123678680091591,0.3892054089002603
0.8229039239672532,0.40580567083515234
0.5905711866001693,0.3593481468382691
0.6068818418493773,0.36443211520714414
0.5378124901979234,0.3456324843474562
0.6131551707913804,0.36575836782511156
0.7274552241146764,0.39208448229176457
0.6583858724632226,0.37704256718298423
0.5805338602929644,0.3571377258083234
0.5943351839653712,0.36222169417719846
0.696057212759951,0.3852266510463581
0.5868071892349676,0.3584639784262908
0.6470938803676171,0.3737269356380657
0.6646592014052257,0.3783688198009516
0.67344186192403,0.3799161145219136
0.6671998996267369,0.37947955636849934
0.5277751638907185,0.3434220633175105
0.634547222483611,0.37151651460812
0.6772058592892318,0.3805792408308973
0.6269878611084971,0.3701847359375778
0.1032589943853706,0.13379678494261193
0.6458078479345064,0.3737214095854908
0.7425112135754839,0.39495802963069393
0.7437658793638845,0.39606324014566674
0.6885292180295473,0.3839003984283907
0.4737931683447822,0.32507004271638645
0.8329412502744582,0.4117738076160057
0.7136539004422697,0.38921093495283515
0.663404535616825,0.3772636092859788
0.5001725165459051,0.3343593370947332
0.45368714908566227,0.3190963798829583
0.10576832596217184,0.14109117434143267
0.6496032119444182,0.374611104050044
0.6558765408864213,0.37593735666801137
0.6571312066748219,0.3759373566680114
0.5579185094570434,0.35072197876890604
0.7349832188450801,0.3936317770127265
0.5265204981023179,0.3414326843905594
0.6898152504626579,0.38390592448096555
0.559204541890154,0.35139063113046465
0.8028292713528434,0.4049215024231741
0.6282738935416078,0.37019026199015265
0.5114645086415106,0.3383380949486354
0.6985979109814623,0.3863373876139058
0.679715190866033,0.38124236713988097
0.4436498227784574,0.31777012726499093
0.5491672155829491,0.349180210100519
0.4888491578055895,0.3288277584672942
0.5466265173614379,0.34740634722398755
0.5215018349487155,0.33988538966959736
0.36077914745459677,0.28615005443161795
0.5742291647062513,0.3564690734467649
0.8279225871208558,0.4084581760710872
0.08939493742354382,0.11853382773083704
0.5077005112763087,0.3348014213007223
0.7651265644114049,0.39938439774316015
0.5365578244095228,0.3436431054205051
0.07308428217433582,0.11720757511286964
0.1548257582886359,0.1897425412105371
0.5579185094570434,0.3513851050778898
0.6056271760609767,0.362442736280193
0.51020984285311,0.3365697581246789
0.5240111665255167,0.34054851597858116
0.5265204981023179,0.34165372649355397
0.51020984285311,0.33590663181569513
0.49010382359399013,0.3308171373942453
0.5905711866001693,0.35868502052928536
0.4699978043348703,0.3248434745608171
0.41855650701044517,0.3073811484242462
0.3532511527241931,0.28570797022562877
0.15733508986543712,0.19416338327042845
0.5704651673410495,0.3535955261078355
0.4097424798469307,0.30361790662076366
0.39343182459772275,0.29764976983991037
0.6257331953200966,0.3690795254226049
0.24898842570810203,0.24324578224037227
0.46504187447068795,0.3235282740479994
0.608167874282488,0.364437641259719
0.33694049747498506,0.27996087554777
0.47507920077789284,0.3250755687689613
0.6182365672344029,0.36665358834223954
0.5956212163984819,0.36222722022977333
0.5454032182177472,0.3463066627615896
0.21762178099808666,0.2237940771768503
0.6784918917223425,0.38058476688347215
0.3168658448605753,0.2722244019429601
0.575515197139362,0.35647459949933974
0.44364982277845744,0.31578074833803976
0.5478811831498385,0.3491746840479441
0.10074966280856938,0.12672343764678576
0.18117373984504878,0.2060996568321351
0.38342586493522784,0.2965500853775123
0.4599604780276654,0.32086471670691485
0.43988582541325555,0.31423345361707783
0.28543646686113994,0.2556351921132178
0.6747278943571406,0.37992164057448846
0.11963238292399864,0.16917457352689252
0.37464320441642357,0.2914661170086373
0.7789278880838117,0.400489608258133
0.7186725635958721,0.38965301915882433
0.3997365201844359,0.3016340537463874
0.6169505348012922,0.3666480622896647
0.27414447476553433,0.2554141500102232
0.4348671622596531,0.31312824310210496
0.42733916752924944,0.3120230325871321
0.4147925096452432,0.3045076010853168
0.29296446159154355,0.2600560341731092
0.40851918070324017,0.301855095849382
0.19252846523007436,0.213184056233111
0.7450519117969951,0.3960687661982416
0.24271509676609893,0.23860389807748633
0.3620338132429974,0.29079193859450386
0.5679872024089583,0.3527168837484321
0.640789184780904,0.3719530727615343
0.5729744989178507,0.35447969451981376
0.23142310467049343,0.23727764545951893
0.5441171857846365,0.34630113670901475
0.2540698221511245,0.24568829747846224
0.42482983595244816,0.31003365366018104
0.3947178570308334,0.29765529589248524
0.2553244879395251,0.24767767640541336
0.1372604372510273,0.18377440442968376
0.09447633386656629,0.12561822713181292
0.3457231579937894,0.2812871281657374
0.21134845205608357,0.22092052983792088
0.029014146356764216,0.06545609274926642
0.3984818543960353,0.30030780112842004
0.17364574511464512,0.19703693060935784
0.5089551770647094,0.3356855897127006
0.2728898089771337,0.2534247710832721
0.3331765001097833,0.2753189913848841
0.5617138734669552,0.35139063113046465
0.36077914745459677,0.28769734915257994
0.2113484520560836,0.21915219301396435
0.4926445218155014,0.3325910002707767
0.00887676045293435,0.048645840816529534
0.6445531821461058,0.372616199070518
0.7048398732787554,0.38677394576732005
0.4235751701640476,0.3093705273511973
0.4650105078259778,0.3210912848624843
0.3770898027038048,0.29189714910947673
0.3746432044164237,0.2908029906996536
0.4800978639314953,0.32662286348992337
0.4813525297198959,0.3286122424168745
0.4913898560271008,0.33082266344682015
0.41855650701044506,0.3080442747332299
0.03535020858818732,0.08580301832991638
0.3620338132429974,0.28968672807953105
0.10573695931746181,0.13423334309602622
0.2904551300147424,0.25674040262819064
0.3519964869357925,0.28371859129867766
0.6810012232991437,0.38124789319245583
0.2954737931683448,0.26646625515995165
0.6596719048963332,0.3770480932355591
0.7362692512781908,0.39363730306530137
0.20758445469088174,0.2189311509109698
0.7663812301998055,0.40048960825813296
0.7287412565477871,0.39209000834433944
0.10824629089426305,0.1550113007775156
0.12088704871239925,0.17182707876282735
0.44239515699005677,0.3157807483380398
0.39973652018443584,0.30030780112842
0.21887644678648724,0.2286570034427308
0.17737837583513694,0.1981366150717558
0.2929644615915436,0.2620454131000603
