0.946848877551741,0.30446832015619824
0.7059305686081923,0.24487311347182164
0.915185732152825,0.29967642016049956
0.9072646462362471,0.29845625791866787
0.13861547049554485,0.058812255634062394
0.40502822902608104,0.15556660229190133
0.2822619964528233,0.11335149329673028
0.7296867602687939,0.25345508458103677
0.031133188714042435,0.020780326694220592
0.07525384925205446,0.03968658001209817
0.08770429830201877,0.04190911560833064
0.6753838652920765,0.2368132912202221
0.587156676394316,0.20923795123815705
0.1261508892673172,0.05881007774518809
0.4429024667717159,0.16523642889383391
0.1827431971226885,0.08390425782719649
0.93441256068004,0.3034229334965298
0.7443912917517538,0.26486776675463525
0.5396301608948496,0.19429436672708492
0.03339433723616989,0.021259462246568602
0.39314306710664854,0.1533005089181827
0.7421301432296264,0.25750650235947037
0.8676804149207535,0.29039698013928694
0.14937005815391355,0.07048682894479649
0.45534584973254866,0.1706816955518253
0.1074964139597657,0.057067766645740786
0.42481327859469636,0.15939968671068544
0.884646094925841,0.29418705125280337
0.9044382105835879,0.29636548459933104
0.6148698779686406,0.21964934900179184
0.33544138325760847,0.13077787112451483
0.5894178249164436,0.21328882454437206
0.3507535984058902,0.147028733432391
0.23818373244960112,0.10703670450567095
0.30830053490294723,0.12598597112881613
0.4180368991174456,0.15778859341591522
0.4485694702552979,0.16828656226230385
0.7834102359367155,0.2680050156780775
0.014732795839486718,0.01777429557545541
0.6340967064958556,0.22722894675660624
0.731954974880053,0.2547188046003546
0.037351347149892945,0.0275317822045789
0.6917771920775005,0.24256291784839823
0.6883854692943094,0.24090772230392327
0.3761703210124293,0.15046816443714367
0.0005723532196635128,0.004748342218212487
0.8614551903957712,0.2876522956854388
0.8354307841239106,0.2796795889888117
0.22968322722422815,0.09618918449495573
0.4841966916570686,0.18196479333740234
0.21439927643247292,0.09039436667263771
0.14425420962260016,0.06791474218423742
0.9536323231181233,0.3049474557085462
0.8218780251694091,0.27889663793849756
7.066089131648307e-06,0.003615840003571738
0.17143038842291955,0.08211784447804442
0.09166130821574181,0.043172291155429934
0.7115905060026425,0.24687731570840465
0.0034058549614544836,0.00797216222440858
0.877855583270327,0.29126813568901055
0.5843161085633936,0.20862705340891333
0.6176892475321684,0.21991015119449042
0.19462835904212092,0.08468938676638495
0.3484641855272363,0.14367260667708062
0.6035500031797401,0.21860287339768633
0.32979557804142134,0.12755514006275587
0.39879593841196725,0.15512993557260238
0.6816090898170588,0.23798989568456763
0.9214038905886754,0.3012445001500021
0.2698468778485172,0.1121335089437729
0.05319351898304845,0.02979787557829756
0.7262879713964709,0.2532803089988735
0.324700927777503,0.12738036448059253
0.8365754905632374,0.2811616423677791
0.626755039888073,0.22553073790686365
0.7002635651246104,0.24321682898290956
0.006804643833777318,0.01145732889552177
0.3348760961270765,0.1279466155879129
0.09221952925714205,0.04473982667271394
0.8936906890143509,0.29510176458001325
0.035655485758297356,0.021869271131375156
0.8009412030723351,0.2751054778805439
0.5509429695946185,0.2009156933772033
0.8388225069071017,0.2816832467531761
0.4694992262632402,0.17887219113588337
0.0017099935698588903,0.006012062237530361
0.09675595847966025,0.0462218800516813
0.04470007984680719,0.028794957751678195
0.93441256068004,0.30250822016932
0.8207333187300822,0.2758029467925414
0.38185145667427456,0.15047034232601791
0.05375880611358032,0.03101749334791067
0.011326940878032236,0.012328484445245425
0.21950099278552299,0.09518681114055497
0.639756643890306,0.2360281622810337
0.15444351015043706,0.0720973777673481
0.2070576098246903,0.08603913339623803
0.6205156831848275,0.22313342672846787
0.9445806629404818,0.30446777568397965
0.46894100522183996,0.17551878674166588
0.9168815935444206,0.3000684401578752
0.3699662947548421,0.14951098227688478
0.4615922725249257,0.17138079788047855
0.5537764713364094,0.2031376845012172
0.10409762508744284,0.04983663111081588
0.7432465853124268,0.2595090711793976
0.7212003872216842,0.25140732456696757
0.2110075536492817,0.08834715113078712
0.9293179104161216,0.30133161570497446
0.014160442619823207,0.012764606692325826
0.4876096127076548,0.18980682670157092
0.21499282791953137,0.09287933787822443
0.012457515139095963,0.01241560000021779
0.5679086495997061,0.206448075590167
0.6029847160492082,0.21429065342655426
0.6193851089237637,0.22200092451382714
0.7935783381971575,0.2691805311979859
0.8942630422340144,0.29623481126687257
0.5877078313465846,0.2125036956051836
0.030553769405247275,0.018819137762905218
0.024335610969396765,0.018340002210557208
0.41294931494265874,0.15635118675887122
0.17029274807272418,0.07741306003731813
0.8755944347481995,0.2912245779115244
0.1001406151737198,0.04887836000611987
0.7194974597409569,0.2500564889926774
0.3428113142219175,0.13570153339710916
0.7013941393856739,0.24378308009022998
0.532832583150204,0.19167981113347685
0.140862486839409,0.06390742665550861
0.8416630747380245,0.2856480934488559
0.5792214582994749,0.2077989111644573
0.42482741077295955,0.16454059339849217
0.785113163417443,0.26831046459269936
0.2868196239427364,0.12280625337232479
0.7805838002840565,0.26735164901578473
0.05999109672769412,0.039555906679639624
0.5300202796758079,0.19102753341562123
