0.28906664028660056,0.1199739088912858
0.6561146402300718,0.21903790670032958
0.36148698779686406,0.14323866231887453
0.5894107588273118,0.20901961787850756
0.5781050162166745,0.20644970900682277
0.5786844355254697,0.20849801349311053
0.5549070455974731,0.19534084233119045
0.566785141427774,0.19817264234001092
0.6137251715293136,0.2094121823481018
0.42312448329223223,0.16710995779795834
0.536224305933395,0.19098288669369787
0.3496018258774316,0.14188728227236572
0.28905957419746897,0.11749057110235478
0.250040630012507,0.10686138445128907
0.2602228644512122,0.11017232001245754
0.22457444478204647,0.09657957107567564
0.31846157107425743,0.127422288841423
0.23872782131273804,0.10119832890586675
0.2307996693070286,0.09718992443270077
0.22628443835190537,0.09701623779497463
0.272100960281513,0.11644518444268641
0.28963899350626404,0.1250707133293877
0.23759724705167432,0.10111121335089439
0.20932582443594944,0.09261690226887018
0.26021579836208053,0.1085601377732502
0.6244656270094191,0.21389863342917861
0.43329965164180584,0.17107371554920095
0.5345284445417994,0.1905473089188361
0.4485694702552978,0.17760792664434694
0.4938065728761103,0.18971807772994287
0.46836865200217637,0.1799175777955518
0.4615781403466623,0.17760847111656552
0.4276467803364872,0.16937496222723986
0.46384635495792137,0.17961267335314848
0.4921248436627779,0.1884995489047669
0.4706368666134354,0.1878020799927694
0.38353318588760676,0.15826609555160753
0.3643063573603917,0.14685341337800908
0.3858084665879975,0.16057574670281233
0.4073035097264717,0.16654425116285654
0.3948601267656391,0.16445293337130118
0.5339702235003992,0.19046073783608228
0.5639375075077198,0.19795322003592428
0.5464136064612319,0.19486061783440528
0.3275414956084256,0.13809666668663068
0.43561026278785475,0.17303762684160923
0.40562884660227094,0.16484713125755115
0.36547226206711375,0.14777084906631183
0.35017417909709514,0.14302032895922503
0.3258597663950933,0.13552784675938304
0.3665887041499141,0.14986053344121142
0.31396753838652924,0.12690177340046313
0.3224539114336388,0.1309531911788967
0.26136050480140754,0.11422373779089108
0.2862472707230729,0.11679473560701303
0.28567491750340934,0.11661996002484971
0.24609775227704722,0.10494593118633419
0.21611633609146347,0.09488245117037025
0.20085358356710312,0.09148494452644801
0.535100797761463,0.19063496894602702
0.3722133110987062,0.1537349977486074
0.42424799146416436,0.16911307109010415
0.36429222518212845,0.143759722232053
0.6527299835360122,0.2158587334160568
0.5752503162074887,0.2025708889216782
0.5571540619413373,0.19677716004379736
