0.1873078907017333,0.11300412002127798
0.5424919269931671,0.22905619552215156
0.40676648695246637,0.19681908440462778
0.2597282382119968,0.14968466891461096
0.3027041923106818,0.16453895998183643
0.20031656079309781,0.11696842224473918
0.22239102324036714,0.1319109178113741
0.36944340415910004,0.18671259108339625
0.4282544640018089,0.20265637105999484
0.5441807222956309,0.2291863243823915
0.5956430494414257,0.23720258885650486
0.5311791182933981,0.2274875710604304
0.4282615300909406,0.20326672441701998
0.38867023268631506,0.1923756466288186
0.5357084814267846,0.228446386637345
0.5164816528995697,0.22544035551857983
0.48254322680026285,0.2168578399371461
0.48820316419471316,0.21816511773395017
0.46388168540357977,0.21180459327653037
0.4684039824478346,0.21332911548854674
0.33155503423520183,0.17473311333025887
0.3943301700807654,0.1934215777607055
0.3123211396188551,0.16893883998015943
0.2653811095173154,0.15216746223132338
0.3038347665717455,0.16519232664412917
0.4186375166936355,0.20034726438100856
0.35417358554560807,0.18231271108507324
0.3094876378770642,0.16745733107341065
0.32362688222949243,0.1723363466240817
0.25237950551508254,0.14920553336226294
0.39545367825269745,0.19403084217329353
0.43391440139625925,0.20435566885417455
0.39319252973056995,0.19342103328848698
0.3971566057334247,0.19494609997272191
0.35078186276241685,0.18113665109294633
0.5730315642201511,0.23576518219946085
0.45256887670381074,0.2099746221498921
0.27047575978123384,0.15443301113282346
0.239370835423718,0.14384738225924393
0.25067657803435534,0.14554613558120502
0.21051999349919798,0.1304735111543301
0.23428325124893123,0.14132103116504532
0.261431165692724,0.14968521338682952
0.2365443997710587,0.14323757337443735
0.2953625257028992,0.16292786668706621
0.22465217176249463,0.134742173347976
0.28517322517506233,0.1593114822112759
0.31005999109672766,0.1680676844304358
0.25180715229541906,0.14728844668065236
0.30609591509387296,0.1667604066336317
0.27896213282834353,0.15817952446885372
0.2868761526557896,0.1602702977881905
0.44183548731283695,0.20662121775567466
0.41807929565223534,0.19999934663333768
0.2704757597812339,0.15473791557522673
0.24953893768415994,0.14502289777915225
0.29196373683057636,0.1620126088876378
0.27556334395602067,0.15695936222702203
0.26933811943103847,0.15360486888836739
0.2993124695274906,0.1635806888771404
0.2829120766529349,0.1590501355463588
0.33438146988786116,0.17643186665222
0.343426063976371,0.17904533330139094
0.31628521562170986,0.17037679110942205
0.3553041598066718,0.18235626886255943
0.31684343666311005,0.17111672885446855
0.3366426184099886,0.17730302220194366
0.3479554271097576,0.18083174665054305
0.3671822556369726,0.1860592244211035
0.3055376940524728,0.16641248888596083
0.3253298097102197,0.17351295108842718
0.380756212858869,0.19015419997702326
0.3994177542555522,0.19520744663763903
0.45031479427081494,0.20906045329490086
0.4853696624529222,0.2176418799318974
0.47802092975600796,0.21572533772250538
0.40959998869425734,0.19703741776427727
0.4729404116703528,0.21376578220784573
0.4701069099285618,0.2136781221806548
0.37735742398654615,0.18884692218021923
0.3858437970336558,0.19163516441155348
0.36661696850644077,0.1858414355336726
0.38527144381399225,0.19037144439223558
0.37962563859780524,0.1895879488697029
0.5521018082122087,0.23105985328651596
0.5096911412440556,0.22374105772440012
0.47406391984228496,0.21380879551311333
0.497247758283223,0.22077858438312115
0.4491771539206195,0.2075353866106659
0.4107234968661894,0.19843072217161653
0.4915948869779044,0.2196460821684804
0.4746292069728168,0.21476706661780937
0.33381618275732927,0.17538647999255164
0.32532274362108804,0.17316394439631916
0.2880067269168533,0.1607929911180247
0.4220363055659584,0.20108829107049225
0.3637834667646498,0.18475194662429947
0.35756530832879924,0.18292251996987982
0.3451219253679666,0.1793937955212804
0.40223712381907983,0.1955989221627961
0.5260915341186113,0.22740045550545807
0.4932836822803683,0.22029890435855454
0.423732166957554,0.20265637105999482
0.4525688767038107,0.20910346660016846
0.39488839112216556,0.1935952643984317
0.4780279958451396,0.21668415329941995
0.4457854311374283,0.2070126932808317
0.4418284212237053,0.20640288439602514
0.4350449756573229,0.2055317288463015
0.5046035570692688,0.22221653551238374
0.45822881409826105,0.21145613105664088
0.5085605669829919,0.2235232688369692
0.54644893690689,0.23092917995405743
0.5176122271606334,0.22639862662327584
0.44635071826796024,0.20727403994574878
0.46501225966464343,0.21197882438647508
0.500081260025014,0.22195518884746665
0.5571893923869955,0.23306351105088036
0.22522452498215811,0.13827089779657536
0.23314561089873587,0.1388812511536005
0.2902608093498491,0.1610537933107232
0.26368524812571986,0.1521239044538372
0.26198938673412425,0.15181900001143392
0.3083570636160004,0.16706531107603498
0.3162710834434465,0.16941743106028886
0.32250337405756035,0.17177063998897987
0.2964860338748313,0.16345001554468186
0.3564347340677355,0.18257405774999033
0.4288197511323408,0.20348396883223233
0.3677475427675045,0.186407686640993
0.365486394245377,0.18553653109126936
0.40394005129980715,0.1967755266271416
0.358695882589863,0.18327098218976928
0.4101582097356576,0.19725466217948961
0.38753965842525134,0.19172227996652585
0.4859420156725857,0.21777309773657452
0.45596766557613355,0.2114125732791547
0.534012620035189,0.2280108088624832
0.3089223507465323,0.16741377329592444
0.3298521067544746,0.17442766441563703
0.3145822881409826,0.16898239775764562
0.3852785099031239,0.19141737552412258
0.3598335229400583,0.18370710443684965
0.3021389051801499,0.1642776133169193
0.3247645225796878,0.1724675644287588
0.2744257036058253,0.1553036222103285
0.29026787543898075,0.16166414666774834
0.29423195144183545,0.1620131533598564
0.37057397842016376,0.18701749552579952
0.3581305954593311,0.18318386663479688
0.32137279979649663,0.1717270822114937
0.35926116972039485,0.18348877107720016
0.3790603514672734,0.18910881331735488
0.377922711117078,0.18906471106765013
0.28630379943612605,0.16018263776099959
0.3338091166681977,0.17538593552033305
0.38810494555578323,0.19202718440892913
0.37509627546441865,0.18849845996032974
0.382445008161333,0.19032788661474942
0.34059962832371166,0.1781741777516673
0.37283512694229126,0.1878886510755232
0.34682485284869385,0.1796121288809299
0.4028094770387433,0.19607860218736267
0.41694165530203997,0.19965033994122966
0.4316461867850001,0.20431156660446978
0.4011065495580161,0.1955553643853099
0.4129846453883169,0.19895341550145074
0.4225945266073586,0.20139265104067697
0.4446619229654962,0.2069696799755641
0.44182842122370525,0.2057495177337324
0.454271804184538,0.2106720910618896
