0.5227878673818261,0.311376484435873
0.1410244346162291,0.17714314133984674
0.43489852890436315,0.29478727460613063
0.4826071955082965,0.3089394952503579
0.4838618612966971,0.3100447057653307
0.4599918446723754,0.3056183376528645
0.4386311596248549,0.30472864318831133
0.40350051754963767,0.29323445383259383
0.12085568206768922,0.15568547919164902
0.23766506696778644,0.23528274047999295
0.23895109940089707,0.23528826653256782
0.24396976255449954,0.23926702438647005
0.18747843543176188,0.20721039339968284
0.12214171450079986,0.15569100524422388
0.1397697688278285,0.16984875194102597
0.24776512656441144,0.24369339249893626
0.13346507324111542,0.166306552240538
0.17116778018255388,0.2058841407817154
0.23521846868040527,0.2324202452462133
0.19372039772905492,0.2125098778189776
0.15482575828863587,0.18930045700454795
0.1422791004046297,0.17758522554583586
0.22769047395000158,0.22932565580428937
0.16862708196104262,0.19416338327042845
0.3042878203318592,0.26293510756461347
0.28794579843794116,0.2591718657611308
0.26787114582353133,0.25143539215632105
0.20378909068096987,0.2248937616392483
0.2828957686396287,0.2551875818546538
0.30300178789874854,0.2629295815120386
0.32436247294626896,0.2686822022424722
0.3231078071578684,0.26868220224247213
0.34446849220538883,0.2764242018998569
0.23393243624729465,0.23241471919363843
0.26533044760202007,0.24700902404385477
0.2892318308710518,0.2591773918137057
0.3557604843009944,0.27752941241482976
0.3093378501301716,0.26493001254413934
0.2665851133904207,0.2514298661037462
0.3193438097926665,0.26602969700653734
0.324362472946269,0.27067158116942325
0.30805181769706097,0.26492448649156447
0.3206298422257772,0.2660352230591122
0.3030017878987485,0.2622664552030548
0.35579185094570437,0.27797702267339375
0.40723314827012963,0.2945551803979864
0.2464790941313008,0.2436878664463614
0.340704494840187,0.2737716966639221
0.37081647376180177,0.2837185912986776
0.39217715880932225,0.2883660015141385
0.32564850537937967,0.2706771072219981
0.3721025061949124,0.28372411735125247
0.3808851667137167,0.28726079099916557
0.3607791474545969,0.281508170268732
0.3457545246384995,0.27642972795243176
0.36206517988770753,0.28151369632130685
