0.44556519724713084,0.2967084562345466
0.4117431298925686,0.2811689467287136
0.5141359639385721,0.30921882158719577
0.48129844306522146,0.30163838834385326
0.35187884286831217,0.26071465083433987
0.5180065829480411,0.31187310915142313
0.40306560747483133,0.27511444485253744
0.3904981612146601,0.27056315576237877
0.4271966486809973,0.2883669505227167
0.5044835474561056,0.30656832045315996
0.32862617156205054,0.236447419737146
0.527649347014025,0.31565575291271136
0.4774278240557524,0.3004986728562179
0.49868244515014337,0.30656453402296846
0.5518189978861209,0.33043797638024835
0.3750253375932665,0.26903722439521244
0.3015897529946623,0.22054062650273942
0.3325354002374495,0.2535052877497624
0.278423953436743,0.2182687683878516
0.3054700244206138,0.22433462955460215
0.4358934759316995,0.28950666601035213
0.4726016158145192,0.29822681474133
0.2407119622397467,0.17583424523193775
0.2581249215741161,0.19629611398669444
0.261020646518856,0.19970390115902625
0.33254505265393197,0.2557809322948418
0.3035395411241205,0.22282005747801023
0.6193859132633855,0.33233119147598833
0.271638304649569,0.2072767615419858
0.21270064960762927,0.1701470270843351
0.3160973349678092,0.2273675601379775
0.3808457447321937,0.27018451274323074
0.3982007895676683,0.2720701549785877
0.357650987924827,0.26373622212714076
0.31995830156079574,0.23607634957838097
0.3189641026631017,0.2334144891537707
0.2639260238800784,0.20463004683814143
0.2436462968504165,0.1853154664314031
