0.3530218130171494,0.15913834004576832
0.5300344118540712,0.20792904002469728
0.5939401219606982,0.2206936467170231
0.49440719045230036,0.19969553113537158
0.600151214307417,0.22326301111648927
0.40788292903526685,0.1768249755940328
0.4157969488627129,0.18109363778767873
0.4248627412186177,0.18680134005502438
0.4644399064449799,0.19459872669726963
0.435023777389928,0.18871679331997926
0.37621271754721913,0.16602155783302236
0.41410108747111735,0.17704276448146375
0.3179457465676472,0.15055527999211607
0.37564036432755565,0.16554187780845575
0.2987118519513005,0.13722551113690698
0.38355438415500176,0.17163996665652134
0.3807208824132108,0.1702455733047449
0.35187004048869075,0.15430179332814634
0.39996184311868915,0.1741674066951571
0.3479130305749677,0.15190611556640626
0.28853668360172696,0.13204213561605127
0.3026688618650236,0.13879359112640957
0.2619399241102027,0.11919041336875306
0.28400732046834043,0.1279036022826453
0.2772168088128264,0.12537670671622814
0.2704192310681807,0.12167320668546545
0.28626140290133617,0.12899200224758134
0.2540188381936249,0.10429310899626
0.2738180199405035,0.12472279558171682
0.2573893627094212,0.10799388666592981
0.4757385829664855,0.19603558888209507
0.4898778273189138,0.19803979111867806
0.31398167056479254,0.14158183335774382
0.294182488817914,0.13408880668568326
0.3128510963037288,0.13962173337086564
0.40220885946255325,0.17451477997060938
0.4644257742667166,0.19263753776595424
0.35187710657782245,0.1581789799966352
0.4118258067707266,0.17704167553702657
0.42314568155962723,0.18479604887400422
0.31680810621745187,0.14458732000429048
0.46612870174744386,0.19503375999991288
0.6991117925961517,0.23611527783600603
0.6295532111842057,0.2267046200101163
0.6312561386649331,0.2291008422440749
0.600716501437949,0.22578936221068788
0.5978829996961581,0.22082323110504448
0.49949477462708713,0.2046611177687964
0.5164604546321747,0.20670887778286556
0.6391701584923792,0.23445844887487538
0.5057058669738059,0.20531393995887054
0.5362455042007899,0.2148541821727817
0.48310851393079474,0.19795376450814284
0.56509634612531,0.2157705289166473
0.573575653083288,0.21873245778570774
0.357551176150536,0.16249283338442297
0.39373661859370696,0.17373128444807667
0.4830943817525314,0.19708152001398205
0.3931642653740434,0.17333871997848244
0.36208053928392253,0.1653681911707296
0.49894361967481854,0.20156960451171457
0.3795973742412787,0.16632591780320705
