0.38268935628034484,0.23304341899500566
0.38755417418750787,0.24214599717532304
0.4484223125259409,0.26753779803938643
0.3817627242980281,0.23078670660088374
0.3460294784799375,0.22964320468305685
0.491906448779452,0.2864888811477427
0.42134728429262275,0.2493440009693261
0.38271831352979224,0.23343342130472808
0.2870725186050328,0.18190389282887984
0.4396965280257913,0.25540607570588525
0.3305276976090965,0.20273683174240156
0.49089294504879294,0.2732174433266061
0.5990965338172412,0.3012748910454713
0.4078532060501347,0.24367192854248942
0.32669568826555734,0.20047633291808814
0.3576123782588972,0.2304004907213528
0.3305566548585439,0.2042627631095679
0.42330672483856335,0.24935536025990052
0.30348162662522565,0.1978068996330949
0.3382399783785871,0.20916997663772569
0.2580380498257739,0.14135879833851442
0.255142324881034,0.13908694022362655
0.26095307960347874,0.1462887304478211
0.2706054960859451,0.15310430479248469
0.28704356135558545,0.16106716748516664
0.28317294234611645,0.15424780671031155
