0.24551126687912042,0.10211304223307659
0.2789197362935536,0.12023743344507719
0.48816783374905487,0.19490254219523576
0.30041477943202777,0.13918615559600378
0.33322969735940244,0.15543538448722424
0.3275626938758206,0.15099140223919646
0.26646222115445767,0.11892906670383598
0.3830032292027331,0.17290423114805778
0.37846679998021493,0.16449649114878737
0.42824739791267724,0.1844486755985519
0.44293779721737414,0.19133025996915018
0.5605811151701867,0.21215577785751272
0.38185852276340615,0.16876515334243328
0.4983571342768917,0.20448634218663309
0.2619328580210711,0.10795196230509937
0.29984242621236423,0.13696416447198992
0.29080489821298605,0.1348739356248717
0.4802679460998721,0.19394536003497687
0.35358710014768124,0.16092420892270182
0.4706439327025671,0.19350869331567788
0.5679227817779692,0.21729505112866365
0.4898778273189138,0.19760421334381623
0.5962012704828257,0.22182614893166386
0.5452971643784313,0.21123943111364712
0.5662339864755053,0.21699069115847897
0.5962083365719575,0.2231334267284679
0.5594434748199912,0.21154542450048758
0.5153298803711109,0.20771070666504776
0.4078758629461352,0.17320913559046106
0.5650963461253099,0.21259081116015596
0.5413401544647085,0.2080597133571558
0.49327661619123664,0.20178630445470835
0.4220221733876951,0.18183466447716237
0.3264250535256252,0.14859518000523783
0.3077564460398104,0.14362850442737585
0.6516135414532119,0.23084369781574082
0.40956465824859917,0.18113610662072774
