0.44008309720818817,0.1681989022351129
0.5820196295956077,0.19486007336218675
0.5910642236841175,0.19808334889616425
0.4740285893966267,0.18392543779649914
0.4734491700878315,0.1761710644595215
0.4638463549579215,0.17604093559928152
0.540181315847118,0.19316077556800698
0.5198239130588393,0.18401309782369007
0.6035146727340819,0.20527147112582156
0.4270814932059553,0.16780688223773726
0.3914542718041846,0.15382374672023547
0.3891860571929254,0.15286493114332086
0.36882865440464657,0.14593870005079923
0.3558129182241504,0.13517884006727499
0.5565817087216738,0.19442449558732489
0.5203962662785028,0.19028596225391897
0.5718585934242975,0.1948176045291377
0.3965418559789713,0.1563936555919202
0.40560058224574447,0.1594437889603902
0.3925848460652483,0.15408509338515256
0.44293073112824244,0.16911524897897848
0.4078546646787402,0.16432171556662406
0.40559351615661277,0.15709112450391777
0.4451848135612383,0.1736447133653229
0.3699733608439737,0.15264768672810852
0.33207085874181214,0.1283402690019443
0.3558341164915454,0.14018961789484172
0.3394195914387264,0.12969056010401595
0.3309261523024851,0.1276858133952144
0.2692815907179853,0.10634032453811061
0.31283696412546547,0.12463676897118163
0.32357035351643926,0.1250282444963387
0.32528034708629816,0.12677164454022316
0.30943110916401095,0.11801489784884472
0.3478988983967043,0.1345690311824684
0.29190014202839154,0.11413771118035587
