0.0015618931136215262,0.013054718428560529
0.3928202500681779,0.16165100563000345
0.12274771982888044,0.07895660536841596
0.8970169769792932,0.25065292492963986
0.38626691017875,0.16011854280024024
0.9332765873048666,0.25213057537801065
0.6613226232091255,0.2151712008817864
0.8379955980508013,0.2439489611675542
0.5131879422953493,0.18950262567845094
0.24274628740486087,0.11899185224976082
0.026665124056184073,0.036837700459943605
0.5517697323295346,0.19832348141155437
0.6582346475823714,0.21414575257990315
0.18140272876775718,0.10466904622754968
0.8734866577966562,0.24715769057481426
0.6482104341071177,0.21412378037529328
0.002724360298715501,0.015601761588034398
0.8568980857856706,0.24590062846017932
1.3773307880260371e-05,0.008589241920351784
0.24544861041096794,0.11930064441562242
0.5031554648353678,0.18846607314413044
0.0023359530164921583,0.014675542597292571
0.5243746229556968,0.19081473643474295
0.28827257927227345,0.13234425861174576
0.6725037945463208,0.21811492502556148
0.9197759909206354,0.25210844566655766
0.6968109282934044,0.2239366929595466
0.6647907421333753,0.21547983554080494
5.509323152104149e-06,0.004068559263642909
0.4294682676759747,0.16882890748292187
0.24660556827290978,0.1236887850638781
0.8761862261411875,0.24771999000461584
0.849570685993372,0.24564704244281785
0.2527760102032664,0.12496774062970134
0.073739535729338,0.05708118871359514
2.7546615760520743e-06,0.0021720981195179254
0.4256172507926539,0.16705396286823437
0.28055126287459947,0.13105404130664214
0.8688560716873128,0.24712453538434553
0.38973227444142355,0.16086811786646596
0.46419353150368725,0.17643696052429628
0.0015646477751975786,0.014631440681229698
0.2392699044958832,0.11720556714237147
0.16365168957167764,0.09491118228495338
0.5513758157241593,0.19360434013256264
0.888915517284124,0.2491092791140178
0.11849727701703211,0.07378541944977976
1.1018646304208297e-05,0.007288156643075555
0.8966313243586459,0.2504544663073569
0.7550610019806014,0.23434521767091332
8.263984728156224e-06,0.0057445108274535375
0.9105175733635243,0.25144683817219304
0.3291710396919185,0.15114325160749523
0.6184958996862441,0.209415349561631
0.8264232647698065,0.24230608604079076
0.36157687847259523,0.15409839499739375
0.31527928136388805,0.13987497579316713
0.7323019880392593,0.22969230801943744
0.668641759016696,0.21680273551584803
0.4422058228036394,0.1740883759871053
0.005432192627974692,0.021456527205645108
0.642039992176761,0.21213919415246407
0.30215882827715196,0.13943372037227378
0.40439258334917266,0.16315054952956257
0.1304635269034023,0.08190048701903414
0.8160078893507537,0.24093884788942022
0.8788857944857182,0.24889971625929763
0.4090259241200924,0.16381223577734874
0.42908536971690336,0.16790284599902308
0.2049275386272419,0.10637799547498593
0.8009674371455093,0.23916374576788968
0.7242005283440902,0.2268256047219293
0.903573071530297,0.25113804600633144
0.5170472231633982,0.18981141784431266
0.22307249442869698,0.11603686636670539
0.772803777191953,0.23466503531579067
0.7373182267692502,0.23091621494360362
0.8345247244649756,0.24314410119940683
0.8082975915993837,0.24031047433894584
0.9093606155015825,0.2514137617351459
0.7944058332713532,0.23767514859392472
0.6609369705884782,0.21471915624214205
0.8368386401888592,0.24329845790562687
0.5887951385732506,0.20530268838192517
0.17599808275554304,0.10071074175406396
0.012762347081849257,0.023551446972053008
0.14745152484291546,0.09232011596283815
0.8399266158156138,0.244290829770463
0.8298941383556321,0.24235018795685362
0.7986507667600495,0.23909751414037383
0.8665421559634289,0.2466724907447011
0.8433974894014393,0.24495235851140607
0.00040218059010360284,0.010783390997901144
0.4356497282526356,0.17301890452258073
0.2751521261855374,0.1269635885918109
0.2778516945300685,0.12788972882913116
0.4869497907834533,0.18276566423273977
0.061007489924825284,0.05007985203177134
0.12352177973175107,0.08023563968766077
0.013539161646295945,0.02746564952947587
0.21149740648612617,0.11127370192507229
0.7122425424424481,0.2259434876472503
0.4888918271945701,0.18722035152219743
0.7905520617264563,0.23688139285821458
0.8028957002487456,0.24016706435832
0.4148052041066495,0.164892575214046
0.6701926334840131,0.21729911833181992
0.8368386401888593,0.24336461077972116
0.015470179411108448,0.02883288768084641
0.5243746229556968,0.1901532076937999
0.00039942592852755076,0.0086002673993675
0.0007878332107508932,0.011367741385734181
0.8896868225254184,0.2494179925264579
0.8904581277667131,0.2496715785438194
0.8773431840031292,0.24777511739969443
0.7454196864644191,0.2324488352802099
0.10962451208056836,0.07343252536785526
0.18911578118070302,0.1046910971855811
0.13201440137071963,0.08707167293767039
0.4352530569856841,0.16994248086350927
0.8781144892444237,0.24831536587146458
0.0343891951154341,0.044357392162349234
0.08030940358822221,0.06506402928808246
0.7249718335853848,0.22829199343101972
0.41751028177433264,0.1667670641535611
0.9047300293922388,0.2511711224433786
0.7909349596855275,0.2369143905418402
0.6242889529806815,0.2102094203110273
0.6289140297668729,0.21115753275295748
0.26203993708352963,0.12599334643842772
0.46766440508951285,0.17805770593960676
0.8630712823776034,0.24647403212241817
0.8534272121998451,0.24570216983789642
0.898173934841235,0.250686001366687
0.6590059528236658,0.2143883131182489
0.7658620300203017,0.2344886276515392
0.8152393387710349,0.24055303487729163
0.597290514873795,0.20690169785289045
0.42869971709625626,0.16782566764591308
0.04596152839642886,0.04898817210237221
0.48386456981827497,0.180295956933219
0.91398844694935,0.2518327299377432
0.8557383732621527,0.24575721847955348
0.9016448084270606,0.2510718931322371
0.6744403216342855,0.22133460115841572
0.1192740915814788,0.0758032396164992
0.20686957503835862,0.10810938944756131
0.21226871172742076,0.1144600653606147
0.098443340743373,0.07137083954533759
0.11927133691990273,0.07423754284284574
0.9074323523983461,0.2513476088610516
0.3762316780571923,0.15760449732439194
0.6590059528236657,0.21432216024415465
0.5293881070241115,0.1914652396966703
0.12429583963462172,0.08032392227320807
0.16557719801333806,0.09765644780644553
0.3156649339845353,0.14376696988571544
0.8341363171827524,0.24301171669779664
0.77550610019806,0.23664970029204144
0.8908437803873605,0.25017875057854244
0.20724696367427778,0.10855017234792541
0.5378779740015043,0.19357126369551542
0.01701554455527366,0.031820871247527444
0.07837287650025758,0.060466168278263566
0.5752945421890193,0.20184060921756836
0.8846733384570038,0.24899902432386065
0.8684676644050893,0.24708035471486112
0.5718209139416176,0.20019773409080485
0.5617967004663642,0.19841168524368014
0.6443456439159165,0.21283356307018966
0.062167202448343215,0.05488703963604578
0.2531644174854898,0.1252103799214687
0.0007905878723269453,0.01170960998864297
0.6960396230521098,0.22336336805072934
0.008517413593153014,0.023220603848159944
0.44645075629233577,0.17586355686205746
0.6478192721633184,0.21363850179175856
0.8225667385633336,0.24096097760087318
0.8302797909762794,0.24251557014208938
0.14358673465171437,0.08715995552321765
0.702984124885337,0.22509444700961853
0.8746408609970221,0.24733401948564418
