0.5170045434953117,0.19485952888996813
0.45255474452554745,0.18139963117451913
0.6046805774408037,0.22025806894216124
0.5548999795083415,0.20448743113107024
0.45991054331159337,0.18253267786137842
0.6527299835360121,0.22757577555983993
0.6889224920683149,0.23053879337333752
0.5696115770804333,0.2080602578293744
0.2760862345517626,0.11522774456194759
0.4231386154704955,0.17137970893604138
0.36998749302223694,0.1590953267405007
0.47911617357141334,0.18971862220216143
0.5911136863080391,0.2169041200757252
0.5198521774153658,0.1986506889479218
0.42708855929508693,0.17203253112611555
0.43049441425654145,0.17495199116212698
0.46779629878251283,0.18309675107982454
0.3903307636322525,0.16048863114784
0.48589961913779584,0.1900670844220509
0.3529864825714912,0.14628607332625157
0.35300061474975447,0.15443246666060487
0.4180298330283138,0.1692437444225627
0.4061588032871446,0.1647137355639997
0.47855088644088156,0.18810698443517268
0.3954183478070392,0.16358123334935898
0.3213233371725751,0.1361365666997524
0.40219472728429007,0.16401626665200222
0.4067170243285449,0.16636838663625608
0.30604645246995144,0.12907911780255368
0.3529935486606229,0.14667863779584575
0.3863596215402661,0.16022619553848574
0.3043505910783558,0.12859998225020566
0.29134192098699135,0.12472279558171684
0.3281209149172208,0.14376026670427156
0.501727658792688,0.19459709328061386
0.43726372764466054,0.17778215775429168
0.582033761773871,0.20823339999488194
0.544703612891373,0.20265637105999484
0.49948064244882384,0.19429327778264774
0.4508306187774253,0.1782177355291535
0.5300202796758079,0.19917283780553738
0.5531970520276142,0.20378996221907272
0.2822973268984814,0.12376452447702085
0.47289801513556295,0.18366409113158205
0.5673292302909109,0.207666604415343
0.5351007977614629,0.20078393110030757
0.3473477434444358,0.1455902378309098
0.5515082567251504,0.20313714002899858
