0.1963117192147531,0.37855792909913516
0.20880428316478286,0.407250443846286
0.17251635930993456,0.3636676020846457
0.28078524687685896,0.4565603344596529
0.4009518143961927,0.5036366760208464
0.13622843545508626,0.3235209896340416
0.16061867935752527,0.34992268484050165
0.25639500297442,0.43244945879388347
0.24509220701963116,0.4244888608899834
0.18441403926234384,0.3659584216253364
0.4134443783462225,0.5140026344424717
0.07555026769779892,0.26155432105835863
0.026769779892920884,0.20416929156405703
0.0511600237953599,0.2282801672298265
0.05116002379535991,0.2374434453925892
0.593694229625223,0.5439550999370024
0.4497323022010708,0.5140599049309891
0.36585365853658536,0.49223984880591026
0.29327781082688875,0.46692629288127824
0.4973230220107079,0.5312410514861692
0.35336109458655557,0.4818738903842849
0.5812016656751933,0.5335891415153772
0.1719214753123141,0.3590286925147471
0.06305770374776919,0.24775213332569726
0.13622843545508628,0.3407021361892217
0.19690660321237358,0.39121470706145123
0.07555026769779893,0.276444648072848
0.09994051160023795,0.30971880190138024
0.2688875669244497,0.4405245976748181
0.2325996430696014,0.4232861806311207
0.31707317073170727,0.47379875150335027
0.14812611540749554,0.3429929557299124
