0.21944768872887324,0.16559952442436793
0.23973706817501758,0.1769663878591902
0.2349108599337844,0.17469452974430236
0.22524879103483555,0.17393345727581494
0.300672773428828,0.2451713548983154
0.3142054613372458,0.2584314334288776
0.3673420140732232,0.2883631640925252
0.36636712000849414,0.2860875195474458
0.35960077605428525,0.2834332319832185
0.2948813235393481,0.24479271187916743
0.31131938880898835,0.2580565768399211
0.30744876979951935,0.2542663602182498
0.32580766594917043,0.2656332236530721
0.3103444947442593,0.2569168613522857
0.26396463354600824,0.2216841284205663
0.2620244978330325,0.2175152687797471
0.2591191204718102,0.21448233819637183
0.2610496037683034,0.21523962423466775
0.24076022432215904,0.20122225966580964
0.24655167421163887,0.20463004683814146
0.24075057190567656,0.20121847323561817
0.29005511529811495,0.24327813980257548
0.2726711132131929,0.23948792318090426
0.24753622069285047,0.21221048008148394
0.30164766749355704,0.2500975005774306
0.26783525255547724,0.2303967042911613
0.4581229910908196,0.3042851030476976
0.48227333712995046,0.3103509642144482
0.4581133386743371,0.2993589573685825
0.4861246513064546,0.3107258208034047
0.4262507118657156,0.29821924188094706
0.46006312680379535,0.306939390611925
0.48710919778766615,0.3126266087595276
0.5035279582243414,0.31906732651523473
0.39629926352062234,0.291013665226561
0.348027528691808,0.28078651727937415
0.40403084912307796,0.2910174516567525
0.4069265740678179,0.29328930977164036
0.3306338741904036,0.2686623678062559
0.39438808505709405,0.2883707369529082
0.35381897858128786,0.2807865172793742
0.3151803554019749,0.25843521985906903
0.3277381492456637,0.26639050969136807
0.33160876825513275,0.27283122744707516
0.32194669935618386,0.2648759376147762
0.3393403538575882,0.2728350138772666
0.3422360788023282,0.2754855150113025
0.34706228704356135,0.27813601614533834
0.34416656209882146,0.27700008708789436
0.316155249466704,0.2607108644041484
