0.9467771836890978,0.25213065413143215
0.7674073951644668,0.23623073208944415
0.8580550436476124,0.24659523363816954
0.8055952685932767,0.24131371417595462
0.8684704190666654,0.24745529975481706
0.9332765873048666,0.2521085244199792
0.7022155743056185,0.23016624611027017
0.9332765873048666,0.25213057537801065
0.7195754515578986,0.23237149942025678
0.7762801601009305,0.23838077925093062
0.8318251561204446,0.2429456425771239
0.7261315461089026,0.23241560133631967
0.888915517284124,0.24813903696063466
0.7539040441186595,0.23623057458260105
0.7959539530770946,0.23902041454068532
0.768950005647056,0.2382814711863676
0.8893011699047711,0.2498590116870866
0.8009674371455091,0.2394945101383612
0.7778227705835196,0.23884384936959077
0.9109032259841716,0.24994737302605544
0.7380895320105447,0.23372771209261162
0.91823062577647,0.2511712011968001
0.8364529875682121,0.24483099948881162
0.8673134612047234,0.24723479017450273
0.6721264059104018,0.22616376096730004
0.8252690615694407,0.2420084768607879
