0.15729821015962295,0.08677852666906596
0.1273238600631708,0.07083529116468597
0.0005864853979268093,0.008887420023836995
0.180503246867956,0.0942726422855637
0.15617470198769084,0.08203127339529065
0.005695267840108534,0.02121590446908242
0.08942842405014095,0.06190431336336279
0.26026526098600195,0.13408880668568326
0.9445806629404818,0.30446777568397965
0.21501402618692628,0.11108812228410452
0.04247426177033797,0.03864173782464837
0.0317126080228376,0.030625473350535025
0.17992382755916078,0.088652600045409
0.0028688321874492124,0.019430035592148932
0.0458730506426608,0.042998060045485204
0.03342260159269649,0.03528724448599373
0.9100840157997748,0.30076427565321695
0.012492845584754206,0.025790560049568756
0.24723539262724262,0.11945121556145157
0.1850255439122109,0.10411669999744096
0.41465224242338594,0.17839196663909818
0.47970265896934033,0.20461701551909164
0.2653528451607888,0.13609246445004766
0.25515647854382034,0.1272050444262107
0.9016047088417969,0.3005029289882999
0.04814126525391991,0.04382620228994126
0.8529688173486616,0.2948823422759266
0.36603754919764564,0.1650197289508401
0.5430572141236989,0.22221762445682092
0.1550370616374955,0.08020130226865238
0.629588541629864,0.2460034377975881
0.7466524402738814,0.2729695133670652
0.8246903286438051,0.28965432003314745
0.3207792483094381,0.1543453511056325
0.43956020661244627,0.19185404224342156
0.7426883642710265,0.2727947377849019
0.8020717773333988,0.2856900178096863
0.13582436528854375,0.0788951134162855
0.4225803944290954,0.18649480219596531
0.7913313218532934,0.2836863600453219
0.470085711661167,0.1965147244344431
0.2495248055058966,0.1271631200653802
0.4389949194819144,0.19011173114397423
0.8071593615081856,0.2860820378070619
0.7285561860077299,0.2710524266854546
0.8320461274298511,0.2914407333822996
0.8354378502130422,0.2915278489372719
0.5702051285674917,0.22927507335401964
0.5051617781106692,0.20954067779168603
0.4604687643529936,0.19490254219523573
0.8507076688265341,0.2931835889539654
0.3762197836363508,0.17521279335482545
0.7398619286183672,0.27109598446294075
0.82921262568806,0.29043836002789875
0.4095717243377309,0.177956933336455
0.7907589686336299,0.28333735335321386
0.2823326573441397,0.14301978448700645
0.4859278834943225,0.20757948886037067
0.797549480289144,0.28455751559504555
0.18333674860974689,0.09871608006137292
0.5306138311628664,0.2180355333459288
0.816776308816359,0.2880862400436449
0.5882943167445113,0.23689768441410158
0.7811490874145883,0.28207417780611455
0.5786915016146014,0.2308436978157408
0.8671080617010899,0.2967994289575372
0.7998106288112713,0.28499309336990736
0.8744567943980041,0.29732212228737137
0.786801958719907,0.2829453333558382
0.8405254343878289,0.2926167933744265
0.8196027444690184,0.28812979782113113
0.7172504433970927,0.26708866893421196
0.8196027444690184,0.2891751844807995
0.8416560086488927,0.29270390892939885
0.24497424410511512,0.11243841338617619
0.7115905060026424,0.2656942755824355
0.7602263974957775,0.27745650892036056
0.649938878329011,0.25005431110380305
0.6646504759011028,0.25567435334395777
0.724033888963475,0.2690487689210902
0.5085676330721237,0.21071782672825012
0.832046127429851,0.291310060049841
0.8003759159418032,0.28529799781231063
0.6143116569272402,0.24312753553906286
0.6267621059772047,0.24417401114316845
0.5950918944891571,0.23990426000508536
0.5945266073586252,0.23720367780094206
0.6499530105072744,0.2531480022497592
0.809985797160845,0.2870838666892441
0.836003137343574,0.2918327533796752
0.7704015658453512,0.2784583378025428
0.7834102359367158,0.2823790822485178
0.812819298902636,0.2876942200462693
0.7540082390599271,0.2766289111481231
0.5521088743013405,0.22831625777710507
0.7636181202789688,0.2781969911376257
0.8405254343878289,0.2926167933744265
0.5492753725595495,0.22243541334425182
0.6957554002586186,0.2632980533484769
0.7918966089838253,0.2843397267076146
0.6759632846008718,0.25802701780043025
0.39827304781622525,0.17543112671447492
0.6448512941542243,0.2475279600096045
0.7981147674196758,0.28494953559242114
0.8552370319599207,0.29488288674814517
0.801506490202867,0.28542867114476916
0.6652157630316348,0.257634453330836
0.5260915341186113,0.21459446892452036
0.6086658517110533,0.24212625112909927
0.4152316617321812,0.18017892446046888
0.27552801351036244,0.13626669555999238
0.5786773694363381,0.22984077998912145
0.7715321401064148,0.27937305112975264
0.5130757979381152,0.2143320333151661
0.30947350569880083,0.15364842666585357
0.8077246486387175,0.2866047311368961
0.6380678485878419,0.2464825733499361
0.7065029218278557,0.26482312003271186
0.4327626288678006,0.1898057377571338
0.8314808402993191,0.2907873667200068
0.8382642858657015,0.2923118889320232
0.6833120172977859,0.25959509778993284
0.5832067325697246,0.23419710220995826
0.6878413804311725,0.2612072800291401
0.6109199341440491,0.2425177266542563
0.6799273606037265,0.25881160226740013
0.6946248259975549,0.2612943955841125
0.762487546017905,0.2781098755826533
0.3609428989337271,0.16388668226398082
0.618275732930095,0.24386856222854655
0.36772634450010966,0.1681989022351129
0.8727609330064084,0.29688654451250956
0.7477830145349449,0.2747989400214848
0.6601281788568479,0.25423694668691377
0.2987189180404321,0.14371616445456678
0.47744857653634454,0.20104582223744322
0.8122540117721041,0.2870844111614627
0.7590958232347139,0.2770209311454988
0.5345849732548527,0.22204393781909476
0.5000741939358824,0.20819038668961437
0.47462214088368515,0.2006538022400676
0.5730315642201511,0.22979776668385382
0.7217656743522158,0.2681335111216617
0.8235597543827413,0.2895672044781751
0.7517470905377996,0.27628044892823367
0.7002776973028735,0.2639514200107696
0.06625165169833451,0.058114786722064896
0.7794461599338609,0.2798957444595868
0.7783155856727971,0.2795472822396973
0.793592470375421,0.28451395781755934
0.32417803718176086,0.15634955334221548
0.7590958232347139,0.2774129511428744
