0.34447891125698665,0.1268571266785398
0.4298937966803514,0.1612721266703727
0.34845005334897294,0.12986370226952354
0.3043223267218293,0.10581708673605783
0.3020611781997018,0.1044232378565
0.3382466206428728,0.11705553779971153
0.3167939740391886,0.11701415791109966
0.3167869079500569,0.11662159344150544
0.36261049596879613,0.14088599786240208
0.3037570395912974,0.10472814229890327
0.33939839317133147,0.12097737119012371
0.368821588315515,0.14110324227761442
0.5560376198585368,0.20074200673947712
0.38749726189046146,0.1564807711468926
0.43158965807194694,0.16340645776719562
0.5560234876802735,0.1963415822689355
0.43667724224673365,0.1655843466415048
0.4548017608694116,0.17320968006267964
0.4943859921849054,0.18592964003308213
0.44235131181944737,0.16854790892722094
0.5034517845408102,0.1906790711957318
0.35297941648235953,0.14036167111591216
0.39937535772076227,0.15831074227353087
0.4287773545975509,0.16101186894989278
0.38578726832060256,0.14885707114237348
0.4785508864408815,0.17913408227301908
0.43386493877233767,0.1649756267011354
0.46497692921898515,0.17551824226944732
0.38352611979847506,0.14850860892248402
0.3722274432769695,0.14807357561984077
0.5345284445417995,0.191723368910963
0.5390507415860543,0.19385770000778593
0.5413118901081817,0.1956871266622056
0.6120151779594547,0.21032580673087445
0.5679015835105744,0.20649108889543463
0.6074787487369365,0.20962779334665838
0.4813773220935408,0.1823138000295104
