0.2948813235393482,0.2444140688600194
0.0010038513141765039,0.017054081582424906
0.8909083889151653,0.43808618672401833
9.652416482466385e-06,0.00606207473655912
0.16729568247410737,0.1553648036167981
0.20982422949585422,0.18681489278722901
0.0638603874479976,0.07427461463606728
2.8957249447399156e-05,0.011749292884161742
0.006804953620138801,0.025766657453019863
0.19724713081920056,0.17733745801795525
0.12189071534058554,0.13111650467056166
0.0658101755774558,0.0901851943006653
0.03579116031698535,0.03524409222229374
0.68421154235963,0.4077417351694995
0.2543025646470593,0.2243308431244107
0.17696740378953868,0.15991609270695678
0.663931815329968,0.40281558949038426
0.17696740378953865,0.1640811659175845
0.010675572629607824,0.025770443883211345
0.03872549492765513,0.05040495870897875
0.22820243047847025,0.2027330453122101
0.4050347004372546,0.30920746229662127
0.09963224293201804,0.1072392758830902
0.7489213424580846,0.41873752844555673
0.7798283800349419,0.42404610357401135
0.24173511838688813,0.22432327026402774
0.747956100809838,0.4176015993881128
0.4175828418644609,0.31905218079446873
0.41760214669742574,0.32208889780803546
0.3064642233183078,0.2599384326450865
0.10063609424619455,0.1307302887910307
0.26397428596249073,0.23456177750178905
0.5306319437071072,0.3717289976183354
0.472678835146379,0.3486166277295428
0.7392689259756183,0.4160870273115209
0.23300933388673847,0.20537597358586293
0.5403036650225386,0.37779485878508595
0.3644752463779309,0.29746195584265106
0.2571982895917993,0.2303891314307783
0.23883939344214813,0.20804162044066468
0.401173733844268,0.30920746229662127
0.3122942828737175,0.2713128689402917
0.37702338780513717,0.3035202441490187
0.4533546973484812,0.34103619448620026
0.2059439580699027,0.17961310256303456
0.3345141456163551,0.27889330218363423
0.560593044468683,0.38348207693268854
0.33742917539406,0.2868523784461247
0.14507581973146974,0.1474057273543076
0.4446675225142615,0.3368711212755725
0.026129091418036505,0.03183251861977046
0.4204978716421656,0.3224675408271835
0.46204187218270104,0.34330805260108815
0.48717676470304355,0.3558184179537373
0.49200297294427686,0.3569543470111813
0.592465323693787,0.39030522413773505
0.14504686248202237,0.14285065183395745
0.5190490439281475,0.36377749421622785
0.5905348403972936,0.3884120090419952
0.5403036650225386,0.37703757274679
0.4175828418644608,0.3198094668327646
0.7469908591615915,0.4164656703306689
0.5219447688728873,0.37135035459918736
0.411810696807946,0.3186811106357037
0.5219447688728874,0.3683212104460035
0.47557456009111887,0.3542962730167625
0.5460951149120183,0.37930943086167784
0.5489908398567583,0.3796880738808258
0.5364426984295521,0.37514435765105003
0.4059999420855012,0.3148871075838409
0.49393345624077006,0.3580902760686252
0.43306531790233693,0.33042661708967397
0.5808631190818623,0.3865112210858724
0.7643652088300309,0.4191161714647047
0.03970038899238424,0.061768035713609566
0.5316164901883187,0.3736297855744582
0.49489869788901664,0.36376992135584485
0.5702454609511494,0.38613257806672435
0.60018725687976,0.39257708225262294
0.3296493277091921,0.2762276553288324
0.46688738525689916,0.345208840557211
0.38667580428760345,0.3091998894362383
0.5383731817260453,0.37590164368934603
0.21466974257005236,0.19893904226034734
0.7267014797154469,0.4119143812405102
0.5692802193029026,0.38348207693268854
0.43982200944006344,0.3323198321854139
0.5209795272246409,0.36756392440770763
0.2852096022239168,0.23494042052093694
0.5596278028204363,0.3827247908943926
0.4437022808660149,0.3327060480649448
0.772106446848969,0.4236674605548634
0.4282198048281388,0.3251180419612193
