0.4009284526834165,0.2642668862351557
0.1220162479219598,0.12207050137875011
0.2665223801010006,0.2162731196224601
0.20118565917003858,0.18818419438442544
0.2765283397634955,0.21670967777587435
0.15090492769988398,0.12826520631517288
0.1660550170948214,0.15392266842026736
0.12828957686396286,0.12737551185061977
0.41466704306640323,0.27773940241267464
0.23631630124525582,0.19326816275330047
0.3393243624729463,0.24390890854935596
0.2300429723032527,0.18906836279640368
0.12697217778614223,0.12316465978857324
0.47620839998745335,0.2890236017705473
0.4486371192873499,0.2848293278662254
0.5013958156895957,0.30340791662291877
0.3217590414353377,0.23506722442957323
0.2777830055518961,0.21980426721779833
0.59179448574386,0.33524903155928626
0.3393870957623663,0.2465724658904405
0.3494557887142813,0.2580721812987329
0.48878642451616955,0.2956603909129592
0.7034911075562247,0.34851708379153523
0.47125247012327093,0.2883715275667133
0.330541701954142,0.2410353612104266
0.2803864370628274,0.23087295052525134
0.5892851541670588,0.3230917158945851
0.5440858191399266,0.3107078320743144
0.5805024936482546,0.32198650537961226
0.16596091716069133,0.14373815352479263
0.41347511056742264,0.26448792833815027
0.16985038110473324,0.17426406794834245
0.19748439509425675,0.17935356236979239
0.2413976976882783,0.21361508833395043
