0.11445688654684609,0.139085217256757
0.8543019353219786,0.4126635020805588
0.10194159530754995,0.12737551185061974
0.03400144286565666,0.050861787899050076
0.9510053009629561,0.42262697487303896
3.136664471001537e-05,0.022330778455026224
0.8593205984755812,0.41531600731649365
0.10696025846115242,0.13201739601350565
0.09817759794234812,0.12604925923265234
0.8492832721683762,0.41155829156558604
0.1748376776136257,0.18420543653052315
0.28286440199491864,0.22865700344273077
0.010162792886044979,0.041578019573278224
0.6810012232991436,0.38146893529545045
0.797810608199241,0.40094274456927187
0.06166682349989021,0.08557645017434698
0.16730968288322198,0.1733743734837893
0.29672845895674543,0.2536458131862667
0.1534456259213952,0.15059598477019911
0.24146043097769831,0.2264465824127851
0.22383237665066968,0.20963633048004823
0.5943351839653712,0.36222169417719846
0.5340484928327216,0.3401064317725919
0.07804021203851824,0.11321776515381768
0.67344186192403,0.3799161145219136
0.16097362065179885,0.15722724786003614
0.3255857720899596,0.2666872972629462
0.2941563940905242,0.2290990876487199
0.29541105987892474,0.24147744541641575
0.7199272293842727,0.39075822967379714
0.4549418148740629,0.3124651167931213
0.4160471754336438,0.3000867590254255
0.6772058592892318,0.3805792408308973
0.5491358489382391,0.34674322091500387
0.41604717543364383,0.2894767380816862
0.8229039239672532,0.40580567083515234
0.19873906088265741,0.19195296224048278
0.46121514381606604,0.31533866413205064
0.7123678680091591,0.3892054089002603
0.6068818418493773,0.362442736280193
0.7349832188450801,0.3936317770127265
0.48511652708509767,0.3195495161940972
0.23512436874627524,0.2151623830549124
0.6583858724632226,0.37704256718298423
0.7487845425174869,0.3951790717336885
0.03531884194347731,0.05772514519703141
0.6659138671936262,0.37947403031592447
0.6231924970985854,0.36487419941313326
0.5805338602929644,0.3571377258083234
0.6935165145384398,0.3819054934488647
0.6496032119444183,0.37151651460812
0.3670524763965999,0.2762031597968624
0.5642232050437564,0.349180210100519
0.7337285530566795,0.39230552439475913
0.6332611900505003,0.37151098855554515
0.2942191273799442,0.23994120280060346
0.4976631849691039,0.32905432662286355
0.7337285530566795,0.39186344018877
0.3996737868950158,0.28725526494659076
0.3545058185125937,0.27001398091301443
0.6131551707913805,0.3637689888981604
0.44490448856685805,0.31224407469012666
0.6508578777328189,0.37328485143207657
0.6269878611084971,0.3701847359375778
0.21003105297826297,0.20256298318422203
0.6998212101251529,0.3850056089433635
0.5893165208117688,0.35824293632329623
0.4298484991060506,0.3091494852482028
0.6646592014052257,0.3783688198009516
0.37580377027069417,0.28260785473113
0.4436498227784574,0.3095915694541919
0.16480035130642076,0.17027978404186536
0.7563439038926005,0.39673189250722535
0.7663812301998055,0.40048960825813296
0.5792791945045639,0.35603251529335056
0.6182052005896929,0.36465868336271356
0.5378124901979235,0.343643105420505
0.4084564474138202,0.2879183912555745
0.5064458454879082,0.33369621078574946
0.4888805244502996,0.3224230635330266
0.3971644553182146,0.2857079702256288
0.5202471691603149,0.3363487160216843
0.3821084658574072,0.2854869281226342
0.5227565007371161,0.33878017915462455
0.4888805244502995,0.3241914003569831
