0.5541858787365516,0.33392830499389375
0.13468837238480602,0.17116395245384364
0.2276591073052916,0.21804698249899152
0.19873906088265736,0.1875321201805914
0.4173018412220445,0.28837152756671325
0.21254038455506413,0.19018462541652625
0.1332768733728553,0.09819242820276193
0.27038047740033255,0.2264576345179348
0.4273391675292494,0.30517072739430046
0.6320065242620997,0.357806378169882
0.3130077475612434,0.2529771608247081
0.25275242307330387,0.2248992876918231
0.2929017283021235,0.24921391902122558
0.19619836266114615,0.182663667862136
0.4649791411812678,0.30914948524820274
0.4838932279414071,0.3193340001436774
0.47128383676798097,0.3133548112576744
0.3532511527241931,0.2806240018567537
0.5579498761017535,0.3383491470537851
0.5302531288228098,0.32772254795232125
0.6722185627803394,0.37174308276368956
0.522693767447696,0.3224120114278768
0.5993852137636838,0.3527224098010069
0.3369091308302751,0.26182989704964055
0.6646278347605157,0.3586905465818603
0.5704651673410496,0.3394488315161831
0.5717511997741602,0.3407806101867254
0.5215018349487155,0.32043368460607535
0.5905398199554593,0.3463011367090147
0.33436843260876387,0.2589508236581363
0.21260311784448419,0.21229988782113277
0.31805777735955587,0.252982686877283
0.4788431981430946,0.31866534778211886
0.3269031711677802,0.25874083366029144
0.27411310812082434,0.23927255043904488
0.19497506351745553,0.17404855189792276
0.3419591606285876,0.2647089704411448
0.3934631912424328,0.2830665170948437
0.5315391612559205,0.32905432662286355
0.40597848248172896,0.28571349627820364
0.2514350239954832,0.21914114090881462
0.2728270756877137,0.2304253402666873
0.2138891502775948,0.21606312962461527
0.18365170477714002,0.17360094163935874
0.5353031586211223,0.33369621078574946
0.38712712901100965,0.28261338078370485
