0.11445688654684609,0.139085217256757
0.8543019353219786,0.4126635020805588
0.10194159530754995,0.12737551185061974
0.03400144286565666,0.050861787899050076
0.9510053009629561,0.42262697487303896
3.136664471001537e-05,0.022330778455026224
0.8593205984755812,0.41531600731649365
0.10696025846115242,0.13201739601350565
0.09817759794234812,0.12604925923265234
0.8492832721683762,0.41155829156558604
0.1748376776136257,0.18420543653052315
0.010162792886044979,0.041578019573278224
0.6659138671936262,0.37947403031592447
0.7550892381041999,0.3951845977862634
0.6558765408864213,0.37593735666801137
0.771399893353408,0.3991633556401656
0.24898842570810206,0.22821491923674164
0.7136539004422697,0.38921093495283515
0.40221448511652713,0.29411309619199727
0.8279225871208558,0.4084581760710872
0.7236912267494746,0.3898740612618189
0.7576299363257112,0.3967374185598002
0.2740817414761143,0.23948806648946458
0.6985979109814623,0.3863373876139058
0.5616825068222452,0.348732599841955
0.6973118785483516,0.3863318615613309
0.3230764405131583,0.26359270782102223
0.7500705749505976,0.39474251358027423
0.1497443618456134,0.17160603665983276
0.6646592014052257,0.3783688198009516
0.5014271823343057,0.3308226634468201
0.4486684859320599,0.31113886417515385
0.5792791945045639,0.35603251529335056
0.2175590477086666,0.20322610949320571
0.6583858724632226,0.37704256718298423
0.06794015244189329,0.07341913450964573
0.5227565007371161,0.3381170528456408
0.4047551833380384,0.2976552958924852
0.031460744644145416,0.05063521974348065
0.5454032182177472,0.3414437364957091
0.6772058592892318,0.3805792408308973
0.7337285530566795,0.39230552439475913
0.11828361720146796,0.15523234288051016
0.5553778112355321,0.3443062317294888
0.6056271760609767,0.362442736280193
0.549104482293529,0.34408518962649415
0.07549951381700701,0.09309740772873713
0.2640444151689094,0.23440409812058954
0.67344186192403,0.3799161145219136
0.5943351839653712,0.36222169417719846
0.5277751638907187,0.34143268439055935
0.3356858316865845,0.26935085460403074
0.15473165835450584,0.1784528158000895
0.6332611900505003,0.37151098855554515
0.09309620149932561,0.09973419687114903
0.7249458925378751,0.3898740612618189
0.6470938803676171,0.3737269356380657
0.7186725635958721,0.38965301915882433
0.6294971926852984,0.36797431490763205
0.5868071892349676,0.3584639784262908
0.51020984285311,0.33590663181569513
0.4888805244502996,0.32352827404799933
0.28916909758163173,0.24435651880791995
0.4762711332768733,0.3173280430590017
0.47633386656629345,0.3173390951641515
0.5240111665255167,0.33988538966959736
0.31303911420595343,0.2624874973060494
0.4536871490856623,0.3173280430590017
0.3419591606285876,0.27222440194296016
0.6885292180295473,0.3839003984283907
0.6068818418493773,0.36443211520714414
0.412283178068442,0.30074988533440916
0.36203381324299744,0.2876973491525799
0.6131551707913804,0.36575836782511156
0.4411404912016561,0.3098126115571864
0.05536212791317713,0.06810859798520125
0.6571312066748219,0.3759373566680114
0.569241868197359,0.34873812589452985
0.5905711866001693,0.3593481468382691
0.22514977572849035,0.21937323511695894
0.42984849910605066,0.30760219052724075
0.3532511527241931,0.2804029597537591
0.5717511997741601,0.3516116732334592
0.24271509676609893,0.22335199297086117
0.5805338602929644,0.3571377258083234
0.49640851918070317,0.32794911610789074
0.5051911796995074,0.3321489160647875
0.21887644678648727,0.21384718254209473
0.30049245632194727,0.2525406026712938
0.5905711866001693,0.35868502052928536
0.6445531821461058,0.372616199070518
0.38712712901100965,0.29300235962444954
0.634547222483611,0.37151651460812
0.5780245287161633,0.354264178469394
0.19494369687274554,0.1985786992777449
0.6194598663780935,0.3664270201866701
