0.022646717480631094,0.02299943081658479
0.9522913333960668,0.42263250092561383
0.7927605784009285,0.4040318079586209
0.830463285342367,0.410010996844624
0.6985979109814623,0.3863373876139058
0.8894953106866159,0.4135587225976868
0.6659138671936262,0.37947403031592447
0.6973118785483516,0.3863318615613309
0.7136539004422697,0.38921093495283515
0.0377654402308585,0.050861787899050076
0.634547222483611,0.37151651460812
0.6282738935416078,0.37019026199015265
0.781468586305323,0.4020424290316698
0.6898152504626579,0.38390592448096555
0.5290611963238292,0.33436486314730807
0.6470938803676171,0.3737269356380657
0.9170979580314295,0.422179364614475
0.8505379379567768,0.4104530810506131
0.6207458988112041,0.366432546239245
0.11693485147893731,0.09155563906035002
0.2904237633700323,0.2317571189372296
0.6194598663780935,0.3664270201866701
0.028982779712054197,0.03583092489541946
0.6332611900505003,0.37151098855554515
0.696057212759951,0.3852266510463581
0.6458078479345064,0.3737214095854908
0.6671998996267369,0.37947955636849934
0.6445531821461058,0.3717320306585397
0.31683447821586525,0.2496725813849393
0.08305887519212068,0.08050353391062164
0.6458078479345064,0.3717320306585397
0.08556820676892193,0.09067147064837176
0.5215332015934255,0.3321544421173624
0.7249458925378753,0.390316145467808
0.12828957686396286,0.11079735412602718
0.6269878611084971,0.3701847359375778
0.8229039239672532,0.40624775504114147
0.40720178162541953,0.2810660860627429
0.6810012232991436,0.38146893529545045
0.7061259057118661,0.3867794718198949
0.1823656723440294,0.16917457352689255
0.5780245287161633,0.3529379258514266
0.0628587559988708,0.05705096678289797
0.3846491640789185,0.2731140964075133
0.24641636084188073,0.1957106779913904
0.5554405445249521,0.34785395748255155
0.5177378375835137,0.3306016213438256
0.3971958219629247,0.2808505700123232
0.6182052005896929,0.36465868336271356
0.5454032182177472,0.3463066627615896
0.7437658793638845,0.39606324014566674
0.7676672626329162,0.4004951343107078
0.7123678680091591,0.3892054089002603
0.44995451836517053,0.30959709550676673
0.6131551707913805,0.3637689888981604
0.5277751638907185,0.33281204237377127
0.5968445155421724,0.36067439945623647
0.6571312066748219,0.3759373566680114
0.16981901446002323,0.15745934206818044
0.07797747874909822,0.06634578721381956
0.4600232113170855,0.31070783207431446
0.7739092249302093,0.4018158608761004
0.6093911734261785,0.3628848204861822
0.3482324895705907,0.25078331795248704
0.7287412565477871,0.39209000834433944
0.3494871553589913,0.26515105464713395
0.3557604843009944,0.2682456440890579
0.232615037169474,0.19195296224048278
0.7663812301998055,0.40048960825813296
0.5441485524293466,0.3438751996286493
0.7638718986230043,0.3980581451251928
0.5479125497945485,0.3474118732765624
0.4210658385872463,0.2989815485104526
0.2627897493805088,0.20832112996723054
0.5868071892349676,0.3584639784262908
0.357015150089395,0.2684666861920525
0.5115272419309307,0.33017058924298615
0.43486716225965305,0.3025182221583657
0.6885292180295473,0.3839003984283907
0.4863711928734983,0.3261807792839342
0.5667325366205577,0.3509485469244755
0.6872745522411468,0.3827951879134178
0.7425112135754839,0.39495802963069393
0.5805338602929644,0.3571377258083234
0.27282707568771375,0.22688866661877422
0.4838618612966971,0.3182232635761298
0.5604592076785546,0.3496222943065081
0.35701515008939494,0.27089814932499273
0.20877638718986233,0.18907941490155336
0.5378124901979235,0.343643105420505
0.5341112261221417,0.3423279049076874
0.3017471221103479,0.24613038168445137
0.5905711866001693,0.3593481468382691
0.5302844954675199,0.33988538966959736
0.46629654025908857,0.31203408469228183
0.6068818418493773,0.362442736280193
0.46880587183588973,0.3131392952072547
0.2062670556130611,0.18355336232668917
0.6044352435619962,0.3615696199733645
0.13086164173018414,0.1439647216803621
0.5704965339857595,0.35161167323345927
0.5077318779210188,0.3281756842634601
