0.11075562247106427,0.12296019584330325
0.19494369687274554,0.1859792994070546
0.21376368369875476,0.20719934129453307
0.48630845958407826,0.30826531683622443
0.13462563909538597,0.15192223738816651
0.1371349706721872,0.1541326584181122
0.11828361720146796,0.13334917468404794
0.23515573539098522,0.21870458275540033
0.38085380006900665,0.2773083703118352
0.2678397791788213,0.24236713988096883
0.2954424265236347,0.2432513082929471
0.22009974593017784,0.21516790910748726
0.26529908095731003,0.23175159288465472
0.5139424735736018,0.3199860743475114
0.5026504814779963,0.31910190593553306
0.5767698629277627,0.33613872602383943
0.7274552241146764,0.3679908930653567
0.6508578777328189,0.35294897795657637
0.1434710329036103,0.18486856283950687
0.19999372667105797,0.18974254121053713
0.6119318716476899,0.3471963572261427
0.5478184498604184,0.328385674261305
0.4449358552115681,0.2981029061510491
0.5629371726106459,0.33259652632335146
0.3846491640789185,0.28107161211531767
0.4725698692010916,0.3071711584264013
0.5716884664847401,0.3343593370947332
0.6307518584736992,0.35117511508004495
0.5227878673818261,0.3215444211736231
0.5315705279006305,0.3241969264095579
0.5541858787365516,0.3295074629340024
0.49634578589128314,0.3188753377799637
0.49512248674759257,0.3168914849055874
0.29920642388883667,0.2638082238714419
0.2966657256673254,0.2456772453733125
0.33311376682036326,0.26956084460187557
0.3594931150214861,0.27575554953829834
0.3833003983563878,0.27840252872165827
0.3306358018882721,0.2669138654185156
0.44615915435525866,0.3056128116002896
0.3268718045230702,0.26602969700653734
0.3884131614441204,0.28217682263029054
0.4888491578055895,0.3129127270516852
0.3934004579530128,0.2854869281226342
0.23891973275618708,0.22688314056619935
0.4084878140585303,0.287039748896171
0.2929330949468336,0.24280922408695801
0.3946551237414134,0.28548692812263426
0.4085505473479502,0.2969976956360763
0.10946959003795365,0.1125656909499837
0.10815219096013298,0.06569371300998558
0.6847338540196356,0.3573698200164678
0.716163232019071,0.3648963036234327
0.5868071892349676,0.34674874696757874
0.6521125435212196,0.35692773581047865
0.6269878611084972,0.34741739932913734
