0.4338932031288643,0.18719227110796285
0.582634379350061,0.22352490225362495
0.49666833897442786,0.20200409334213926
0.4961030518438959,0.2011764955699018
0.4503006620925516,0.19298654445806232
0.4045053384303389,0.18566829336816504
0.5582987683806643,0.21616145996958577
0.44294486330650573,0.19167926666125826
0.46159933861405733,0.19451052219786014
0.49440012436316877,0.20052258443539048
0.4740568537531532,0.198606586698217
0.6024194289186762,0.2284469311095636
0.4310597013870733,0.18632057108602063
0.5594434748199913,0.21934226667051426
0.569053356039033,0.22134592443487866
0.5430289497671723,0.21359100662568242
0.5520876760339455,0.2138098844575505
0.5040100055822103,0.20265691553221343
0.4610340514835255,0.19381359775808119
0.4757385829664856,0.19925886441607257
0.3586888165007313,0.16937550669945842
0.40392591912154374,0.1834457577719326
0.5119381575879197,0.20566349112319718
0.40108535129062123,0.17895821774641857
0.5990347722246168,0.22600824004255596
0.48649317062485425,0.19978264669034396
0.4344655563485278,0.1880204133524189
0.5560517520368001,0.21516072003184072
0.46557754679517527,0.1965593711563664
0.5210039499438245,0.21089205783819484
0.38527144381399225,0.1743857400548066
0.3790462192890101,0.1733833667004058
0.3422742914479123,0.15839731335628462
0.31287936066025535,0.15081826007368887
0.3304103277958748,0.15621996895419407
0.33888256866472116,0.15630654003694788
0.30042891161029106,0.1482908200350531
0.2936454660439087,0.14441417783878285
0.24104549854791868,0.1304299533768439
0.22292804601437244,0.10438022455123239
0.3581305954593311,0.16597854452775476
0.37452392224475517,0.17168461337844465
0.34907893528168965,0.16170933786189023
0.303262413352082,0.14863982672716117
0.26479462411938864,0.1319550200610789
0.3592541036312632,0.16994175780677878
0.2755492117777573,0.1420615133823104
0.35133301771468545,0.16323331560168808
0.32361981614036084,0.15565317337465515
0.3513400838038171,0.16458415117597833
0.26704870655238444,0.1324771689186945
0.32079338048770145,0.15103604896111977
0.35810233110280454,0.16480030664675346
