0.5044545902066582,0.29974138681792195
0.598160249418442,0.32249025940833237
0.49287169042769857,0.2861102381285947
0.5034893485584115,0.2933044554924063
0.5991254910666887,0.32627668959981215
0.3248038146349939,0.2368412084770599
0.3441279524328916,0.2542663602182498
0.4204399571432708,0.26526972635469004
0.37406974836150236,0.2550312191169287
0.37600988407447805,0.26450108102581965
0.44938755417418746,0.275489301441494
0.4928813428441811,0.2872499536162302
0.48704163087228886,0.283823234292941
0.5228231387727916,0.30051003214679234
0.5392225943765022,0.30088488873574876
0.30643526606886035,0.2284997027652299
0.27549927124255563,0.20500490342709796
0.4948021737241919,0.2880034532243346
0.449416511423635,0.27663658978951233
0.43588382351521704,0.26754158446957793
0.421414851208,0.26640944184232546
0.43879885329292195,0.2724715165788845
0.5517900406366734,0.3164168253811989
0.5585467321743999,0.3179313974577908
0.4252565129680215,0.2667805120010905
0.45616355054487895,0.27890466147420867
0.4658256194438277,0.28269487809587995
