0.451417104175352,0.18457880445879188
0.23815546809307453,0.09880210667190811
0.3371937733622572,0.14646302679728918
0.2783261848064951,0.12097573777346797
0.3292373570000212,0.14493523775196132
0.490436048360314,0.19403193111773065
0.43784314695345566,0.18422979776668383
0.5905483991775071,0.21829796895528306
0.37508214328615547,0.16123020230954221
0.3139816705647925,0.13909904004103144
0.3264321196147568,0.14415283117386576
0.5141922400209157,0.19882437558564792
0.5419054415952402,0.20644807559016706
0.3756544965058189,0.16306017343618054
0.6374672310116518,0.22648683112268536
0.5537623391581461,0.20688256442059172
0.38807668119925665,0.16475783781370448
0.42538563181435973,0.173469393310941
0.4717674408744992,0.18497082445616753
0.2398795938411967,0.11278633113384706
0.5192656920174391,0.20209011995267445
0.5175768967149752,0.20056614221287666
0.2834279011595452,0.1255068355764681
0.4129563810317903,0.17164051112873993
0.360363479624932,0.15835375557879844
0.2687304357657167,0.12001855561320911
0.29418955490704557,0.1349169489301393
0.393715420326312,0.1652794421991015
0.2500618282799019,0.11722976890965627
0.3999477109404258,0.16558543558594196
0.5384854544555225,0.20409377771703885
0.4288056189540775,0.17965677560285323
0.4757527151447488,0.19372811561976455
0.4044700079846807,0.17129150443663188
0.3456589481419719,0.1522986800360005
0.4746009426162902,0.19133080444136877
0.40050593198182605,0.17059403552463437
0.3077564460398103,0.13883714890389576
0.21950099278552299,0.09418498225837277
0.2868196239427364,0.12716203112094307
0.3139958027430558,0.14223628896447374
0.343404865708976,0.14925018008418628
0.5441595240282361,0.206578204450407
0.5724380127330926,0.21568286888945631
0.4972336261049597,0.19551398449669805
0.6487941718896841,0.22753385119900948
0.553783537425541,0.21076084003351772
0.6075070130934629,0.22474452002323805
0.6646222115445763,0.23267366894237906
