0.0294161290550519,0.011239540008090857
0.011878095830300802,0.004922573328157217
0.16064753640802423,0.06660800885965193
7.066089131648307e-06,0.002352664456472441
0.9389348577242949,0.30189841128451345
0.01866154139668318,0.005358151103019044
0.0033987888723228353,0.004356322220836843
0.1363260576168908,0.052842662229581075
0.059390479151504014,0.020039300004736908
0.9559005377293824,0.3049480001807648
0.15047236805845068,0.054019811166145154
0.048084736540866736,0.01999574222725073
0.6284297030122737,0.23071248001106368
0.32809265056069414,0.12838219336277473
0.24491771539206192,0.0937477710668552
0.8891683919700959,0.29880417566633877
0.946848877551741,0.30446832015619824
0.596759491524226,0.22204339334687617
0.8851972498781095,0.2971478911774266
0.32357035351643926,0.12494112894136632
0.8529688173486616,0.2948823422759266
0.4677892326933814,0.1794373532987666
0.8671080617010899,0.2967994289575372
0.8229944672522095,0.28926230003577186
0.25909229019014846,0.10372576894450247
0.523787989061694,0.19438039333762017
0.3314914394330171,0.13112687781662283
0.49948770853795554,0.18915400451149678
0.46441870817758507,0.1791776400505052
0.6471124426763518,0.24195256449137306
0.30998226411627944,0.11357091560081692
0.12386147638866317,0.03803083999540466
0.060535185590831035,0.02866482889143823
0.6069417259629312,0.2247009622457519
0.36996629475484205,0.14885761561459207
0.36202401057086936,0.13369733116052618
0.820733318730082,0.2882169133761035
0.5277520650645486,0.19651526890666168
0.10858459168603954,0.035938977731630725
0.18949131224341262,0.07479795997149141
0.28453021106408233,0.10533740671149125
0.532288494287067,0.19817155339557374
0.6753979974703398,0.25397614449421524
0.801506490202867,0.28442684226258697
0.5323026264653302,0.20614371561998238
0.7800255792426561,0.2786772156344109
0.8501423816960023,0.2937498400612858
0.7935924703754208,0.2830765511605153
0.3908960507627843,0.155000351184581
0.3920124928455848,0.1555655133474642
0.5639587057751148,0.21010747337122493
0.821298605860614,0.28834758670856203
0.6720062746871486,0.25253873783717123
0.908953441538711,0.30102562231813407
0.7873672458504387,0.27989628893180535
0.7771920775008652,0.2784588822747614
0.6318355579737281,0.23315280449472706
0.7506023840984728,0.27153156223780256
0.8320461274298511,0.2914407333822996
0.8094275761194448,0.2864746022766561
0.6092240727524537,0.22958106674086007
0.4168992587672502,0.16436527334411025
0.8631439856982352,0.29492590005341274
0.7347602122653173,0.26451767111809
0.36881452222638345,0.13857634671119717
0.5888596038750433,0.22112976896410347
0.43895958903625626,0.1731650333407563
0.5871637424834477,0.21699178010291614
0.7975494802891439,0.28377347560029426
0.5735827191724198,0.2139852045119324
0.7223309614827478,0.26334215559818164
0.8885960387504324,0.29832449564177216
0.7619222588873731,0.2759319867083442
0.5792355904777384,0.21472568672919748
0.5803661647388021,0.21607597783126914
0.7364772719243076,0.26983335338806
0.6284367691014053,0.23197620003038152
0.8552370319599207,0.29488288674814517
0.3891789911037939,0.1517754422339477
0.8495770945654705,0.2934449356188825
0.617131026490768,0.23010321559847569
0.6437136538040289,0.2416035577992651
0.5300273457649396,0.19690837784847445
0.8314808402993191,0.2907873667200068
0.8196027444690183,0.28778133560124164
0.47573858296648563,0.1820971000865166
0.8461853717822794,0.2933578200639102
0.5079740815850651,0.19420725117211257
0.4621504935663259,0.1749084333846408
0.8405254343878289,0.2926167933744265
0.5724380127330927,0.21080439781100385
0.7466524402738811,0.2701818156079495
0.66125168702878,0.24687513781953033
0.224002091562383,0.08786747110622053
0.3145045611605345,0.11509543781283332
0.6329661322347919,0.2385104111255275
0.6759632846008715,0.25415037560416
0.7212003872216842,0.2609900356139278
0.3196204096918479,0.12389628675391649
0.41521752955391783,0.1607075089797081
0.21607393955667353,0.08189896664617635
0.8071664275973175,0.28468873339972267
0.6697309939867578,0.24787696670171255
0.2833996368030186,0.1045098089392538
0.4299079288586147,0.16876515334243325
0.8150804474247635,0.28695373782900413
0.5995929932660169,0.2229586511463046
0.48479024314412705,0.18732457785707715
0.3009094056712432,0.11143440661511966
0.8162110216858273,0.2872586422714074
0.601861207877276,0.22369967783578829
0.773800354717674,0.2766730133978279
0.7036623539969331,0.25602336003606585
0.8456200846517474,0.29270445340161744
0.463274001738258,0.1773035666741622
0.34450010952438154,0.13191146228359268
0.5373760784618539,0.2086689777697438
0.735890786526381,0.2670004644348024
0.4163127733693233,0.162577771050521
0.7064958557387241,0.2596392000396376
0.3580670006571463,0.13282617561080254
0.6578528981564571,0.2432157400384724
