0.30751664504257337,0.10635610202379756
0.34803220750314723,0.12261931359935346
0.3480349621647233,0.1236668128592682
0.37427311367661925,0.1343178193555592
0.4016627137273051,0.13676571195731313
0.3457127824561114,0.11784512367870463
0.34918916536508915,0.12389826916517671
0.3596100501072941,0.12690846119673227
0.27820153655022717,0.09742530651422315
0.2758766021800392,0.09000484412295898
0.33800248470474165,0.11581651429323411
0.41362620895209923,0.14017282123343452
0.44063015638213765,0.14707500735753842
0.33067233025086706,0.11405235889729774
0.41015258070469757,0.1399191564626515
0.38777371006085054,0.13490224849681376
0.43098608620437945,0.14506829142325628
0.4201795488415272,0.1402388953541073
0.42789535591604905,0.14193689787594937
0.4784378865134525,0.1562155232286761
0.4815175981554787,0.1565792065293517
0.4070673597395192,0.13695330260742342
0.5116095212122715,0.16496991107399903
0.5112183592684721,0.16412079168294566
0.5528881249294119,0.1733606943720679
0.5663859666520671,0.17599578385682438
0.5621410331633708,0.17396701696451078
0.4815148434939026,0.15644682202774154
0.5710165527614106,0.17609509192138742
0.4001201032447159,0.1360380303422758
0.4074502576985905,0.13726193726644198
0.46146366188181953,0.15366848006920222
0.4834541252434433,0.16008554511661455
0.39664922965889027,0.1356852150137728
0.5312943328347397,0.17231335261899625
0.5204850408103113,0.16654671208008975
0.5312888235115876,0.17213678744790165
0.5181656157632754,0.16516836969628193
0.4961806617248039,0.16319473019904693
0.5270411353613152,0.16887308815240615
0.4379250787144546,0.14701972245561673
0.47418744370160404,0.15545452891632694
0.44718900559471764,0.15021734763043956
