0.6775728732897086,0.5611935169806996
0.001189767995240928,0.08945650306397113
0.6412849494348603,0.553118378099765
0.4134443783462225,0.4647500143176221
0.013682331945270675,0.12387606666284864
0.06186793575252825,0.14684153255827273
0.7489589530041643,0.5657751560620811
0.24449732302201072,0.34997995532901893
0.4854253420582986,0.4739705629689021
0.000594883997620464,0.04816448084302159
0.49672813801308746,0.4819311608728022
0.36585365853658536,0.43955099937002456
0.6412849494348603,0.5611362464921824
0.3408685306365259,0.39705629689021243
0.20820939916716238,0.3281598992039402
0.1106484235574063,0.21568065975602774
0.6168947055324212,0.5290075024339957
0.3652587745389649,0.41085848462287383
0.496133254015467,0.4795830708435943
0.049970255800118976,0.1353874348548193
0.48483045806067815,0.4647500143176221
0.06246281975014871,0.17897027661645953
0.3045806067816776,0.39470820686100444
0.520523497917906,0.5002577171983277
0.1356335514574658,0.31086421167172557
0.11005353955978583,0.19615142317163967
0.12314098750743604,0.22031956932592633
0.2688875669244497,0.36263673329133495
0.5211183819155264,0.5289502319454785
0.22010707911957167,0.3453410457591203
0.6287923854848303,0.5507702880705573
