0.4834761625360517,0.17594081396858893
0.5293715790546554,0.18230259411407954
0.3573236809991709,0.1522237485510355
0.3661964459356346,0.15395482750992476
0.4854016709777121,0.1768337990154405
0.43448175174438947,0.1683437864062302
0.501216183085827,0.18011947051554592
0.2693480542447958,0.1189364885944176
0.32954567366626175,0.14258716487761208
0.3090950661256512,0.13891536535169194
0.3303169789075563,0.14331484649264944
0.3928174954066018,0.158949684517731
0.46071163927155734,0.17390078533699496
0.3029273788568705,0.13721752033669296
0.35771484294297023,0.15318312273224605
0.42098391002173435,0.16664586263780967
0.38394197580856204,0.15872901743057358
0.3303224882307085,0.1443403735479543
0.3503819338275197,0.15167247460024966
0.3445971445178103,0.1503604425973792
0.340349456367538,0.14507908064200736
0.3191302982472089,0.13915816215030236
0.2940491045972547,0.13173762100561665
0.5432688467058381,0.18542319844263536
0.5239724423655931,0.181971829743608
0.47576035546152984,0.17530125743225572
0.4186672396362745,0.16571964364706784
0.3943656152123432,0.1603941797756331
0.4676561411047846,0.17514674321919257
0.46032598665091007,0.17332746042817765
0.45608656248536594,0.1730739531642377
0.49697400425870686,0.17815693525074813
0.5355502849697401,0.18392357578965468
0.4788455764267081,0.17534535934831857
0.2998394032301162,0.1341523584169019
0.2697502348348994,0.12242101248391364
0.2940463499356787,0.12989628725657024
0.23694772478727125,0.11308180173022843
0.22304770247451247,0.09703925724182995
0.2492968726327127,0.11840734435508471
0.27977444831015286,0.12517730348442152
0.274755454918586,0.12511099310348414
0.28556199228143825,0.12771324241145812
0.2909583743089243,0.12967569892283431
0.2728299464769256,0.12397544751828675
0.22769206189173632,0.11242027298928538
0.2805429988898714,0.12596003374111592
0.32260117183303444,0.14243272941797053
0.3415009049063278,0.1463248022639404
0.3276174105630253,0.14253203748253349
0.36890152360331774,0.15653494710644578
0.4421975588189113,0.1721807318571215
0.4896493591279844,0.17737420499405376
0.3951396751152138,0.16449573672290163
0.5058467691951706,0.1817623456423094
0.5004448778445325,0.1785648779743297
0.5139454742287637,0.18178439660034085
0.5922522388511959,0.18746306956738623
