0.27268037959030816,0.11914685559126688
0.22232036234905067,0.09827886886985536
0.35412412292168655,0.1533865355287179
0.4853555302746589,0.18893621562406587
0.3303749973502165,0.14637318888122394
0.5780908840384111,0.21472459778476033
0.5582917022915326,0.20823339999488194
0.6391772245815109,0.22766398005924945
0.6058040856127358,0.22173848890447287
0.5498194614226863,0.20649163336765325
0.6369160760593835,0.22640080451215017
0.5452900982892998,0.2036162755813466
0.5413260222864451,0.20217832445208397
0.6289808579645423,0.22378570444632348
0.6074999470043314,0.22226118223430708
0.5532182502950093,0.20714554450216457
0.6029776499600764,0.217948962263175
0.28851548533433197,0.1255939511314405
0.25230884462376607,0.10629567781618728
0.3009659343842963,0.13570044445267201
0.3190763208287109,0.14598171335606686
0.466686922788844,0.18706214224772288
0.4638604871361847,0.18684435336029195
0.7030688025098748,0.2350263333988515
0.6374672310116519,0.22683529334257485
0.6877989838963828,0.23389328671199217
0.38129323563287426,0.16384312448649463
0.42936383999547767,0.18065806001281687
0.44802538139216086,0.18279293558185838
0.35300768083888606,0.15168887115119395
0.4926901307933098,0.19159215110628583
0.34905773701429466,0.15003422007893757
0.4740497876640216,0.18832640673925932
0.41523166173218107,0.1745599711647513
0.2771956105454314,0.12123708443838507
0.3580881989245412,0.1546066977705496
0.602405296740413,0.21577052891664728
0.5990277061354852,0.21572806008359827
0.5713074384720289,0.20945410670893225
0.4610411175726571,0.18449277784825666
0.3920336911129797,0.168939384452378
0.354717674408745,0.15434698452228826
0.3829890970244698,0.16676149557806888
0.36714692519131437,0.15569673115214133
0.3111693670903965,0.13883878232055144
0.48082616714127235,0.1884129778220131
0.411818740681595,0.17111727332668714
0.2574034948876845,0.10816920672031172
0.259664643409812,0.11583537555787986
0.4604616982638619,0.18335918668917878
0.42877028850841925,0.17512404438319737
0.5390648737643177,0.20122005334738796
0.5458553854198316,0.20374694891380513
0.5249326955010211,0.20108938001492943
0.5192798241957024,0.19834524003329992
0.6510553204118117,0.2330221311622685
0.7081422545063983,0.24203804662968975
0.6810084722408688,0.2331522600225085
0.7398195320835776,0.246221226685019
0.36884985267204157,0.15892055115833742
0.41239109390125844,0.17246810890097736
0.36827749945237803,0.15752615780656098
0.2885296175125953,0.12716312006538022
0.3711039351050373,0.16035741334316284
0.4265374043428184,0.17473420227469602
0.33660022187519867,0.1497276822198786
0.29532012916810935,0.1346991600427084
0.30210357473449173,0.13805310890914446
0.5232368341094255,0.19865014447570323
0.5006182827990192,0.1966895000166064
0.4627228467859893,0.18623400000326684
0.46782456313903936,0.1882387467120684
0.5441524579391045,0.202178324452084
0.4022159255516849,0.1693755066994584
0.5741409402138198,0.21110984672562574
