0.008894802229072147,0.017189430566297743
0.0826095460042257,0.05350893351250261
0.011985532517402572,0.02036492602966752
0.0015618931136215262,0.013054718428560529
0.15322529550632052,0.08188969780028305
0.15399660074761518,0.08389633498114367
0.9332765873048666,0.25213057537801065
0.0007878332107508932,0.010673136207743968
0.8530415595791977,0.24556986408970782
0.15901559413918206,0.088416938884431
0.7211153073789118,0.2316547645308136
0.689483528501106,0.2280491966324093
0.6983590480991457,0.2296149721594843
0.7222722652408536,0.2324706499779767
0.6860154095768562,0.2279610715537051
0.6863983075359276,0.2279940692373307
0.6860126549152804,0.22785073801012637
0.8626856297569561,0.2464740321224182
0.14781238550937828,0.07680655820692951
0.79942482666292,0.24020014079536717
0.5043206866820379,0.193857768643081
0.825654714190088,0.2427251329968096
0.169433724219811,0.09392983589913292
0.05095848449538732,0.03790709317104668
0.22036190743786171,0.11057893924023895
0.7022155743056185,0.23016624611027017
0.627376928607436,0.21871014338556716
0.6825417813294546,0.22749792268162342
0.6829274339501019,0.22758612651374915
0.6717435079513305,0.2259984575354858
0.7793653810661089,0.23698054341593452
0.21650813589296486,0.10788880111382539
0.5313273887736524,0.20196181073331965
0.6775282972610399,0.22670408819249174
0.7083860162359752,0.23070649458204034
0.7018299216849714,0.23007804227814443
0.6651819040771746,0.2251052362283696
0.6844700444326911,0.22781766157307923
0.18717649943116238,0.09805344380443289
0.23463656372496353,0.11420647934325316
0.6771426446403926,0.22658280792331884
0.7866927808584073,0.23899820607581085
0.03475556510504902,0.03309982681335069
0.015456406103228189,0.021522601326317878
0.738475184631192,0.23373873757162733
0.6362524482054757,0.2204302756188622
0.43526683029356444,0.1779253214379966
0.6910261389836951,0.2283027826497708
0.7793653810661089,0.23780745434211334
0.032821792678660464,0.02970382176966656
0.20261637756493425,0.1057275709664801
0.6809991708468655,0.22727741310130906
0.6173499604706063,0.2176847738371054
0.5386547885659508,0.20224847318772832
0.5834015112073406,0.21058405033729702
0.15978689938047663,0.08846104080049387
0.7095429740979171,0.23091597868333896
0.07218590660044463,0.047808445847690416
0.5822445533453987,0.2105289229422185
0.6609397252500544,0.22439960557136365
0.1265959820506252,0.06983829796215284
0.6551549359403449,0.22339628698093333
0.06832387107081961,0.0460442116983325
0.6065461777693301,0.21474081343306572
0.6713523460075312,0.22563445922112405
0.21727668647268342,0.10826358864693827
0.6898691811217533,0.22824765525469223
0.6690384302836474,0.2252926693716368
0.12852424515386163,0.07164647652073053
0.6821561287088075,0.22735459145441908
0.6192782235738428,0.2177950286272626
0.21457160880500023,0.10628987039628171
0.4657444059710044,0.18419913401162616
0.2269235113120177,0.11234317338959691
0.6663388619391164,0.2251824145814796
0.7191870442756754,0.23147835686656212
0.73307604794213,0.23327566745296718
0.7207296547582647,0.23151143330360927
0.6543836306990503,0.2230655226104618
0.6343241851022393,0.22041925013984648
0.4688296269361829,0.18486066275256918
0.6929599114100836,0.22888729054444693
0.7438743213202541,0.23424590960635033
0.611565171160897,0.216218385128015
0.4472275708567825,0.1809685111531778
0.524380132278849,0.19810273557097538
0.4939025566014088,0.19040663620431827
0.6613253778707016,0.22441063105037937
0.47384311100459764,0.18568757367874802
0.6362524482054757,0.2206177087621294
0.6046179146660937,0.21448722741570422
0.6161930026086645,0.21710042344927238
0.34074061831133734,0.1518268313064697
0.517824037727845,0.19708839150152938
0.047873263530209,0.03770863454876376
0.5617994551279404,0.20725419816770727
0.08800868269328774,0.05538326494517463
0.6015326937009154,0.21414543756621698
0.13007236495960292,0.07324532848485268
0.4923599461188196,0.19037355976727113
0.5236088270375542,0.1979042769486925
0.6709666933868839,0.2254911279939197
0.7203440021376174,0.23150040782459355
0.7056864478914442,0.2304198321276317
0.6053892199073884,0.21463055864290853
0.13894237523449057,0.0763765645253165
0.5510011817498164,0.20551217248322382
0.6289195390900251,0.2190629587140701
0.279785466956457,0.13275212258190577
0.05288674759862377,0.03812760275136103
0.13122932282154479,0.07326737944288411
0.07180025397979732,0.04714691710674735
0.657854504284876,0.22400268832679782
0.583787163827988,0.21079353443859572
0.6215921392977266,0.21801553820757696
0.6597827673881125,0.224190121470065
0.3303279975538605,0.14721818107789972
0.6725148131926251,0.22606461040958012
0.3496216472325293,0.15429685361967665
0.648593332066189,0.22251409115283285
0.5803162902421622,0.210429693631077
0.006580886505188406,0.016472774430276095
0.28210213734191675,0.13384372375788336
0.2199762548172144,0.11056791376122325
0.7122425424424481,0.230993157036449
0.5429024767162232,0.20263452246012154
0.23039438489784334,0.11262983584400556
0.5182096903484924,0.19749633422511093
0.6142647395054279,0.21702324509616236
0.03552687034634361,0.03347469309988509
0.6269967853099407,0.21836851104292299
0.6131077816434861,0.2164940221034079
0.6374094060674176,0.22084924382145946
0.7056864478914441,0.23057418883385175
0.5263083953820855,0.19944784401089294
0.6462794163423053,0.22183051145385835
0.1941237559259657,0.10084304750225255
0.7049151426501495,0.2302434244633802
0.7087716688566225,0.23073957101908749
0.6983590480991456,0.22935036066310707
0.6165786552293118,0.2172988820715553
0.30023056517391555,0.13876116615231499
0.6647962514565273,0.22496190500116525
0.6601684200087599,0.2243003762602222
0.3148908740816647,0.14245485912942352
0.3365011941457931,0.14893823455777325
0.08646607221069859,0.05480994003635731
0.44567669638946505,0.17867497525764392
0.13431454378672308,0.0763214371302379
0.6925742587894362,0.2287990867123212
0.38974329308772776,0.16693244633879686
0.6474363742042472,0.22216127582432987
0.28866098655449685,0.13775784756188467
0.07140909203599792,0.04614344100947396
0.6570831990435814,0.22370500039337343
0.47808528983171783,0.18744062484224716
0.1443415119235526,0.07648681931547369
0.507405907647216,0.19458545025811835
0.8028957002487457,0.24060808351894872
0.5081827222116628,0.1961732767432248
0.5212949113136707,0.19787120051164533
0.5888061572195549,0.211841112451932
0.422920437109699,0.17368035451010225
0.5756884587943948,0.20974611393210246
0.6756000341578035,0.22635127286398876
0.6308533115164137,0.2196143901716991
0.6632536409739381,0.2249178030851024
0.6401089744119487,0.2214335942092925
0.48888907253299396,0.19031843237219256
0.46458193878591064,0.18251207821537824
0.4526267075458446,0.1816741418101837
0.670972202710036,0.2255684638538728
0.5452163924401068,0.20337322955417464
0.2477542621501235,0.11889246543177626
0.02741714666644629,0.023551446972053015
0.5239944796582017,0.1979263279067239
0.32145247795582066,0.14718494713400945
0.7064577531327387,0.23064034170794603
0.6320102693783556,0.2197466959198877
0.6686527776630001,0.22519344006049533
0.5510011817498162,0.20469628703606077
0.6532266728371087,0.22283398755113176
0.5679754063814489,0.20886407561084508
0.29753099682938455,0.13805553549530905
0.4707578900394193,0.18495989206371063
0.6100170513551558,0.21581028489759035
0.3160478319436066,0.14260921583564357
0.5162814272452559,0.19652609207172778
0.6331672272402974,0.22000028193724921
0.2547070279680789,0.12564037360308167
0.3777853071860857,0.16229064091975814
0.5722175852085691,0.20970201201603964
0.3530870114952028,0.15545437140948393
0.6586258095261707,0.22407986667990784
0.6343241851022392,0.2201877150805164
0.6131077816434863,0.2167145316837223
0.6428085427564796,0.22176435857976404
0.2006826051385457,0.10193464867823014
0.6890978758804586,0.22800509471634642
0.26744458309574376,0.13069035800596654
0.06253357243795814,0.04146848039996658
0.17869489643849806,0.09756840148116286
0.6856270022946331,0.22783971253111066
0.5691323642433908,0.20945945147769388
0.3183617476674902,0.14268639418875356
0.6034609568041518,0.2143549216675156
0.6782996025023345,0.22679229202461748
0.4738431110045977,0.18497091754272638
0.5791593323802203,0.2099776489914326
0.3665958718641621,0.16068076347662033
0.33726974472551163,0.15083453819505507
0.6123364764021916,0.21633966539718788
0.5845584690692825,0.21085968731269003
0.2589464521336231,0.12656643508698043
0.5949765991499113,0.2136713419685411
0.6003757358389735,0.21414543756621698
0.14859470939697705,0.08152577823934282
0.4742342729483971,0.18671310073405287
0.6632536409739381,0.22473036994183518
0.5949765991499113,0.213792622237714
0.6505215951694255,0.22252511663184857
0.6084744408725666,0.2149723484923958
0.3391980078287481,0.1516504236422182
0.19103578029921134,0.09829608309620022
0.5656614906575653,0.20761819648206903
0.6458937637216581,0.22180846049582692
0.594590946529264,0.2135390362203525
0.3013957870205855,0.140349071390843
0.24274353274328486,0.11810973517508186
0.6107938659196024,0.2159868500686849
0.6536123254577558,0.22296629329932036
0.6377950586880647,0.2209925750486638
0.704143837408855,0.23018829706830163
0.26203167309880143,0.12743744792922213
0.6617110304913489,0.22469729350478804
0.3692954402086931,0.1611548590742962
0.14781789483253033,0.07989384983817352
0.612722129022839,0.216372741834235
0.5243856416020011,0.1982351988260071
0.07450533164748048,0.05073035529369869
0.4302505915635735,0.17708730627938055
0.6659532093184691,0.2251713891024639
0.5432881293368703,0.20309759257878168
0.49545067640715007,0.19128883203241878
0.4989215499929757,0.1935931571467038
0.3137339162197228,0.14172717751438615
0.41828985100035543,0.1730518234527848
0.29290316538161704,0.13787912783105757
0.49776459213103375,0.19131088299045018
0.37932791766867485,0.1660613547431336
0.6945025218926728,0.229118825603777
0.30717506700714287,0.14128607960033593
0.44953873191909016,0.1812440693751492
0.6385663639293594,0.22129026298208818
0.6547692833196977,0.2230655226104618
0.6042322620454464,0.2144762019366885
0.620820834056432,0.21787220698037263
0.636638100826123,0.220750014510318
0.6547692833196977,0.22338526150191762
0.5525437922324054,0.2061185738290883
0.2886527225697687,0.1347256045722977
0.0941846339467965,0.05791928262563277
0.5857154269312244,0.21181890398705744
0.6003757358389735,0.21401313181802833
0.6570831990435815,0.22390345901565636
0.679070907743629,0.22708997995804187
0.4429798827065102,0.17821198389240528
0.36234818371388977,0.15725168199588896
0.240426862357825,0.11745915315973299
0.1570845763743695,0.08523049669546705
0.15862994151853477,0.08796489424478658
0.3909030056112456,0.1703614490661066
0.4233088443919223,0.17524605128375567
0.5992187779770316,0.21386980059082403
0.6702008974687413,0.22529282687847987
0.5899631150814967,0.21306494062267664
0.6509127571132247,0.2226906563239274
0.6231347497803158,0.21833527709903278
0.3993901179270622,0.17080254698015687
0.0984378314202209,0.06679510824697167
0.09726985491197483,0.058999779569173114
0.27979097627960914,0.13379970059524204
0.488889072532994,0.18896229845325926
0.2832535858807066,0.1345932988241091
0.48155891807911944,0.18877478655657057
