0.4444756639423064,0.13688714973332913
0.5332060679685198,0.157119770014808
0.30094677718368906,0.09458049666790339
0.5845088851609136,0.16426459543067926
0.5324320080656492,0.1568881562020564
0.49192470958980333,0.15188219496181293
0.5463182570705277,0.1584538529757099
0.5486294181328354,0.1599422138894102
0.5011858818084904,0.15544358219073276
0.5266362001096356,0.1562373379264429
0.5632869723790084,0.16215841392499106
0.47302497651651004,0.15074649186977246
0.5000261692849726,0.155178891940934
0.4541142247969126,0.1421241735123735
0.45913321818847946,0.14403173888893575
0.3542054040950799,0.12455987665954132
0.3981835761567513,0.13097709921379672
0.3356885689808579,0.12077797985030707
0.3075249090273015,0.10828579711181277
0.4340602885232535,0.13685399454286043
0.40512532332840256,0.13388782567394622
0.3534368535153614,0.1240748343362713
0.3985692287773986,0.13194734136717992
0.30327997553860525,0.10459218288812581
0.32257362521727395,0.11781204724165747
0.3638577382575664,0.13050292486269935
0.36308092369311973,0.12761409185373823
0.3140782489167294,0.11221078888798673
0.38044080094539984,0.13051395034171506
0.3256588461824523,0.11840742310850623
0.4163175133119021,0.13414164795157235
0.4302010076552045,0.13442831040598097
0.3488035127444418,0.12087728791487008
0.35343134419220923,0.12381006533305099
0.44601551976331955,0.14149572120847756
0.35536236195702176,0.12751470503575368
0.43020376231678054,0.1362806696340431
0.47032816283355516,0.14656791407623698
