0.5309114348756684,0.171640877152459
0.298665917398718,0.1216710436505802
0.39203241685742707,0.1439215628522001
0.3295319003583815,0.12891517713101444
0.24271598612752432,0.0949444162288436
0.268565730357197,0.10374306349707248
0.3924153148164983,0.14552017855605762
0.34650337032843825,0.1325316130015914
0.38315965192096335,0.14387738218271567
0.5339939011792707,0.1728425756117507
0.5806661322623209,0.1805606471830177
0.45298756821230735,0.16151885738865784
0.2716592153071034,0.11216676572534541
0.49155558493861246,0.1668332170276553
0.3160285493125742,0.12541994277618887
0.41981317885191216,0.15386693869148513
0.4919467468824118,0.17160740694830415
0.39434633258131074,0.14977609220954616
0.4174882444817242,0.1498754002741092
0.4360078342575223,0.1575383444502976
0.35230193294602796,0.13542068227081713
0.3372394434481752,0.13059089243456048
0.3368675641354082,0.1295107892581278
0.25043454786362224,0.10253010329850043
0.4757493368152255,0.16547724061556512
0.3738957250407001,0.14116487808458453
0.42829753650615254,0.15596177970447148
0.27783516656061225,0.11718351618434003
0.31178086116230197,0.12188060650530037
0.3252759482233811,0.12721685959548623
0.472655851865319,0.16532264764908045
0.35421642274138415,0.13823178565271746
0.449902347247129,0.15990913745236307
