0.2727858718917087,0.08704985823990356
0.5802749703185216,0.17515800495847297
0.3723641332044152,0.14092263255992488
0.3457348197487198,0.13279630325139016
0.32412725434616735,0.12582788549977042
0.275127334231353,0.10491192177958163
0.3715818093168164,0.13583957171999286
0.5031334275427592,0.16852035157732476
0.5309031708909403,0.1698434878126324
0.27976067500227264,0.11375451345703028
0.45221350830943663,0.15887266367146405
0.3573126623528667,0.13432908109483954
0.45259916093008407,0.15986495678287865
0.32374160172552,0.12352356038548541
0.3638660022422945,0.1353212954528326
0.37814616785254856,0.14415301915810863
0.3719729712606159,0.14039325206032735
0.30869564019712364,0.12310443467604504
0.5266637467253961,0.16904973207692225
0.41170620983359096,0.14871780373088037
0.42212158525264387,0.14956684436851217
0.42830304582930473,0.15843164451083536
0.4255952135000455,0.15021742638386104
0.3387903179154924,0.13038164459352644
0.35229366896129966,0.13427379619291785
0.4745868696301316,0.16025100605527184
0.5401615884480512,0.17030663668471407
0.5405555050534268,0.1728537585976095
0.4742012170094843,0.15993126716381606
0.40398764809749305,0.14775842954966986
0.32257913454042597,0.12313751111309222
0.4904013817382466,0.16535588159297068
0.4888505072709292,0.16243389339354083
0.3283694331732875,0.1279999048658668
0.36463730748358913,0.13570718721838274
