0.14812611540749554,0.3097760723898975
0.17311124330755503,0.36143405303247234
0.24509220701963114,0.41074394364583927
0.3289708506841166,0.4634900635702422
0.22070196311719215,0.4095412633869766
0.14872099940511602,0.3602313727736097
0.4134443783462225,0.5140026344424717
0.3771564544913742,0.49676421739877435
0.0511600237953599,0.19735410343050228
0.038667459845330154,0.16293453983162476
0.06365258774538965,0.22604661817765306
0.4009518143961927,0.5036366760208464
0.4497323022010708,0.5220777733234065
0.12433075550267698,0.3040490235381708
0.01427721594289114,0.13882366416585534
0.24509220701963116,0.4336521390527461
0.013682331945270675,0.09065918332283374
0.3646638905413444,0.486398258977149
0.20880428316478283,0.3935055266021419
0.18500892325996432,0.3774697898173071
0.30517549077929806,0.46005383425920615
0.32956573468173705,0.4841647099249756
0.28138013087447944,0.45089055609644346
0.07555026769779892,0.24895481358455987
0.11183819155264722,0.2891014260351641
0.08804283164782867,0.2593207720061852
0.09994051160023795,0.2661932306282573
